step,system_total_stopped,system_total_waiting_time,system_mean_waiting_time,system_mean_speed,A0_stopped,A0_accumulated_waiting_time,A0_average_speed,B0_stopped,B0_accumulated_waiting_time,B0_average_speed,C0_stopped,C0_accumulated_waiting_time,C0_average_speed,agents_total_stopped,agents_total_accumulated_waiting_time
5.0,0,0.0,0.0,8.61899195704609,0,0.0,1.0,0,0.0,1.0,0,0.0,0.5699097901221157,0,0.0
10.0,0,0.0,0.0,7.63449667597771,0,0.0,0.29045748704160007,0,0.0,0.5501005854640721,0,0.0,0.6717811115471514,0,0.0
15.0,2,0.0,0.0,7.652371949389233,1,0.0,0.43157275251252697,1,0.0,0.44453610847924324,0,0.0,0.9630301941404562,2,0.0
20.0,0,0.0,0.0,11.30243504252947,0,0.0,0.7566105492691729,0,0.0,0.8553095334269085,0,0.0,0.9356965485084819,0,0.0
25.0,1,1.0,0.08333333333333333,10.245928642479196,1,1.0,0.619671656559139,0,0.0,0.9171248294123233,0,0.0,1.0,1,1.0
30.0,1,6.0,0.46153846153846156,10.278289887505615,1,6.0,0.7019453787425048,0,0.0,0.7870277916284705,0,0.0,1.0,1,6.0
35.0,2,11.0,0.7857142857142857,9.07310911269347,2,11.0,0.4764878971872796,0,0.0,0.8878419253522537,0,0.0,1.0,2,11.0
40.0,3,23.0,1.4375,8.199610132578757,2,20.0,0.40457399488453266,1,3.0,0.6764672220943576,0,0.0,1.0,3,23.0
45.0,1,1.0,0.05555555555555555,9.383993623946942,0,1.0,0.7983107374385426,1,3.0,0.716990249512322,0,0.0,0.34600457400253903,1,4.0
50.0,3,7.0,0.3333333333333333,8.62842377112259,2,2.0,0.5573630075844768,1,8.0,0.4677271408505375,0,0.0,0.7581573504347577,3,10.0
55.0,5,14.0,0.6363636363636364,6.912073121783892,3,14.0,0.5168726327271678,1,7.0,0.31229728824297953,1,0.0,0.6928909923949018,5,21.0
60.0,1,3.0,0.13636363636363635,7.881451823022228,1,17.0,0.4159758485460377,0,4.0,0.6099737878461116,0,2.0,0.76472055659844,1,23.0
65.0,2,3.0,0.125,9.338850543572313,0,3.0,0.5450641774196001,2,9.0,0.5593827517138672,0,2.0,0.8638421351803244,2,14.0
70.0,3,17.0,0.6296296296296297,9.775556277182297,0,0.0,0.6374096125062955,3,23.0,0.6472146812541035,0,2.0,0.7970630832786397,3,25.0
75.0,2,3.0,0.1111111111111111,9.220120767439864,0,0.0,0.7294419289190657,1,22.0,0.6347461182695733,1,3.0,0.6425906924845716,2,25.0
80.0,3,10.0,0.37037037037037035,9.677503677481628,1,2.0,0.7681488732231165,0,2.0,0.6664654667163015,2,10.0,0.632986813734083,3,14.0
85.0,3,14.0,0.4827586206896552,9.088035764427824,1,1.0,0.7126741976328741,0,0.0,0.5616676201123095,2,15.0,0.6615724579480678,3,16.0
90.0,4,11.0,0.36666666666666664,8.233505108993501,2,7.0,0.32757396987497284,2,4.0,0.46145642854801205,0,2.0,0.8063376755528748,4,13.0
95.0,8,27.0,0.9,5.952561449950092,0,4.0,0.5964703716402296,6,23.0,0.12223599214019518,2,6.0,0.5438841428972008,8,33.0
100.0,3,13.0,0.4482758620689655,6.78208720608065,0,0.0,0.8560684645093506,3,35.0,0.3217048369734282,0,3.0,0.43180338196637114,3,38.0
105.0,0,0.0,0.0,10.869569364075208,0,2.0,0.9068026514027417,0,14.0,0.6728816997501371,0,2.0,0.7926277653889329,0,18.0
110.0,3,3.0,0.10344827586206896,10.163539809337575,1,4.0,0.6348169443322308,2,15.0,0.6335913097736665,0,2.0,0.9554440193332627,3,21.0
115.0,4,18.0,0.6428571428571429,10.06499805529428,1,9.0,0.6713044710913149,3,25.0,0.6004427417966928,0,0.0,0.9572373586485042,4,34.0
120.0,5,42.0,1.5555555555555556,7.68694153210813,1,12.0,0.10196119514670461,4,44.0,0.31949395573564576,0,0.0,0.6944129030979874,5,56.0
125.0,12,84.0,3.230769230769231,5.518829503493004,3,21.0,0.0,9,78.0,0.16762824924792805,0,0.0,0.3947958251828556,12,99.0
130.0,7,63.0,2.423076923076923,6.06946097006872,2,31.0,0.21978850184240803,5,84.0,0.05223994229924811,0,0.0,0.7707522575560499,7,115.0
135.0,3,46.0,1.9166666666666667,8.696377482272274,2,43.0,0.5756890553219349,1,41.0,0.27095518693610615,0,2.0,0.7749924395317245,3,86.0
140.0,5,55.0,2.5,7.284894357208589,2,53.0,0.5973668573349494,2,40.0,0.024801055428234554,1,2.0,0.7275582932266518,5,95.0
145.0,8,87.0,3.48,7.773093807098047,2,63.0,0.5318552806226393,5,62.0,0.3866836334675306,1,0.0,0.6311053757790318,8,125.0
150.0,2,71.0,2.84,8.947059143060592,2,71.0,0.242200801454392,0,38.0,0.6146317559726522,0,0.0,0.8200405338032655,2,109.0
155.0,5,86.0,2.8666666666666667,9.097716442095162,3,83.0,0.4054798658960513,1,2.0,0.7933126420325802,1,5.0,0.5963751243758755,5,90.0
160.0,3,15.0,0.5,9.369343179914198,0,2.0,0.8249866835815457,1,2.0,0.4145361743230528,2,15.0,0.7062475203157902,3,19.0
165.0,3,15.0,0.45454545454545453,9.263743118485388,0,2.0,0.76354882601946,3,15.0,0.4013914037753036,0,10.0,0.5501502855788845,3,27.0
170.0,4,9.0,0.3103448275862069,7.271285372371211,1,0.0,0.4213833031084828,0,6.0,0.6599200418301049,3,11.0,0.20801774312250135,4,17.0
175.0,8,41.0,1.64,7.459665997668736,3,11.0,0.4867533055869699,0,0.0,0.732758479389022,5,36.0,0.27075310895928767,8,47.0
180.0,6,62.0,2.48,8.048262102343932,0,8.0,0.7660190268683608,1,5.0,0.6346328334140116,5,61.0,0.24995578189930004,6,74.0
185.0,0,0.0,0.0,8.497049581519038,0,2.0,0.7584333460115948,0,0.0,0.409134823236902,0,41.0,0.2670514237496135,0,43.0
190.0,3,10.0,0.37037037037037035,8.847204656936992,0,0.0,0.6381993150399444,2,10.0,0.53128597574388,1,4.0,0.4571533740171527,3,14.0
195.0,3,7.0,0.2413793103448276,9.35185418727684,0,0.0,0.6389815917206845,0,8.0,0.6883700169681214,3,7.0,0.4176270624809423,3,15.0
200.0,3,16.0,0.5161290322580645,10.497085348665937,2,4.0,0.40782099637278635,0,0.0,0.8933242603957156,1,14.0,0.7373366515596645,3,18.0
205.0,6,37.0,1.121212121212121,8.317438084686716,4,19.0,0.4622030129850178,0,0.0,0.5671241884941421,2,20.0,0.599977566500066,6,39.0
210.0,3,31.0,1.0689655172413792,9.208684063541043,0,15.0,0.613257577747313,0,0.0,0.8397146685063046,3,31.0,0.5745567085247718,3,46.0
215.0,5,48.0,1.5,9.132153573016245,0,0.0,0.6547124297036799,1,4.0,0.6460699923069793,4,46.0,0.377148188613515,5,50.0
220.0,3,61.0,1.7941176470588236,10.600734100231373,0,0.0,0.739759231000292,0,2.0,0.9049393268862533,3,61.0,0.39805501285748596,3,63.0
225.0,5,81.0,2.3142857142857145,10.255105148532378,1,3.0,0.699327320730565,1,4.0,0.7994821831628183,3,78.0,0.3641226943468252,5,85.0
230.0,5,98.0,3.0625,9.455725104939479,1,0.0,0.5703210772342652,1,7.0,0.7928985338358757,3,93.0,0.6079285874910589,5,100.0
235.0,1,4.0,0.13333333333333333,9.198475646939945,1,4.0,0.5851816494002821,0,0.0,0.4350806983098687,0,28.0,0.7212732460570018,1,32.0
240.0,7,12.0,0.375,7.050633079399599,0,2.0,0.52846025483122,3,6.0,0.2894320505110252,4,8.0,0.38132830916308963,7,16.0
245.0,7,25.0,0.8333333333333334,6.690295227809428,2,4.0,0.5913231430749887,0,10.0,0.6355342487725075,5,23.0,0.29083150133637486,7,37.0
250.0,4,17.0,0.53125,8.982085770670498,1,9.0,0.7040612776557014,0,2.0,0.9195323680936257,3,25.0,0.5078811042105749,4,36.0
255.0,4,17.0,0.5151515151515151,9.642427308647115,2,14.0,0.6310018050276087,0,4.0,0.7438760705961804,2,9.0,0.6774972789264262,4,27.0
260.0,5,37.0,1.0571428571428572,9.931811641910857,1,19.0,0.5364280129488064,2,9.0,0.6538735528118604,2,13.0,0.7129670694056016,5,41.0
265.0,5,21.0,0.5675675675675675,8.385847309075398,1,3.0,0.5009897678387297,2,19.0,0.6955624413913297,2,3.0,0.37013121729897847,5,25.0
270.0,6,33.0,0.9705882352941176,7.476025278986565,2,13.0,0.6130038342579556,0,11.0,0.5828899521765234,4,20.0,0.16191489306431064,6,44.0
275.0,5,11.0,0.34375,6.83302411504078,2,3.0,0.5333116365479916,1,4.0,0.4910400884057804,2,23.0,0.4802543273127036,5,30.0
280.0,3,14.0,0.4117647058823529,9.146058470086466,2,13.0,0.6453631140593659,1,5.0,0.6882190332787297,0,6.0,0.6641973761841972,3,24.0
285.0,3,13.0,0.3611111111111111,10.640185816607119,0,0.0,0.7874329446262199,2,14.0,0.7795853243044842,1,3.0,0.7762890885987785,3,17.0
290.0,3,11.0,0.3055555555555556,8.822038990211592,1,3.0,0.3752232479429023,1,11.0,0.6984457043405358,1,8.0,0.6925353868382806,3,22.0
295.0,4,15.0,0.39473684210526316,7.624806634169811,2,8.0,0.40802715278651136,0,0.0,0.6598692936696174,2,15.0,0.4882047719372391,4,23.0
300.0,5,25.0,0.625,9.563192592610383,0,2.0,0.8178436291975856,2,3.0,0.6130310665999732,3,25.0,0.6321502667318053,5,30.0
305.0,6,21.0,0.5384615384615384,8.559562741482463,1,4.0,0.5869814877558474,4,20.0,0.5293449115200913,1,2.0,0.6651821371725071,6,26.0
310.0,10,62.0,1.631578947368421,7.161341521105087,3,15.0,0.3531406699722917,5,45.0,0.351721201593603,2,7.0,0.4519127921403298,10,67.0
315.0,5,11.0,0.34375,4.945596481499745,1,10.0,0.33591147413398353,3,42.0,0.1340841608810843,1,6.0,0.3762558158926089,5,58.0
320.0,2,2.0,0.06451612903225806,9.507458985311404,0,4.0,0.727217545281234,0,12.0,0.6167331210262117,2,4.0,0.5686871201713938,2,20.0
325.0,3,9.0,0.28125,11.273214801696177,1,4.0,0.7195810577614026,0,4.0,0.9386810274128994,2,9.0,0.6888433640769931,3,17.0
330.0,4,20.0,0.6060606060606061,10.13237809079989,1,7.0,0.7820999538072438,0,4.0,0.828589349600741,3,15.0,0.5387073271722909,4,26.0
335.0,6,42.0,1.4,8.441294729586064,1,12.0,0.6944440866749264,2,8.0,0.2669584960146541,3,26.0,0.6019927839431951,6,46.0
340.0,7,27.0,0.9642857142857143,5.968711324935451,0,0.0,0.3532305551571197,5,28.0,0.24216172351497328,2,19.0,0.39214729577066876,7,47.0
345.0,12,79.0,2.8214285714285716,6.581309337038965,3,12.0,0.377417254487556,5,53.0,0.19900771471862852,4,18.0,0.22089037816706952,12,83.0
350.0,1,6.0,0.3,5.332720788672525,0,6.0,0.663354562555679,0,37.0,0.10824417900770847,1,23.0,0.29711693652246857,1,66.0
355.0,0,0.0,0.0,9.769284620822301,0,2.0,0.7264756912525187,0,2.0,0.8289043382549298,0,2.0,0.40108583153520216,0,6.0
360.0,1,5.0,0.21739130434782608,11.839147988963798,0,2.0,0.9307728068820748,0,2.0,0.9263797915115195,1,7.0,0.7492658058330838,1,11.0
365.0,1,10.0,0.37037037037037035,9.609357663608057,0,2.0,0.612788491815379,0,2.0,0.7566584480063611,1,12.0,0.6179947406093587,1,16.0
370.0,4,9.0,0.375,7.476390944731264,2,4.0,0.6102493041447064,2,7.0,0.3436911793621982,0,0.0,0.38448886848533115,4,11.0
375.0,10,43.0,1.72,6.495528005671137,1,9.0,0.5687764101614986,6,29.0,0.13398807327425696,3,7.0,0.1407081688480148,10,45.0
380.0,2,18.0,0.72,8.064743019949603,2,18.0,0.4758360194436091,0,22.0,0.42798322229936486,0,6.0,0.5714598567823378,2,46.0
385.0,0,0.0,0.0,9.750981365793852,0,2.0,0.5479606828738781,0,3.0,0.5864232754037736,0,2.0,0.8843688669192588,0,7.0
390.0,4,12.0,0.48,9.089328954801665,1,7.0,0.5285451266689428,2,9.0,0.6163671390583813,1,3.0,0.6755539065652705,4,19.0
395.0,3,7.0,0.28,8.265803663780966,1,4.0,0.5505036127509592,0,3.0,0.7670406582969571,2,7.0,0.514982020669631,3,14.0
400.0,5,24.0,0.8888888888888888,9.24776645283453,1,6.0,0.6145684901355308,2,8.0,0.5498451691480365,2,17.0,0.527142859974995,5,31.0
405.0,6,51.0,1.9615384615384615,9.488118310727161,1,11.0,0.7881274597838543,3,20.0,0.5839207330509608,2,27.0,0.4196026091700789,6,58.0
410.0,0,0.0,0.0,9.013888786569568,0,2.0,0.6423962299619255,0,9.0,0.5725785694843445,0,14.0,0.6376013695252241,0,25.0
415.0,3,12.0,0.6,9.27995438828172,2,9.0,0.4545440576290971,1,5.0,0.5131853084718945,0,2.0,0.9109943871027384,3,16.0
420.0,1,10.0,0.7142857142857143,9.580142297429372,0,11.0,0.5921623962089148,1,10.0,0.0,0,2.0,0.9273266876100296,1,23.0
425.0,1,0.0,0.0,10.494391115122214,0,2.0,0.9111268491602857,0,2.0,0.9271330885186647,1,2.0,0.6910128372508119,1,6.0
430.0,2,2.0,0.125,9.481005811130423,1,4.0,0.4126113895372459,0,2.0,0.9477495453009742,1,0.0,0.609839307479838,2,6.0
435.0,3,14.0,0.7777777777777778,6.957375234669956,3,16.0,0.07694686693509822,0,0.0,0.943035464313973,0,0.0,0.5051311975241346,3,16.0
440.0,3,12.0,0.6666666666666666,8.968932277469978,1,19.0,0.35896174046022616,0,0.0,1.0,2,7.0,0.6556340787875304,3,26.0
445.0,0,0.0,0.0,9.414642317284732,0,5.0,0.5335805613934558,0,0.0,0.521190152608915,0,6.0,0.7190837841070311,0,11.0
450.0,1,4.0,0.25,10.956040903741776,0,0.0,0.8324700187119801,0,0.0,0.7936801984437097,1,4.0,0.6360547903265475,1,4.0
455.0,1,9.0,0.5625,10.406091168142531,0,0.0,0.4292091113549153,0,0.0,0.9056602407901351,1,9.0,0.4861813022650974,1,9.0
460.0,1,5.0,0.3333333333333333,11.321157142697666,1,5.0,0.6354801658728538,0,0.0,0.9348421156263597,0,0.0,1.0,1,5.0
465.0,0,0.0,0.0,10.370991279192767,0,0.0,0.6509081265021659,0,0.0,1.0,0,0.0,1.0,0,0.0
470.0,0,0.0,0.0,9.656880333872248,0,0.0,0.7078799225114153,0,2.0,0.7454656944096261,0,0.0,0.46781246361577333,0,2.0
475.0,0,0.0,0.0,11.339925103486985,0,0.0,0.8662883993222675,0,2.0,0.8713456082121299,0,0.0,0.6632363302250055,0,2.0
480.0,0,0.0,0.0,9.46050310093119,0,0.0,0.6974909952533662,0,2.0,0.6356353408933353,0,0.0,0.5861661649561446,0,2.0
485.0,2,6.0,0.3333333333333333,9.738179124422361,0,0.0,0.7566226956026486,2,6.0,0.6254577355485044,0,0.0,0.7378944077878641,2,6.0
490.0,2,3.0,0.13636363636363635,9.242561275706564,0,0.0,0.9153431473605541,1,0.0,0.6105853522760794,1,3.0,0.5936287269689693,2,3.0
495.0,0,0.0,0.0,10.51078333950629,0,0.0,0.7597623388976587,0,0.0,0.7344359930996004,0,0.0,0.7236608256185181,0,0.0
500.0,3,6.0,0.2857142857142857,10.056882920471107,1,1.0,0.6280628226340017,2,7.0,0.5109131659814622,0,0.0,0.8352615890316872,3,8.0
505.0,2,7.0,0.3181818181818182,9.43561378639698,2,7.0,0.2600036978925608,0,7.0,0.6528611120387467,0,0.0,0.8115025796248247,2,14.0
510.0,1,0.0,0.0,10.470196869868225,0,4.0,0.5647208603046378,0,2.0,0.9186384905655466,1,2.0,0.6773781778564945,1,8.0
515.0,1,1.0,0.041666666666666664,11.704892621059287,0,0.0,0.8545246008849825,0,2.0,0.956610241873476,1,3.0,0.7285192158319951,1,5.0
520.0,3,7.0,0.2916666666666667,10.316359008927371,0,0.0,0.7608585763876273,1,3.0,0.7852868246383571,2,6.0,0.643995119819531,3,9.0
525.0,5,22.0,0.8148148148148148,9.013940612499331,1,0.0,0.6565642622806811,2,9.0,0.5935280539543959,2,15.0,0.4672363237924227,5,24.0
530.0,2,5.0,0.1724137931034483,8.084654286163005,2,5.0,0.514100755116754,0,7.0,0.43919214397630024,0,0.0,0.6421764533770026,2,12.0
535.0,5,23.0,0.7931034482758621,9.879461344019898,3,21.0,0.6034824854840448,0,0.0,0.6153830818775956,2,4.0,0.6742664312644305,5,25.0
540.0,3,3.0,0.10714285714285714,7.2552444452256255,1,9.0,0.5625500962713208,1,1.0,0.3371901439386259,1,2.0,0.5155919938341241,3,12.0
545.0,3,16.0,0.5333333333333333,9.767941641251168,0,0.0,0.7102410365961385,2,13.0,0.653364804855745,1,7.0,0.5911822200346385,3,20.0
550.0,3,12.0,0.34285714285714286,9.881449356610394,1,0.0,0.6677234041840242,1,10.0,0.687063719824316,1,12.0,0.5347247495404541,3,22.0
555.0,4,29.0,0.7837837837837838,9.38717382830895,1,4.0,0.5335716869355094,1,7.0,0.7003851135519559,2,22.0,0.3230911819980605,4,33.0
560.0,3,11.0,0.2972972972972973,7.9898335201845025,3,13.0,0.6471598340816188,0,0.0,0.4809806810856532,0,2.0,0.449070317544198,3,15.0
565.0,8,34.0,0.9444444444444444,8.478678902361178,3,23.0,0.598414032094418,5,13.0,0.2535748386390051,0,0.0,0.7191481160910737,8,36.0
570.0,10,51.0,1.7,6.448084518348302,1,3.0,0.34306531665225837,8,46.0,0.09994817336148448,1,4.0,0.7712267941387237,10,53.0
575.0,8,42.0,1.4482758620689655,6.671908215698938,5,21.0,0.32719843772445445,2,52.0,0.3935397111886595,1,9.0,0.6588522708586496,8,82.0
580.0,1,14.0,0.5185185185185185,8.444659765238503,0,20.0,0.6159511575903323,0,15.0,0.5823096040570555,1,16.0,0.6114251858847486,1,51.0
585.0,3,21.0,0.7,9.457003448736454,1,2.0,0.7182932270878701,1,11.0,0.6516652285077736,1,21.0,0.5753209746670938,3,34.0
590.0,3,12.0,0.4,10.38661628851574,0,0.0,0.8893748027423231,3,21.0,0.5172136348949795,0,2.0,0.8527905552215073,3,23.0
595.0,4,31.0,1.0333333333333334,8.870891564781704,0,0.0,0.675858501472726,4,40.0,0.4784046940668973,0,2.0,0.3814152115870954,4,42.0
600.0,1,1.0,0.034482758620689655,7.128102264744604,0,0.0,0.6352022730215962,1,27.0,0.40219482471840323,0,2.0,0.10675562068693188,1,29.0
605.0,2,5.0,0.1724137931034483,8.555747830107483,0,2.0,0.6333639094309107,1,5.0,0.4399978805958135,1,2.0,0.6101808188059287,2,9.0
610.0,1,1.0,0.038461538461538464,8.410635461610083,0,2.0,0.6361137472324636,1,1.0,0.34664124807767277,0,2.0,0.9147957417565832,1,5.0
615.0,6,13.0,0.43333333333333335,7.803013089137477,1,2.0,0.6695403368548614,4,13.0,0.13834852032346956,1,0.0,0.6512144844527061,6,15.0
620.0,5,14.0,0.4827586206896552,7.106280956930518,1,0.0,0.5723604518807897,4,27.0,0.201846361418089,0,0.0,0.6633845676085034,5,27.0
625.0,5,9.0,0.3103448275862069,7.948162807100237,0,0.0,0.7920401957131845,0,23.0,0.41098793345756046,5,11.0,0.3266126400541839,5,34.0
630.0,0,0.0,0.0,9.385349555761465,0,0.0,0.7594267540137686,0,17.0,0.5879320041775458,0,13.0,0.7120144754171943,0,30.0
635.0,6,17.0,0.5483870967741935,7.968679339238525,2,5.0,0.35816909931911595,4,31.0,0.498855791851151,0,2.0,0.6460753908991755,6,38.0
640.0,5,35.0,1.1666666666666667,6.569678817441526,0,5.0,0.28983914302072783,5,54.0,0.22435052252867774,0,0.0,0.6870247622096027,5,59.0
645.0,6,31.0,0.8857142857142857,7.141889730964506,2,6.0,0.434374943431837,4,61.0,0.26049896508209375,0,0.0,0.47979006237530963,6,67.0
650.0,5,26.0,0.7647058823529411,8.072207470827484,3,16.0,0.4472966262604913,0,34.0,0.4980973822150701,2,12.0,0.5953812044312579,5,62.0
655.0,5,29.0,0.9354838709677419,8.171918771967576,0,10.0,0.5475219565676579,1,7.0,0.25958009658242626,4,29.0,0.6012820272132796,5,46.0
660.0,3,12.0,0.3870967741935484,8.728693955888266,0,0.0,0.7912875989026045,2,13.0,0.4930895426635823,1,17.0,0.5440082685599064,3,30.0
665.0,4,29.0,0.90625,9.242635908016522,1,4.0,0.5982809325494318,2,25.0,0.6440904778864336,1,5.0,0.6198861395566346,4,34.0
670.0,7,55.0,1.5714285714285714,8.962115870331797,4,15.0,0.40719626762111816,2,35.0,0.6935628447584282,1,9.0,0.6405386651365556,7,59.0
675.0,3,4.0,0.10810810810810811,7.561977610016127,2,15.0,0.33080352932976587,1,22.0,0.5945585466426243,0,0.0,0.42299745696170626,3,37.0
680.0,6,24.0,0.6666666666666666,8.515303418728315,1,7.0,0.496151458601263,4,19.0,0.4216815539081688,1,5.0,0.5589701487272205,6,31.0
685.0,4,15.0,0.4838709677419355,7.54812454128126,2,13.0,0.3810851552511485,1,21.0,0.4417510081828406,1,1.0,0.6266512716062248,4,35.0
690.0,3,9.0,0.28125,8.391095486882747,1,3.0,0.6606716696593735,0,4.0,0.6933947470441563,2,10.0,0.4501353178997902,3,17.0
695.0,4,9.0,0.25,9.427707052611426,4,11.0,0.6223900707602501,0,0.0,0.7064092391606677,0,7.0,0.7045194674274061,4,18.0
700.0,3,2.0,0.05263157894736842,9.309609173858114,1,9.0,0.6599035513256735,2,1.0,0.39511321962449275,0,2.0,0.866036672502056,3,12.0
705.0,8,26.0,0.6842105263157895,8.38087632210394,3,8.0,0.5154836201964372,5,20.0,0.34217000335116665,0,0.0,0.8122109002808544,8,28.0
710.0,6,44.0,1.1282051282051282,7.888329605290774,0,7.0,0.5356792496803028,5,45.0,0.4526163776336627,1,1.0,0.4282291773967928,6,53.0
715.0,4,24.0,0.6,8.895617845939691,2,6.0,0.5380019588842144,1,40.0,0.5358918635779841,1,6.0,0.5780639923040829,4,52.0
720.0,1,11.0,0.3055555555555556,7.944799247167942,0,11.0,0.3383776171710573,0,14.0,0.4966192566096067,1,13.0,0.6866015084567293,1,38.0
725.0,5,6.0,0.1875,8.243608804639287,2,5.0,0.5406771371588442,2,17.0,0.5237820171233046,1,2.0,0.7458719057564437,5,24.0
730.0,7,28.0,0.8484848484848485,8.34841210850949,0,2.0,0.7763074084753526,6,40.0,0.3480550729170463,1,4.0,0.5571740867275953,7,46.0
735.0,4,9.0,0.3,8.085926941678643,2,3.0,0.6044982931263979,1,32.0,0.42303681821669326,1,0.0,0.5546938667775446,4,35.0
740.0,3,9.0,0.2903225806451613,7.841521991986126,3,13.0,0.4362978422613349,0,10.0,0.44238925609812374,0,2.0,0.738568591083759,3,25.0
745.0,5,27.0,0.8709677419354839,9.848190703860807,5,31.0,0.49663711798084137,0,2.0,0.8201575181340028,0,2.0,0.8355082665427039,5,35.0
750.0,2,1.0,0.027777777777777776,8.410701322092136,2,25.0,0.3489410349611287,0,0.0,0.7807361353109828,0,2.0,0.7926263457824194,2,27.0
755.0,2,10.0,0.2777777777777778,9.613149010279596,2,11.0,0.5399980798018698,0,2.0,0.7572098771742447,0,0.0,0.8048249220932577,2,13.0
760.0,5,12.0,0.2926829268292683,8.583590399342741,1,5.0,0.46149375065103654,3,10.0,0.6618948743702344,1,0.0,0.6512138675628031,5,15.0
765.0,7,21.0,0.45652173913043476,7.848659036695775,4,18.0,0.3802419561776413,0,8.0,0.6399188445279774,3,3.0,0.40519618458460904,7,29.0
770.0,6,24.0,0.5454545454545454,8.328583022713675,0,12.0,0.563906899469354,0,0.0,0.5991269240521275,6,24.0,0.4910616701494529,6,36.0
775.0,4,6.0,0.13636363636363635,7.4015389569917565,1,2.0,0.5458993408428646,2,6.0,0.4039406602407307,1,27.0,0.46832366120158914,4,35.0
780.0,10,39.0,0.9069767441860465,8.484481203439712,4,11.0,0.5804934027891837,3,23.0,0.6191027985251852,3,14.0,0.45931094783791065,10,48.0
785.0,2,2.0,0.046511627906976744,7.130413105411126,1,7.0,0.35848881075544525,0,12.0,0.7764316259508334,1,11.0,0.28900923569322984,2,30.0
790.0,11,39.0,0.8666666666666667,7.820373375725818,4,16.0,0.38843969559954616,0,2.0,0.8749744422506215,7,30.0,0.28530455689217404,11,48.0
795.0,4,13.0,0.3333333333333333,8.082949808592652,1,16.0,0.5138905429400399,0,0.0,0.8112242321924232,3,41.0,0.4908673484655393,4,57.0
800.0,4,15.0,0.3488372093023256,8.341186718209928,3,13.0,0.4596982847716229,1,4.0,0.6076569068493631,0,16.0,0.5476874333726971,4,33.0
805.0,4,12.0,0.2553191489361702,9.305529090566278,0,13.0,0.5485909813567293,4,14.0,0.5673935649095275,0,0.0,0.7647023645342267,4,27.0
810.0,4,10.0,0.2,8.858113873038715,1,5.0,0.5085244949244029,1,3.0,0.706449637093007,2,4.0,0.34471908861431205,4,12.0
815.0,8,31.0,0.6739130434782609,8.527725068190907,0,4.0,0.7232377237087935,3,7.0,0.5200729237753577,5,26.0,0.4314040114720818,8,37.0
820.0,4,9.0,0.225,7.139482563728855,1,3.0,0.6695751784386791,2,6.0,0.3188890685402353,1,27.0,0.47260141920117776,4,36.0
825.0,7,30.0,0.6976744186046512,9.044524271325928,1,8.0,0.6199887159455404,5,28.0,0.5025389454540905,1,2.0,0.629732563877689,7,38.0
830.0,3,16.0,0.34782608695652173,9.054450923814695,1,11.0,0.6598348900843297,0,25.0,0.6534957309642087,2,7.0,0.447306471048578,3,43.0
835.0,7,41.0,0.9111111111111111,9.247496367528575,2,20.0,0.6885156117220815,0,2.0,0.6814726113459622,5,27.0,0.47086146756480124,7,49.0
840.0,4,33.0,0.7674418604651163,9.202054153311344,3,32.0,0.6316330825905633,1,3.0,0.6222356699267647,0,23.0,0.5871845742375107,4,58.0
845.0,3,5.0,0.11627906976744186,8.721213635298232,0,7.0,0.5943331527116501,3,7.0,0.5620129439868842,0,2.0,0.6268887028535999,3,16.0
850.0,7,28.0,0.6222222222222222,9.162759763584225,4,15.0,0.41534519727321667,2,17.0,0.7168667939034352,1,0.0,0.666910497192008,7,32.0
855.0,3,2.0,0.045454545454545456,8.065359631253527,2,13.0,0.32888273352630726,0,2.0,0.6373090571164823,1,1.0,0.5790685539568095,3,16.0
860.0,8,21.0,0.42857142857142855,8.849021004046245,3,11.0,0.5295079648764112,2,4.0,0.6494064585271722,3,12.0,0.574213604557677,8,27.0
865.0,6,27.0,0.5510204081632653,9.06059625295346,2,9.0,0.48620724934733556,1,3.0,0.7099120598545213,3,27.0,0.6229365638958047,6,39.0
870.0,12,69.0,1.4375,8.335148359373862,4,15.0,0.5032770995408593,4,18.0,0.5064431427953978,4,40.0,0.5186646755035745,12,73.0
875.0,6,17.0,0.38636363636363635,5.426612050013367,1,14.0,0.37242480873305817,3,28.0,0.2841494591218285,2,35.0,0.31472654051472604,6,77.0
880.0,9,24.0,0.5454545454545454,7.021398896130446,2,8.0,0.5243733984211488,1,26.0,0.37694136498670533,6,19.0,0.4492010465861612,9,53.0
885.0,6,27.0,0.627906976744186,8.302170475926829,4,26.0,0.5363834653460664,0,15.0,0.6311250238915483,2,19.0,0.5575577449208458,6,60.0
890.0,2,13.0,0.29545454545454547,9.576269173528239,0,18.0,0.7087725076939004,0,5.0,0.7338247929464333,2,13.0,0.5905033503451674,2,36.0
895.0,5,10.0,0.21739130434782608,7.688878901843417,1,2.0,0.4927358068673277,2,9.0,0.46043475764771236,2,8.0,0.5656611360030049,5,19.0
900.0,16,61.0,1.297872340425532,6.325808274928449,4,15.0,0.27721191189656386,5,28.0,0.37446815151114515,7,25.0,0.35923488752741417,16,68.0
905.0,6,18.0,0.391304347826087,4.452231256140754,2,19.0,0.2305519270279724,0,21.0,0.23339132594067408,4,30.0,0.28254114946476183,6,70.0
910.0,3,11.0,0.23404255319148937,8.323955211413057,2,24.0,0.5529899993053504,1,7.0,0.7112774815495041,0,18.0,0.4895115754327524,3,49.0
915.0,2,5.0,0.09803921568627451,8.068944991920862,2,28.0,0.4659961425100557,0,4.0,0.6947938636404125,0,12.0,0.5502109416364112,2,44.0
920.0,13,47.0,0.8703703703703703,7.568590280432684,8,47.0,0.28666298251699246,1,9.0,0.6402761646004513,4,23.0,0.45445228790577286,13,79.0
925.0,17,76.0,1.52,5.164153214142983,5,60.0,0.22080486690804565,5,20.0,0.07292393675869073,7,49.0,0.25255650000459323,17,129.0
930.0,10,44.0,0.9777777777777777,5.385023929561573,1,42.0,0.42604741625596754,2,22.0,0.37083441859338495,7,69.0,0.14148318988373773,10,133.0
935.0,6,13.0,0.2765957446808511,8.540295066518317,2,18.0,0.5919077990917762,0,9.0,0.8318284076717837,4,59.0,0.3206301596639346,6,86.0
940.0,6,8.0,0.14814814814814814,9.674839494672433,3,10.0,0.6345712850766657,0,2.0,0.8499150048678076,3,36.0,0.44102075523166345,6,48.0
945.0,7,24.0,0.42105263157894735,9.606069021781007,3,21.0,0.6239146192413747,2,4.0,0.6399319964089838,2,22.0,0.6379580081803887,7,47.0
950.0,8,17.0,0.3090909090909091,7.693765851767562,2,7.0,0.49665965589351874,5,17.0,0.43083755172281557,1,13.0,0.5736424767688575,8,37.0
955.0,14,42.0,0.7368421052631579,5.719710750400849,7,23.0,0.2890729172000442,4,25.0,0.27761702762492224,3,23.0,0.2743023890095288,14,71.0
960.0,8,31.0,0.5961538461538461,5.8189095483079205,3,36.0,0.44001549535689916,2,15.0,0.27610141492996887,3,33.0,0.39494838183969055,8,84.0
965.0,8,18.0,0.3333333333333333,7.191580688100516,4,32.0,0.5042085319393044,4,12.0,0.3910334087466582,0,21.0,0.5506415295675319,8,65.0
970.0,9,26.0,0.4406779661016949,8.073461177941423,3,36.0,0.4873205876582105,5,26.0,0.45468948808424065,1,7.0,0.5938166098682816,9,69.0
975.0,7,25.0,0.43103448275862066,6.8036026065782655,4,35.0,0.29013163839553907,2,29.0,0.470044632923638,1,6.0,0.43917042663378947,7,70.0
980.0,12,36.0,0.631578947368421,6.015862104448466,3,35.0,0.45027972042472975,2,21.0,0.2813888308139178,7,28.0,0.35324552304958345,12,84.0
985.0,10,36.0,0.6,7.057322290810086,3,13.0,0.5452441058294967,3,25.0,0.4506945781046525,4,40.0,0.3707457962783948,10,78.0
990.0,8,11.0,0.18032786885245902,7.0509185970477715,4,17.0,0.43538589159375113,1,14.0,0.540598564269448,3,26.0,0.427219431824388,8,57.0
995.0,14,48.0,0.7384615384615385,7.295014468376628,8,45.0,0.2844811534659569,4,17.0,0.5571118752920009,2,14.0,0.36170092122874326,14,76.0
1000.0,10,45.0,0.75,6.635026714275759,7,68.0,0.20904442448330546,1,21.0,0.5540789280039172,2,19.0,0.4308433065145607,10,108.0
1005.0,6,28.0,0.4827586206896552,7.500622029119512,3,54.0,0.4009800010377041,1,11.0,0.501723597220522,2,21.0,0.5914345518476887,6,86.0
1010.0,5,13.0,0.21311475409836064,7.918924999133422,1,26.0,0.5969706220297415,3,13.0,0.5433290625339688,1,14.0,0.46994520824235264,5,53.0
1015.0,11,51.0,0.7846153846153846,8.02830581691855,2,23.0,0.6090360523964985,5,30.0,0.45561656333980965,4,16.0,0.3795305495383113,11,69.0
1020.0,16,64.0,1.0158730158730158,5.816353852561208,3,9.0,0.38152832368873363,4,36.0,0.379784655086611,9,46.0,0.203499522298449,16,91.0
1025.0,15,64.0,1.0847457627118644,6.1516287999559545,6,31.0,0.43846305186504686,3,33.0,0.3762472472670814,6,63.0,0.36673095241628106,15,127.0
1030.0,7,25.0,0.4166666666666667,7.335787403612988,4,36.0,0.4650564463096675,2,27.0,0.4665897501725887,1,48.0,0.5248903690405946,7,111.0
1035.0,6,10.0,0.15625,7.721463348406367,3,16.0,0.48746783467762,2,24.0,0.48525465099708986,1,20.0,0.5473475195434302,6,60.0
1040.0,11,40.0,0.5882352941176471,8.342321557217522,3,13.0,0.5945094546062469,6,42.0,0.5452022209132836,2,18.0,0.46352009638863406,11,73.0
1045.0,12,40.0,0.5970149253731343,6.256807882374843,1,10.0,0.49878300230436695,4,48.0,0.33892310469005055,7,41.0,0.24896356789659652,12,99.0
1050.0,16,58.0,0.9508196721311475,5.894913326242357,6,24.0,0.45861218028723183,2,33.0,0.4209695606366933,8,63.0,0.25882232361363916,16,120.0
1055.0,7,30.0,0.4918032786885246,7.008570028471406,3,34.0,0.467857898443838,1,23.0,0.6174961500620412,3,52.0,0.3795528245135881,7,109.0
1060.0,4,29.0,0.47540983606557374,8.626818971241951,0,11.0,0.5151408301252257,1,22.0,0.7136775252646774,3,34.0,0.5132468937711824,4,67.0
1065.0,7,24.0,0.36923076923076925,8.691063573538385,4,15.0,0.4566610761274547,1,8.0,0.7353513406650654,2,25.0,0.594052019275238,7,48.0
1070.0,13,45.0,0.6617647058823529,7.3462803633957,9,45.0,0.26312840663201287,2,13.0,0.5535410348823996,2,10.0,0.51796221812234,13,68.0
1075.0,16,51.0,0.7611940298507462,4.903030774167684,6,61.0,0.24716297430118547,3,12.0,0.2839082618831227,7,30.0,0.248253702154848,16,103.0
1080.0,8,21.0,0.328125,6.42786285006844,2,44.0,0.428013393018876,2,13.0,0.48918249627527444,4,44.0,0.35590588233038023,8,101.0
1085.0,6,13.0,0.19402985074626866,7.449466055121814,1,18.0,0.5250272473131657,2,20.0,0.5216848674169208,3,32.0,0.39826566054575285,6,70.0
1090.0,9,25.0,0.3333333333333333,7.112775845148677,3,21.0,0.4313040906523596,4,37.0,0.49306324051562544,2,37.0,0.396175811028289,9,95.0
1095.0,22,74.0,0.9487179487179487,5.7489121227892275,8,41.0,0.2627996000668439,5,49.0,0.36004781155868304,9,59.0,0.31571173841860417,22,149.0
1100.0,19,56.0,0.7368421052631579,5.665019210710604,7,60.0,0.27612022911445594,6,55.0,0.27488264712052995,6,66.0,0.4128307138316345,19,181.0
1105.0,12,22.0,0.27848101265822783,5.861582033588713,2,43.0,0.4053966208460193,3,65.0,0.34070142425100075,7,52.0,0.3549441778205965,12,160.0
1110.0,15,61.0,0.7261904761904762,6.597516246034452,5,44.0,0.36615093157821205,6,83.0,0.4491018467942058,4,42.0,0.39472594860234184,15,169.0
1115.0,16,54.0,0.6136363636363636,5.818490894371866,8,72.0,0.325740855649431,6,87.0,0.31388001742654253,2,35.0,0.30982220429497526,16,194.0
1120.0,21,83.0,1.0375,4.999646495542723,6,86.0,0.2788876014523123,8,81.0,0.1477139179826756,7,48.0,0.34115122076802895,21,215.0
1125.0,16,79.0,0.9518072289156626,5.53304674846506,4,59.0,0.3071117231257193,6,83.0,0.3502713517632091,6,66.0,0.33080230376168857,16,208.0
1130.0,10,43.0,0.5308641975308642,6.207507678032292,2,41.0,0.36905510253243823,1,74.0,0.5046232051363964,7,61.0,0.3247958470882885,10,176.0
1135.0,12,24.0,0.2823529411764706,5.7776163466444705,1,29.0,0.41370640077420634,4,63.0,0.43131009274136206,7,66.0,0.17636928440768507,12,158.0
1140.0,17,66.0,0.7857142857142857,5.555324110964992,5,30.0,0.265658153601495,4,69.0,0.3348557475043705,8,86.0,0.22638140399189946,17,185.0
1145.0,17,63.0,0.7875,4.842836480555976,6,47.0,0.25057447007790534,5,60.0,0.20872343583769581,6,95.0,0.32438676577626846,17,202.0
1150.0,10,21.0,0.27631578947368424,5.403233734274128,4,47.0,0.33643631027681065,3,70.0,0.32962222729017265,3,59.0,0.3360856060938024,10,176.0
1155.0,14,52.0,0.6582278481012658,6.072577446327732,5,58.0,0.2599574711573003,7,85.0,0.36463158598244777,2,37.0,0.34495823883932325,14,180.0
1160.0,22,133.0,1.6024096385542168,5.177931615664463,9,93.0,0.17170648464229377,9,125.0,0.25162680384380887,4,35.0,0.3244485777213776,22,253.0
1165.0,22,125.0,1.5822784810126582,4.273580758077275,7,110.0,0.19751684823429125,11,145.0,0.16664627136535018,4,38.0,0.37075426764782615,22,293.0
1170.0,16,99.0,1.2222222222222223,5.405997237967721,4,80.0,0.349111186823388,9,127.0,0.24380071897569677,3,50.0,0.5051649013175957,16,257.0
1175.0,17,67.0,0.788235294117647,6.198741858338389,6,48.0,0.4101533801301422,10,123.0,0.2621407339304493,1,24.0,0.5777532790834602,17,195.0
1180.0,15,68.0,0.7555555555555555,6.178942198056978,5,52.0,0.37994256549768507,6,143.0,0.33150053527516005,4,16.0,0.451032415703647,15,211.0
1185.0,19,77.0,0.875,5.267225483190191,2,42.0,0.41589186121059485,8,166.0,0.30817943410697884,9,50.0,0.24888338595000623,19,258.0
1190.0,24,115.0,1.3372093023255813,4.277337143875337,5,43.0,0.25534508927661537,5,173.0,0.26393708889133105,14,93.0,0.22533966163246746,24,309.0
1195.0,22,100.0,1.1363636363636365,4.369290917558411,7,62.0,0.25007940774401155,3,154.0,0.23618206080651857,12,118.0,0.28310972221099484,22,334.0
1200.0,17,50.0,0.5555555555555556,4.870835265765459,4,54.0,0.3052935104582858,4,164.0,0.2769631738834616,9,139.0,0.29125570303545883,17,357.0
1205.0,19,78.0,0.7959183673469388,5.336628952609672,4,48.0,0.437049741202901,10,196.0,0.23434599386704597,5,144.0,0.26656592489264186,19,388.0
1210.0,15,48.0,0.5106382978723404,4.3233944828074415,2,37.0,0.3012876865689249,9,213.0,0.2245131068920275,4,139.0,0.18963618743378508,15,389.0
1215.0,20,54.0,0.574468085106383,4.086929763711291,7,43.0,0.3146229733088238,7,192.0,0.17690353696090869,6,122.0,0.23778887598580326,20,357.0
1220.0,18,65.0,0.6989247311827957,4.85237528051836,5,50.0,0.42924390819962177,7,157.0,0.20062213050426622,6,141.0,0.2941902974535897,18,348.0
1225.0,19,92.0,0.9484536082474226,5.8558513581502485,4,42.0,0.45952020285254536,8,148.0,0.33391028079717905,7,145.0,0.3036387112546365,19,335.0
1230.0,21,116.0,1.1717171717171717,5.747216584433542,6,40.0,0.4447634107408287,7,137.0,0.40062321411579943,8,148.0,0.2423572018055228,21,325.0
1235.0,14,66.0,0.6285714285714286,5.537211217502951,3,41.0,0.4620530218976002,5,133.0,0.3620254152235329,6,118.0,0.23376704480953647,14,292.0
1240.0,18,101.0,0.9017857142857143,5.933722669947214,5,47.0,0.4274009753216977,7,112.0,0.3331368089617631,6,110.0,0.26794573236288843,18,269.0
1245.0,20,101.0,0.9181818181818182,5.247738800198142,3,31.0,0.3692845303050603,13,149.0,0.31241166387245034,4,110.0,0.21220932511034793,20,290.0
1250.0,31,141.0,1.2702702702702702,4.641800098446333,8,42.0,0.3468875718148999,14,183.0,0.15348802401986847,9,117.0,0.1973547594717995,31,342.0
1255.0,28,102.0,1.0,4.012677985603039,6,59.0,0.36988458105184335,13,168.0,0.10540731354095624,9,131.0,0.20233221214474478,28,358.0
1260.0,26,121.0,1.198019801980198,5.038882347312108,7,56.0,0.34683067488915015,10,155.0,0.3585488805799191,9,119.0,0.2944965005758802,26,330.0
1265.0,14,88.0,0.8543689320388349,5.469360512290066,2,48.0,0.4480671475992708,6,140.0,0.3713897810424624,6,130.0,0.28649451732914494,14,318.0
1270.0,16,68.0,0.6181818181818182,5.179024889010193,4,46.0,0.3783902248899313,3,125.0,0.3800395772318543,9,153.0,0.21405593479466087,16,324.0
1275.0,22,73.0,0.6759259259259259,4.243461797159586,6,61.0,0.19916007438970337,8,96.0,0.27870049020903126,8,161.0,0.15830737624926838,22,318.0
1280.0,20,75.0,0.75,3.72385189558754,7,70.0,0.18129313421820517,8,121.0,0.28268049203257073,5,128.0,0.12076395637203914,20,319.0
1285.0,22,67.0,0.6320754716981132,4.6158255555334815,8,87.0,0.23287375882744554,7,107.0,0.32779104465953707,7,108.0,0.2696514860511076,22,302.0
1290.0,13,42.0,0.38181818181818183,4.427324853335849,9,104.0,0.23229612831147786,2,89.0,0.2764213997432361,2,91.0,0.2844097734623505,13,284.0
1295.0,25,75.0,0.6637168141592921,4.1250340177715445,10,125.0,0.17970616558486313,7,92.0,0.20372792389660638,8,107.0,0.24609019685064865,25,324.0
1300.0,23,68.0,0.6071428571428571,4.009139601627225,9,103.0,0.1677012418024272,7,99.0,0.1842114627111841,7,118.0,0.2427730748006705,23,320.0
1305.0,20,61.0,0.5545454545454546,4.618660977050983,10,125.0,0.23723022787636103,7,91.0,0.2881990024089779,3,79.0,0.3059565276500467,20,295.0
1310.0,20,62.0,0.5391304347826087,4.093308184148913,10,145.0,0.2025783947887254,6,113.0,0.17802564332716947,4,86.0,0.3122828520313899,20,344.0
1315.0,27,96.0,0.8,4.2775133258536915,10,163.0,0.17471205266461445,10,131.0,0.15270828735888756,7,103.0,0.2905538909959513,27,397.0
1320.0,32,142.0,1.2347826086956522,3.7378110744029422,7,147.0,0.14457010020228722,12,150.0,0.18335444970996423,13,153.0,0.15008245006071752,32,450.0
1325.0,38,215.0,1.9026548672566372,3.734251660790308,10,156.0,0.21170304989009908,9,148.0,0.23767532838420363,19,235.0,0.1858879325168123,38,539.0
1330.0,38,309.0,2.809090909090909,3.6958918670482634,10,171.0,0.20665372039176527,5,138.0,0.24379410136329135,23,338.0,0.17412079494100371,38,647.0
1335.0,38,345.0,3.108108108108108,3.3642924291071976,13,205.0,0.1075160200667655,5,130.0,0.2049682068533679,20,383.0,0.129898865807963,38,718.0
1340.0,46,334.0,3.0642201834862384,2.6848265488491267,20,286.0,0.07041600024211193,8,134.0,0.1607778112328175,18,357.0,0.1531207196791926,46,777.0
1345.0,45,442.0,4.0181818181818185,3.5161823306180913,22,395.0,0.1557343316739656,6,109.0,0.25917773235200875,17,295.0,0.22965910689685218,45,799.0
1350.0,36,387.0,3.365217391304348,3.9843943268599866,20,438.0,0.20141640986975332,4,86.0,0.27552751378117263,12,348.0,0.2738878525665656,36,872.0
1355.0,34,260.0,2.2033898305084745,3.830659372159253,17,407.0,0.15532258154523815,5,91.0,0.2902364534512257,12,388.0,0.232703699668193,34,886.0
1360.0,36,219.0,1.8559322033898304,4.112158430421039,16,333.0,0.12839457929373366,7,93.0,0.352040178461277,13,445.0,0.16003645885483597,36,871.0
1365.0,31,161.0,1.4375,3.6975790286577292,11,374.0,0.1926316459084045,5,85.0,0.2887390889388256,15,452.0,0.0893201117178183,31,911.0
1370.0,29,146.0,1.3518518518518519,4.085968024184596,11,413.0,0.24824268500611846,4,65.0,0.2581073060184686,14,418.0,0.20423669570346611,29,896.0
1375.0,25,134.0,1.2181818181818183,4.402516156438064,13,471.0,0.24348413765595775,7,68.0,0.2852519699000497,5,423.0,0.2754924541688064,25,962.0
1380.0,30,135.0,1.2162162162162162,3.572043247654381,14,469.0,0.15808596735919594,5,77.0,0.24430684596500293,11,452.0,0.17009901108292938,30,998.0
1385.0,26,110.0,1.0,3.5824862754983227,10,410.0,0.13958610145741107,7,73.0,0.27615800703974386,9,453.0,0.11207636862074481,26,936.0
1390.0,23,78.0,0.7155963302752294,4.125340582439413,10,337.0,0.19039276315437248,6,87.0,0.3433706309700608,7,400.0,0.1311564488005164,23,824.0
1395.0,17,77.0,0.7,6.10570201895987,9,308.0,0.34010482238556405,5,74.0,0.5127167083931182,3,303.0,0.310152860422781,17,685.0
1400.0,17,101.0,0.9181818181818182,5.864782681179367,10,260.0,0.35493786710003117,5,75.0,0.4585377968894924,2,297.0,0.27358619593336125,17,632.0
1405.0,20,127.0,1.1441441441441442,5.783570889129089,6,270.0,0.3833373294296072,5,87.0,0.446524138106954,9,327.0,0.2254277869593663,20,684.0
1410.0,25,197.0,1.8240740740740742,5.388923237540355,7,265.0,0.32969104525405246,5,109.0,0.5052457162501878,13,383.0,0.22084677960096663,25,757.0
1415.0,37,271.0,2.4862385321100917,4.479661197342329,13,284.0,0.31134140133419147,7,134.0,0.2928861889535251,17,398.0,0.19044536761961153,37,816.0
1420.0,34,277.0,2.588785046728972,3.759950265236262,14,301.0,0.20448782684499273,5,161.0,0.3837695811929574,15,360.0,0.15989086795047558,34,822.0
1425.0,32,189.0,1.6875,3.815454164858454,13,273.0,0.18941820860475866,5,144.0,0.4347170876085088,14,295.0,0.12895402623256527,32,712.0
1430.0,27,69.0,0.575,4.555798227914805,15,298.0,0.16162347667970295,0,77.0,0.6170575328344647,12,340.0,0.18414324390018214,27,715.0
1435.0,22,74.0,0.6115702479338843,5.148509021281375,10,326.0,0.1928101829790989,1,14.0,0.5000285618337598,11,368.0,0.16843662931629977,22,708.0
1440.0,22,66.0,0.6055045871559633,3.9593281445439703,10,320.0,0.1677371445326114,1,13.0,0.21310089671195737,11,363.0,0.17002970208163037,22,696.0
1445.0,23,70.0,0.6796116504854369,3.933516406811563,13,266.0,0.1424689398169372,5,28.0,0.3382135697975968,5,296.0,0.22385607587242715,23,590.0
1450.0,17,98.0,0.9158878504672897,4.841121853030337,7,294.0,0.21898865700054165,6,56.0,0.4908338476491102,4,199.0,0.21758524349587308,17,549.0
1455.0,15,64.0,0.5714285714285714,4.915989535349925,9,298.0,0.18920375391820476,4,64.0,0.4859067682315433,2,185.0,0.23103440675111792,15,547.0
1460.0,24,111.0,1.0277777777777777,4.6350403009477,13,322.0,0.10810737815558608,3,52.0,0.3194913685450913,8,202.0,0.19601114732103878,24,576.0
1465.0,31,138.0,1.3269230769230769,3.694439638799327,15,326.0,0.09182004129747748,8,44.0,0.15789129142218694,8,205.0,0.16065303445648754,31,575.0
1470.0,22,82.0,0.8541666666666666,4.134288288662257,14,267.0,0.1563033096232957,3,54.0,0.40290885992436243,5,150.0,0.20884380771898567,22,471.0
1475.0,16,63.0,0.6494845360824743,5.420354378917182,9,201.0,0.25281363616129715,3,42.0,0.5968475678125393,4,161.0,0.24908771047933226,16,404.0
1480.0,14,40.0,0.37037037037037035,5.078755082720882,3,208.0,0.2633993335549953,2,33.0,0.5610912705904542,9,190.0,0.17208741687976337,14,431.0
1485.0,23,76.0,0.7169811320754716,4.408138280492885,10,226.0,0.21769522122024662,4,26.0,0.30684026751659066,9,189.0,0.14106574285958107,23,441.0
1490.0,26,94.0,0.912621359223301,3.8939753086014295,9,233.0,0.1457101958511595,10,66.0,0.2719014769119235,7,129.0,0.13624999058431975,26,428.0
1495.0,19,79.0,0.797979797979798,4.313673977760153,9,200.0,0.14717751561360604,8,82.0,0.41311482590821985,2,89.0,0.23396458624535263,19,371.0
1500.0,13,26.0,0.23636363636363636,5.1202074645236015,8,201.0,0.24558109084546267,2,54.0,0.4746587595252643,3,60.0,0.3001276978871038,13,315.0
1505.0,13,49.0,0.4298245614035088,5.231245511777265,7,218.0,0.24060043708734877,0,35.0,0.3808903205175581,6,77.0,0.2992790596061562,13,330.0
1510.0,28,131.0,1.212962962962963,4.21525832308712,14,267.0,0.15430582741013885,6,53.0,0.15500094127721567,8,85.0,0.23143101611598382,28,405.0
1515.0,30,135.0,1.2980769230769231,3.3715613614045954,15,287.0,0.12237353157902868,8,70.0,0.20673436015291347,7,67.0,0.18042490897493468,30,424.0
1520.0,18,81.0,0.7641509433962265,4.688603091532038,14,242.0,0.19016273216914556,3,51.0,0.5021443598011956,1,64.0,0.27870983029352414,18,357.0
1525.0,23,121.0,1.0521739130434782,5.472066734687987,13,218.0,0.25737532959611464,3,37.0,0.4407249997614153,7,68.0,0.26643366889415154,23,323.0
1530.0,20,65.0,0.5508474576271186,4.598827202276052,10,238.0,0.18587103831810997,1,24.0,0.44905281581118184,9,83.0,0.20363477493296844,20,345.0
1535.0,24,83.0,0.7155172413793104,4.820780083511644,12,266.0,0.19513576024472193,8,32.0,0.3639743125634743,4,67.0,0.20212016492910656,24,365.0
1540.0,23,69.0,0.6272727272727273,3.7631764579931293,12,274.0,0.15233222912780847,7,50.0,0.3141359966604494,4,59.0,0.16948407212300198,23,383.0
1545.0,23,86.0,0.7818181818181819,4.141523904726389,9,240.0,0.20622555077753593,5,40.0,0.3441267755851894,9,85.0,0.21315087990388115,23,365.0
1550.0,24,101.0,0.8782608695652174,4.307500835257107,6,241.0,0.2106971100964828,8,60.0,0.33597925241118975,10,101.0,0.25185484923686274,24,402.0
1555.0,22,81.0,0.6864406779661016,3.8752457320325804,7,249.0,0.14273420107877777,5,67.0,0.3531686837063291,10,96.0,0.20531076804788845,22,412.0
1560.0,22,66.0,0.559322033898305,3.727511473898562,9,250.0,0.14553665901067164,5,60.0,0.31010144381137644,8,128.0,0.13926681159336132,22,438.0
1565.0,19,79.0,0.6991150442477876,3.953003918561386,9,211.0,0.19774701290038213,2,60.0,0.32217841349573695,8,154.0,0.11389765272611926,19,425.0
1570.0,27,127.0,1.1238938053097345,3.4410750290684358,6,224.0,0.1801673079117522,4,59.0,0.3775459543239946,17,209.0,0.15624300502511426,27,492.0
1575.0,31,148.0,1.2333333333333334,3.206013771056307,10,246.0,0.1727227068502066,3,49.0,0.34252153410168995,18,252.0,0.11347122400401922,31,547.0
1580.0,29,117.0,0.9669421487603306,3.3158836364851183,11,245.0,0.15818901711832564,4,39.0,0.314102161692429,14,254.0,0.15654458984421898,29,538.0
1585.0,26,103.0,0.8583333333333333,3.867961779667334,10,218.0,0.13494364305316212,3,50.0,0.4417454393794098,13,216.0,0.15035912036425272,26,484.0
1590.0,24,61.0,0.49193548387096775,4.406405642432951,8,218.0,0.18151033307943457,5,59.0,0.4439974048415012,11,241.0,0.23856279008453085,24,518.0
1595.0,23,83.0,0.6747967479674797,4.341353533843025,6,230.0,0.1448955677954947,6,62.0,0.3143728448399229,11,258.0,0.21899184488295867,23,550.0
1600.0,31,86.0,0.7350427350427351,3.0171386710018497,10,230.0,0.128676973761882,9,65.0,0.16499535654517075,12,272.0,0.14762104255951378,31,567.0
1605.0,25,83.0,0.7155172413793104,3.466249183238256,8,197.0,0.16406641132833522,6,93.0,0.3468186452525381,11,247.0,0.14468912650858956,25,537.0
1610.0,21,106.0,0.8617886178861789,4.722975069917983,6,151.0,0.24371693306267977,6,98.0,0.417639849166182,9,265.0,0.1864613420068164,21,514.0
1615.0,24,89.0,0.664179104477612,4.117760839443115,8,150.0,0.18711919966885324,6,110.0,0.32427924490591664,10,290.0,0.1751977647882306,24,550.0
1620.0,33,118.0,0.9007633587786259,3.9633095303594708,9,146.0,0.19102840526269715,10,119.0,0.23904710806268403,14,305.0,0.1459324775445626,33,570.0
1625.0,40,209.0,1.6587301587301588,3.9034091883199102,16,183.0,0.19145787507725262,12,138.0,0.1851437621110387,12,281.0,0.13228295335625073,40,602.0
1630.0,46,285.0,2.3360655737704916,3.481627873811669,19,220.0,0.11062409784873545,16,189.0,0.22933438912943246,11,301.0,0.1572770740650208,46,710.0
1635.0,42,236.0,1.9504132231404958,3.119696358789512,18,222.0,0.12487393486633677,12,214.0,0.164734246399846,12,322.0,0.11293805834898873,42,758.0
1640.0,31,114.0,0.95,3.575014012113626,14,268.0,0.2104864751786821,6,187.0,0.3007286714105491,11,328.0,0.13712948566869093,31,783.0
1645.0,28,95.0,0.7851239669421488,3.630358802730465,14,311.0,0.15604511922752295,5,174.0,0.29730390239103677,9,294.0,0.18576460968106176,28,779.0
1650.0,33,149.0,1.1732283464566928,3.874793992631085,13,328.0,0.12463249250767876,9,183.0,0.3150527621371659,11,252.0,0.17766657966972105,33,763.0
1655.0,32,138.0,1.1129032258064515,3.638305891045107,10,307.0,0.14658017398367493,10,182.0,0.3016429356159055,12,269.0,0.15943763674426453,32,758.0
1660.0,28,150.0,1.1811023622047243,4.446014106545652,7,251.0,0.2357252739384824,9,147.0,0.28602257169221385,12,287.0,0.20451502019276702,28,685.0
1665.0,15,75.0,0.6097560975609756,4.338598796527523,3,227.0,0.26506932853887044,4,114.0,0.26039709571887665,8,300.0,0.22192270290260147,15,641.0
1670.0,24,81.0,0.6694214876033058,4.43041268630476,7,221.0,0.22766738514742832,7,103.0,0.2619251219286813,10,261.0,0.20287716643041054,24,585.0
1675.0,31,122.0,1.0,3.8362991031652083,12,243.0,0.1740823544377604,10,108.0,0.24969383530620293,9,273.0,0.16167778591598275,31,624.0
1680.0,32,143.0,1.1916666666666667,3.6562375331541412,13,261.0,0.17199905202896812,8,102.0,0.1772611979300666,11,234.0,0.17559404292342065,32,597.0
1685.0,31,197.0,1.7130434782608697,4.615625265250184,10,236.0,0.24383733635743937,9,111.0,0.2771769570249817,12,257.0,0.25507394711331427,31,604.0
1690.0,33,231.0,1.9411764705882353,4.480420406816066,9,186.0,0.26147310270775226,8,113.0,0.31669562176024296,16,295.0,0.19014126925478192,33,594.0
1695.0,29,180.0,1.5254237288135593,4.3774254261754,6,195.0,0.26119548139358856,6,85.0,0.3188385784344472,17,305.0,0.14186580992886877,29,585.0
1700.0,38,193.0,1.6218487394957983,4.128000372771088,10,220.0,0.2380574533955684,12,97.0,0.1872470257550221,16,276.0,0.13053435188610857,38,593.0
1705.0,37,191.0,1.6324786324786325,3.9787754752810294,14,281.0,0.15320130012117378,10,126.0,0.21019653858395715,13,304.0,0.15728229202816466,37,711.0
1710.0,31,160.0,1.4035087719298245,4.086396625391284,13,302.0,0.21743866834720435,4,93.0,0.2110215522406488,14,352.0,0.1792658272767866,31,747.0
1715.0,28,121.0,1.110091743119266,4.438114461176208,10,265.0,0.27071530635751695,2,63.0,0.4898181137104449,16,377.0,0.19373983191658456,28,705.0
1720.0,21,108.0,0.9557522123893806,4.741964957264298,7,197.0,0.2627606764391544,4,59.0,0.5053539021190289,10,326.0,0.1838621127069617,21,582.0
1725.0,16,89.0,0.7478991596638656,5.067621152096057,8,168.0,0.2519864708923888,1,51.0,0.5455072016401131,7,311.0,0.1963189620441739,16,530.0
1730.0,21,134.0,1.098360655737705,5.528746743471197,8,167.0,0.3149185577634319,3,42.0,0.4990002618929394,10,320.0,0.16511840605690128,21,529.0
1735.0,22,108.0,0.9310344827586207,4.596909975811752,4,156.0,0.26659406846122324,5,49.0,0.22492437100447493,13,356.0,0.13853302966370792,22,561.0
1740.0,30,124.0,1.1376146788990826,4.173393892794579,8,131.0,0.31928230866624924,7,54.0,0.17497579936928453,15,367.0,0.1751958819844884,30,552.0
1745.0,26,134.0,1.2407407407407407,4.773603375338211,13,168.0,0.28746360279094707,1,52.0,0.2914152815007047,12,327.0,0.20320355581780944,26,547.0
1750.0,26,115.0,1.074766355140187,3.7896577053363285,13,194.0,0.1561697821656562,3,45.0,0.3248929706186514,10,360.0,0.14759344440000086,26,599.0
1755.0,27,105.0,0.963302752293578,4.40100115093393,7,168.0,0.2018780803003078,6,70.0,0.39384184567937625,14,386.0,0.15297946666259793,27,624.0
1760.0,25,100.0,0.9615384615384616,4.0349693708668335,5,102.0,0.2834009820946345,7,84.0,0.2695674641634328,13,392.0,0.11734897328459742,25,578.0
1765.0,26,92.0,0.8932038834951457,4.636814957057485,6,93.0,0.3366896766508027,6,73.0,0.3490692905090526,14,366.0,0.1500516005927958,26,532.0
1770.0,19,65.0,0.6074766355140186,4.540661956447537,2,92.0,0.35576513177798785,6,76.0,0.3193966777849373,11,399.0,0.19688327931154856,19,567.0
1775.0,27,97.0,0.9065420560747663,4.586081146662693,5,108.0,0.26004390245649517,6,82.0,0.38293031846197695,16,425.0,0.1860899401362387,27,615.0
1780.0,27,168.0,1.6470588235294117,4.071630711915508,5,109.0,0.3316108495332962,6,88.0,0.27870728273774575,16,490.0,0.14926707691203525,27,687.0
1785.0,24,124.0,1.2277227722772277,3.705210301430512,4,73.0,0.28957791061749283,1,67.0,0.4175162124802258,19,512.0,0.10616842221777886,24,652.0
1790.0,24,107.0,1.009433962264151,4.6102510860334345,2,79.0,0.30122414048476276,2,47.0,0.47419048159688565,20,481.0,0.12773719079629767,24,607.0
1795.0,32,159.0,1.5,4.738312271488908,6,92.0,0.27287491687629506,5,50.0,0.4178757763044136,21,424.0,0.13058831046565397,32,566.0
1800.0,28,194.0,1.883495145631068,4.6099702151653075,6,94.0,0.20106981955452985,3,48.0,0.4297429993121875,19,426.0,0.20818452845536523,28,568.0
1805.0,25,191.0,1.854368932038835,4.744321740559702,5,83.0,0.3036458104218232,5,56.0,0.4140500077904772,15,452.0,0.22161665851246637,25,591.0
1810.0,22,120.0,1.1111111111111112,5.320280645688728,7,81.0,0.35126035816622725,2,45.0,0.4633123259199274,13,464.0,0.22565832697676516,22,590.0
1815.0,15,45.0,0.4205607476635514,5.07443699143445,1,57.0,0.36951815475426575,5,33.0,0.33454519174697434,9,465.0,0.21705594443809922,15,555.0
1820.0,21,68.0,0.6415094339622641,4.250454550670978,4,56.0,0.2152478412385963,7,56.0,0.2336972340383099,10,428.0,0.19316485906114375,21,540.0
1825.0,19,88.0,0.8461538461538461,4.511983393199309,6,62.0,0.2973542221825858,4,54.0,0.3110636375045062,9,376.0,0.22986812579129298,19,492.0
1830.0,20,110.0,1.0476190476190477,4.717419031916181,4,49.0,0.32691962429649263,6,60.0,0.4284784178879565,10,379.0,0.2251569558312345,20,488.0
1835.0,19,78.0,0.6902654867256637,4.786536888668981,5,62.0,0.3259781444463095,3,66.0,0.3824704920353648,11,359.0,0.22117628360458758,19,487.0
1840.0,29,127.0,1.0948275862068966,4.424761752859985,7,75.0,0.22607627038400208,9,67.0,0.12085802990941487,13,321.0,0.22204957167014927,29,463.0
1845.0,36,187.0,1.6846846846846846,3.444720455980109,14,128.0,0.15912492923472088,7,86.0,0.1642872959777517,15,339.0,0.156799256235947,36,553.0
1850.0,34,162.0,1.4210526315789473,3.7354389648452253,13,157.0,0.21936937295567377,5,75.0,0.32108710624754055,16,300.0,0.1693754827176395,34,532.0
1855.0,32,111.0,0.9173553719008265,3.931129821962356,12,150.0,0.25224964575818654,7,86.0,0.39152019357422474,13,315.0,0.15806029440371433,32,551.0
1860.0,34,148.0,1.1472868217054264,4.605394741951441,12,139.0,0.2441868608371173,8,94.0,0.43177268265210045,14,311.0,0.14361331592655782,34,544.0
1865.0,28,95.0,0.7421875,3.7837523504612394,12,168.0,0.16329759081646245,7,101.0,0.2935058124095477,9,323.0,0.15581804692207565,28,592.0
1870.0,29,112.0,0.9032258064516129,3.8529560484895153,9,188.0,0.20867029051010458,9,99.0,0.2612444481428411,11,307.0,0.16716570534362904,29,594.0
1875.0,22,75.0,0.6097560975609756,3.569239140148467,7,200.0,0.23455047986321784,5,101.0,0.3052447052287461,10,329.0,0.11589802731858422,22,630.0
1880.0,29,99.0,0.8048780487804879,3.944067721000489,9,181.0,0.2256005035036887,6,85.0,0.32261871462766817,14,321.0,0.11999575354165132,29,587.0
1885.0,25,87.0,0.7016129032258065,3.312827732828282,7,202.0,0.1978717826363274,6,94.0,0.18286150733239165,12,334.0,0.1004987797230382,25,630.0
1890.0,26,95.0,0.7983193277310925,3.3991001645596226,10,225.0,0.19429920253942337,4,73.0,0.24187797353416948,12,304.0,0.14734448745146386,26,602.0
1895.0,24,92.0,0.7666666666666667,3.790892512221309,9,228.0,0.2237305417054699,4,55.0,0.3532160098429381,11,332.0,0.1507308527278097,24,615.0
1900.0,28,102.0,0.8225806451612904,3.865792302475042,11,217.0,0.2194011480825259,2,45.0,0.463773957667605,15,363.0,0.10074665407280665,28,625.0
1905.0,27,96.0,0.768,3.5004763771099574,9,237.0,0.17591637255605277,5,38.0,0.3494792893873406,13,373.0,0.10666408166114473,27,648.0
1910.0,25,84.0,0.6774193548387096,3.142509087198992,8,241.0,0.13027966650257936,5,50.0,0.20898624046702424,12,332.0,0.11405231029990044,25,623.0
1915.0,29,115.0,0.9504132231404959,3.794264578829521,13,276.0,0.18624712661014176,6,49.0,0.3091496606020454,10,315.0,0.17141876603437303,29,640.0
1920.0,29,139.0,1.1779661016949152,3.7842088969406906,12,293.0,0.20104863611669468,6,58.0,0.40820931031837926,11,326.0,0.15903795770178594,29,677.0
1925.0,29,146.0,1.2586206896551724,3.6343090974448264,13,270.0,0.17861831548019774,4,57.0,0.38007055449807253,12,336.0,0.1639027781891758,29,663.0
1930.0,37,187.0,1.5847457627118644,3.807804847309253,16,246.0,0.14648272937802453,6,57.0,0.4232542625103545,15,348.0,0.1471354910496649,37,651.0
1935.0,33,139.0,1.1779661016949152,3.390268044002472,15,291.0,0.12966813952668915,3,63.0,0.41526865211213465,15,305.0,0.1306323723247868,33,659.0
1940.0,26,98.0,0.8376068376068376,3.8214457430734567,14,302.0,0.2002235374224616,2,45.0,0.43600671556601533,10,350.0,0.1309604023667628,26,697.0
1945.0,28,139.0,1.188034188034188,4.175901677810108,11,321.0,0.20726508085588982,4,47.0,0.3628358440649448,13,363.0,0.13397471910365524,28,731.0
1950.0,39,268.0,2.3304347826086955,4.026214913275818,13,361.0,0.24437032878413484,6,65.0,0.2918130029785652,20,425.0,0.09949207442422832,39,851.0
1955.0,34,189.0,1.7339449541284404,3.1408248002234243,15,366.0,0.217650252940485,2,41.0,0.31655012528919346,17,442.0,0.10138966285367164,34,849.0
1960.0,27,140.0,1.2844036697247707,3.715753891786937,12,317.0,0.20997009817026002,2,56.0,0.4819395586456955,13,396.0,0.13026897136086002,27,769.0
1965.0,30,142.0,1.1833333333333333,4.233985978656572,16,289.0,0.16644593106317923,2,57.0,0.4463682915882854,12,418.0,0.14207873079512984,30,764.0
1970.0,40,171.0,1.4132231404958677,3.899764149074357,14,337.0,0.14679430034385554,9,76.0,0.388961689730267,17,486.0,0.1470176311545975,40,899.0
1975.0,43,194.0,1.5772357723577235,3.9395695974040206,13,363.0,0.19250758928051473,7,69.0,0.2793012121330494,23,586.0,0.11075976744822688,43,1018.0
1980.0,39,290.0,2.5217391304347827,4.09526786581266,10,401.0,0.2276090653458068,7,56.0,0.1985178438792363,22,697.0,0.1272480003594132,39,1154.0
1985.0,51,496.0,4.592592592592593,3.874993530614455,13,437.0,0.17699687355603136,9,78.0,0.1955729887045212,29,822.0,0.07260913284989835,51,1337.0
1990.0,46,440.0,4.271844660194175,2.5809825918842764,11,441.0,0.15218105443396251,4,82.0,0.07013640780280994,31,879.0,0.06899620337576416,46,1402.0
1995.0,42,344.0,3.372549019607843,3.3403483268189484,13,401.0,0.18140531163954313,3,53.0,0.4320863245793456,26,845.0,0.12953274295181944,42,1299.0
2000.0,40,294.0,2.672727272727273,3.6018559186447843,13,416.0,0.18445556862828538,2,48.0,0.5475874436666981,25,961.0,0.0828112824140619,40,1425.0
2005.0,43,285.0,2.5,4.487708335972548,13,457.0,0.2277448888004624,4,56.0,0.40273932130067785,26,1084.0,0.10834116883919583,43,1597.0
2010.0,35,253.0,2.4326923076923075,3.3865538389096135,13,507.0,0.15875291779990386,6,82.0,0.2176875212200957,16,1093.0,0.12221044864452779,35,1682.0
2015.0,32,211.0,2.1530612244897958,2.9452301397153553,15,579.0,0.13364468094584656,9,100.0,0.19902707802156627,8,971.0,0.13839562800403768,32,1650.0
2020.0,25,163.0,1.63,3.8600329148937633,10,577.0,0.1642188795819694,8,116.0,0.3372218670035796,7,780.0,0.2025405748461812,25,1473.0
2025.0,24,125.0,1.179245283018868,4.5683752892737886,11,506.0,0.20426395787322854,6,127.0,0.4581685678149284,7,649.0,0.2053142043141477,24,1282.0
2030.0,24,152.0,1.4205607476635513,5.439205233533672,8,447.0,0.17658966065175383,7,130.0,0.4730061101913153,9,565.0,0.26723277692352315,24,1142.0
2035.0,27,146.0,1.3644859813084111,5.209636757974161,9,444.0,0.19367502613636553,12,167.0,0.3366299147573206,6,504.0,0.3004110815490159,27,1115.0
2040.0,31,204.0,1.9805825242718447,5.159177356786304,8,484.0,0.22626467040594084,17,238.0,0.15061196244879108,6,487.0,0.3614811942749136,31,1209.0
2045.0,29,168.0,1.75,3.490430206026191,5,471.0,0.2227929340824879,16,259.0,0.10585588017945811,8,443.0,0.222362856015152,29,1173.0
2050.0,24,93.0,0.9393939393939394,3.9325213202847777,7,410.0,0.2927297761465471,7,219.0,0.3136877436827913,10,351.0,0.16638653182689928,24,980.0
2055.0,10,16.0,0.1568627450980392,4.306020863269976,5,379.0,0.26235638464586264,2,208.0,0.33909481570120203,3,348.0,0.25272184292660366,10,935.0
2060.0,19,73.0,0.6759259259259259,4.542449535895012,3,370.0,0.23994042428729495,7,234.0,0.16915134600793966,9,348.0,0.22790899732222156,19,952.0
2065.0,24,78.0,0.7572815533980582,3.2794815888129105,6,344.0,0.15453780273483433,9,225.0,0.08149057425399771,9,316.0,0.14020897182909195,24,885.0
2070.0,21,69.0,0.696969696969697,4.019592148428138,6,293.0,0.1924575764544129,4,164.0,0.3413462552733283,11,233.0,0.22011853212104446,21,690.0
2075.0,10,34.0,0.3269230769230769,4.9451499938610795,3,301.0,0.3034292316705067,1,92.0,0.47802503844940136,6,257.0,0.2525317059682535,10,650.0
2080.0,19,72.0,0.6545454545454545,4.661807596355523,7,296.0,0.315061802109038,2,70.0,0.35163147049350685,10,278.0,0.14974731396412103,19,644.0
2085.0,23,91.0,0.8666666666666667,3.9333002624850626,6,268.0,0.2580262952026716,7,92.0,0.19493553586675913,10,260.0,0.14004435103093862,23,620.0
2090.0,26,74.0,0.74,3.3291598953480896,7,205.0,0.17835830863944355,8,93.0,0.2685201798232671,11,189.0,0.13861498947579057,26,487.0
2095.0,20,71.0,0.6698113207547169,4.732285914919542,8,232.0,0.2393449126041171,3,67.0,0.39637181205516236,9,120.0,0.24169595570550914,20,419.0
2100.0,13,58.0,0.5087719298245614,5.268089080229251,9,259.0,0.2635974902241078,2,44.0,0.4430339945969915,2,117.0,0.2581266738599844,13,420.0
2105.0,22,76.0,0.6666666666666666,4.971729854935195,8,249.0,0.24449484297622318,4,35.0,0.475728404149557,10,125.0,0.22540590592725943,22,409.0
2110.0,20,63.0,0.5833333333333334,3.9694286556127794,8,200.0,0.2229668224048109,1,15.0,0.39177170895241786,11,142.0,0.17278701906848054,20,357.0
2115.0,16,57.0,0.5135135135135135,5.049435419525275,3,183.0,0.22524006847073896,6,30.0,0.5116933024971451,7,114.0,0.22235017157797182,16,327.0
2120.0,17,72.0,0.6260869565217392,4.971432241463626,6,191.0,0.12332901364504968,2,36.0,0.4639556434182121,9,114.0,0.22932856127888068,17,341.0
2125.0,18,50.0,0.4424778761061947,4.662839144699402,6,187.0,0.20547897470893742,5,32.0,0.4183551926066411,7,121.0,0.2454807217502293,18,340.0
2130.0,13,40.0,0.35398230088495575,4.662306424556762,4,137.0,0.2766814881067259,2,36.0,0.345857829629818,7,114.0,0.21985603064129564,13,287.0
2135.0,22,82.0,0.7387387387387387,4.8309601008221925,3,96.0,0.3125014177069155,8,45.0,0.32304971746800304,11,126.0,0.1868654780685787,22,267.0
2140.0,25,107.0,0.9727272727272728,4.619387245930816,5,69.0,0.2929096791668376,5,64.0,0.402450626818417,15,133.0,0.1450367159905372,25,266.0
2145.0,17,44.0,0.3963963963963964,4.8814105634763925,1,54.0,0.2886455984369994,3,49.0,0.48872554962332077,13,163.0,0.20666904457756122,17,266.0
2150.0,15,43.0,0.38392857142857145,5.080582632935491,5,54.0,0.3639366857808831,3,32.0,0.4576254627224105,7,162.0,0.15627674015154644,15,248.0
2155.0,23,73.0,0.6576576576576577,4.302436754041282,5,64.0,0.35498923807589083,9,56.0,0.32113061386011554,9,172.0,0.14143878399969673,23,292.0
2160.0,27,95.0,0.9047619047619048,3.8223504543218256,6,61.0,0.28694656412754155,8,75.0,0.3630811799309453,13,167.0,0.13137899630298247,27,303.0
2165.0,18,54.0,0.4778761061946903,4.299930324385104,4,65.0,0.2805866124223565,4,59.0,0.4037693794954092,10,199.0,0.17876544134881237,18,323.0
2170.0,20,77.0,0.6311475409836066,5.089524834068296,6,66.0,0.3381310785131759,4,45.0,0.33368341270415636,10,187.0,0.19449345172466584,20,298.0
2175.0,28,198.0,1.6638655462184875,4.875876476026881,8,92.0,0.3131414821448735,7,56.0,0.3667805540371421,13,210.0,0.1364814880015516,28,358.0
2180.0,33,224.0,1.9649122807017543,3.722795958170404,11,108.0,0.2708363306808482,8,91.0,0.319588787761011,14,236.0,0.14221050298612187,33,435.0
2185.0,30,126.0,1.135135135135135,3.7229110024805765,11,105.0,0.2537038494168605,5,86.0,0.3969401906131452,14,225.0,0.1626771234950881,30,416.0
2190.0,26,99.0,0.8461538461538461,4.285872743749339,9,120.0,0.1710686600846711,3,45.0,0.5528665624942247,14,192.0,0.15159982011276282,26,357.0
2195.0,23,79.0,0.6422764227642277,4.960687197862271,10,140.0,0.1705054505065745,2,32.0,0.6121326125524245,11,225.0,0.17637801748201523,23,397.0
2200.0,23,77.0,0.6637931034482759,4.217192775313969,13,167.0,0.12464775244259711,2,27.0,0.4500524878894287,8,259.0,0.1847569137520529,23,453.0
2205.0,20,73.0,0.6759259259259259,4.556875372690206,8,168.0,0.2527226881201599,4,31.0,0.505104136818535,8,269.0,0.2076850154272952,20,468.0
2210.0,16,73.0,0.6822429906542056,4.468536775171417,4,170.0,0.24635589843601227,4,52.0,0.5848235313539136,8,235.0,0.19968618195925011,16,457.0
2215.0,14,63.0,0.5833333333333334,4.825110244363979,9,186.0,0.1735411271396155,0,34.0,0.6770760305941876,5,188.0,0.19591112745542028,14,408.0
2220.0,13,36.0,0.3333333333333333,4.321688626522435,11,199.0,0.10819916454331753,1,4.0,0.5886150449399234,1,188.0,0.20779692595704155,13,391.0
2225.0,17,58.0,0.5523809523809524,4.570302499987804,9,187.0,0.13745453088640308,1,4.0,0.6108282984940703,7,186.0,0.18207215678864824,17,377.0
2230.0,20,100.0,0.9803921568627451,5.188787891159969,9,171.0,0.27234009362622413,2,10.0,0.5294655268260257,9,198.0,0.26242204386157697,20,379.0
2235.0,13,56.0,0.5333333333333333,5.20726199393418,6,175.0,0.26151258308925845,1,8.0,0.656716470688039,6,166.0,0.21048886345765552,13,349.0
2240.0,14,44.0,0.41509433962264153,4.870850786034253,10,176.0,0.16732277988692304,2,12.0,0.5960865888040794,2,161.0,0.16599921150047434,14,349.0
2245.0,24,123.0,1.2178217821782178,4.18197144278698,14,197.0,0.12397438097938829,2,6.0,0.38778607912971313,8,182.0,0.1799166001329539,24,385.0
2250.0,28,136.0,1.3737373737373737,3.6532451123594747,15,232.0,0.19540516729546403,2,7.0,0.3802726003300035,11,195.0,0.17476478180605085,28,434.0
2255.0,22,103.0,1.0198019801980198,4.362860918868496,10,217.0,0.28150692843511826,2,20.0,0.624996210636872,10,169.0,0.17194472565611565,22,406.0
2260.0,17,73.0,0.7019230769230769,4.685729709781927,6,222.0,0.2152709051264353,0,5.0,0.7406118079991113,11,146.0,0.1770883311408254,17,373.0
2265.0,18,61.0,0.5545454545454546,5.086422382051068,11,260.0,0.18630729930764386,0,6.0,0.7455514346613505,7,151.0,0.20380211943015153,18,417.0
2270.0,21,62.0,0.5740740740740741,4.44582889974843,12,275.0,0.12390023274467184,1,2.0,0.587120005934351,8,154.0,0.21206411136007747,21,431.0
2275.0,20,62.0,0.5961538461538461,4.273657007110722,10,238.0,0.20567273857761556,1,4.0,0.6862422626464438,9,167.0,0.19409105473533694,20,409.0
2280.0,14,41.0,0.3942307692307692,4.413735843063643,3,238.0,0.24979861575366455,2,7.0,0.6843396956085294,9,160.0,0.18431542095398867,14,405.0
2285.0,22,71.0,0.6228070175438597,3.94621011080866,10,255.0,0.15847009626526606,2,15.0,0.6599923058454455,10,179.0,0.1462647660471413,22,449.0
2290.0,19,82.0,0.7387387387387387,3.8258752025787577,10,253.0,0.15594676713461017,0,10.0,0.491596701776882,9,193.0,0.19023140074630138,19,456.0
2295.0,26,145.0,1.3181818181818181,3.9003125019376905,9,205.0,0.16826147767848484,2,7.0,0.5766180519057643,15,240.0,0.15539657851754785,26,452.0
2300.0,27,169.0,1.5363636363636364,3.936884797094829,10,171.0,0.21928262291956885,1,2.0,0.6286252441311502,16,273.0,0.0889928901918431,27,446.0
2305.0,26,181.0,1.6759259259259258,4.514834500370541,10,166.0,0.2188332460308245,1,7.0,0.6496808865809723,15,255.0,0.10639005798653468,26,428.0
2310.0,22,139.0,1.287037037037037,4.6614096600322315,7,162.0,0.21279343155456526,3,16.0,0.6222374919028353,12,215.0,0.14254534919524958,22,393.0
2315.0,20,63.0,0.5887850467289719,5.034752217507905,8,139.0,0.2384967432434119,2,8.0,0.581214717364878,10,245.0,0.1693739051166939,20,392.0
2320.0,24,78.0,0.7222222222222222,4.906736917226307,11,145.0,0.2869291778323234,3,9.0,0.4334065490367851,10,272.0,0.19660370214125317,24,426.0
2325.0,22,57.0,0.5533980582524272,4.113411321338591,13,148.0,0.216030579609894,2,12.0,0.35731172255417587,7,278.0,0.19911638693811715,22,438.0
2330.0,20,68.0,0.6732673267326733,4.615198886951343,9,165.0,0.20994645067628767,6,31.0,0.4294940083284832,5,235.0,0.2233252569467284,20,431.0
2335.0,16,69.0,0.6764705882352942,4.849708440410659,9,144.0,0.13961104910158217,3,40.0,0.4849068231726675,4,181.0,0.17976489109647334,16,365.0
2340.0,21,102.0,0.9902912621359223,5.0609454323906,14,175.0,0.155576308937451,2,19.0,0.5211094994649389,5,159.0,0.28136201491864765,21,353.0
2345.0,12,58.0,0.5979381443298969,5.780926516890518,7,161.0,0.24041282760889748,4,25.0,0.5961162007114225,1,115.0,0.3517137861812175,12,301.0
2350.0,18,110.0,1.1,5.828786764988102,7,135.0,0.26323847785524074,6,46.0,0.5407943796656851,5,104.0,0.2752921282436614,18,285.0
2355.0,16,104.0,1.0505050505050506,5.438690392767516,8,145.0,0.31354312818203117,3,38.0,0.5137911146543616,5,102.0,0.26030302704101155,16,285.0
2360.0,12,35.0,0.3333333333333333,5.26902016397963,4,124.0,0.2616082714345646,5,37.0,0.4281511749695682,3,69.0,0.2554093847709887,12,230.0
2365.0,17,87.0,0.8285714285714286,5.678840380355832,7,90.0,0.24371280538960943,7,53.0,0.38835076058804824,3,34.0,0.27715076108771464,17,177.0
2370.0,21,87.0,0.8613861386138614,5.0036399064794415,10,112.0,0.20023502713355681,6,66.0,0.29674086489955614,5,29.0,0.3181659842238509,21,207.0
2375.0,13,52.0,0.5473684210526316,5.505614573665511,6,104.0,0.3093342110646691,4,55.0,0.4141200172705471,3,31.0,0.3180561384085097,13,190.0
2380.0,14,67.0,0.6767676767676768,6.119458224569805,4,90.0,0.30669979055283225,3,40.0,0.4087773676528659,7,39.0,0.3780881621590094,14,169.0
2385.0,21,107.0,1.1145833333333333,5.376640258755395,7,90.0,0.2440112621986152,4,43.0,0.286061995636737,10,84.0,0.3371362417204318,21,217.0
2390.0,25,109.0,1.2247191011235956,2.983683665541722,8,105.0,0.10222095038019875,7,43.0,0.17146650036475355,10,109.0,0.13321385746515071,25,257.0
2395.0,22,82.0,0.9425287356321839,3.9535798698018234,8,101.0,0.15526787443278234,8,72.0,0.24363408335402298,6,95.0,0.25394726262496425,22,268.0
2400.0,12,56.0,0.6153846153846154,5.75033002216091,3,89.0,0.2617580934294559,4,66.0,0.4519405602151337,5,73.0,0.3392588979344234,12,228.0
2405.0,14,60.0,0.6451612903225806,6.384340780346893,7,93.0,0.21741811223362442,2,56.0,0.4518302946861679,5,73.0,0.4422630483181605,14,222.0
2410.0,22,103.0,1.1573033707865168,5.035709637812824,9,103.0,0.08282624229978988,7,62.0,0.27337122388898727,6,81.0,0.3907814194868523,22,246.0
2415.0,16,55.0,0.6395348837209303,5.168213399904864,5,89.0,0.18202271117322952,9,83.0,0.25460403855667685,2,54.0,0.44749862699417187,16,226.0
2420.0,15,62.0,0.7294117647058823,6.288951251970539,4,73.0,0.348475897671246,4,64.0,0.3398031989332026,7,48.0,0.37482745463553024,15,185.0
2425.0,10,50.0,0.5813953488372093,6.138569881229958,4,73.0,0.2785738458153722,2,39.0,0.42759505797413805,4,50.0,0.411969562596714,10,162.0
2430.0,8,11.0,0.12790697674418605,6.9316884616711825,4,42.0,0.29242123519466606,1,24.0,0.5940934969685369,3,33.0,0.4796292538862134,8,99.0
2435.0,10,29.0,0.3333333333333333,7.347510636305925,6,43.0,0.3464547585655653,2,23.0,0.5462627355427949,2,21.0,0.5035977816997513,10,87.0
2440.0,11,20.0,0.22727272727272727,6.450906565439966,6,52.0,0.3690109969728717,4,27.0,0.36946491624767946,1,20.0,0.5109502086107359,11,99.0
2445.0,19,60.0,0.6741573033707865,5.776398664162278,5,48.0,0.2598555939477664,8,44.0,0.2549404467520536,6,37.0,0.3592458843235891,19,129.0
2450.0,22,72.0,0.8470588235294118,4.983332162621521,8,49.0,0.22692566696917774,8,66.0,0.2860690374282128,6,54.0,0.20941566011705634,22,169.0
2455.0,12,33.0,0.39285714285714285,5.511497082304702,2,45.0,0.2989530681972185,5,63.0,0.37406838162598627,5,52.0,0.32448823485673833,12,160.0
2460.0,12,32.0,0.36363636363636365,6.123418882567332,7,51.0,0.34519988354630804,2,58.0,0.3541343002213321,3,43.0,0.40747592775613894,12,152.0
2465.0,19,80.0,0.8888888888888888,5.401165985865808,5,58.0,0.3250212819472354,7,73.0,0.13998287492182312,7,64.0,0.3122247842110875,19,195.0
2470.0,23,71.0,0.8352941176470589,4.594946204902836,5,53.0,0.2892746866187182,10,95.0,0.26042849530907725,8,83.0,0.21614621613379634,23,231.0
2475.0,10,28.0,0.32941176470588235,5.459505055684452,2,55.0,0.3349470982917732,4,79.0,0.4193039771746651,4,72.0,0.2655267194982262,10,206.0
2480.0,12,39.0,0.4431818181818182,6.01329434698388,5,72.0,0.3145973865387413,2,56.0,0.3659191820213936,5,87.0,0.3266276008320557,12,215.0
2485.0,19,73.0,0.8111111111111111,5.7850387731926425,7,72.0,0.30462819778199524,3,39.0,0.4360184289352542,9,107.0,0.3419326703021561,19,218.0
2490.0,18,87.0,1.0,5.478272042760841,4,64.0,0.3424380577049236,5,46.0,0.5004008104821778,9,120.0,0.3049440605017872,18,230.0
2495.0,17,111.0,1.2758620689655173,5.391589183339806,5,55.0,0.3234334833256996,4,60.0,0.5935257962502243,8,104.0,0.20123877118089073,17,219.0
2500.0,12,27.0,0.2903225806451613,4.884000045971148,2,45.0,0.3395948778059656,1,28.0,0.5294696749987933,9,129.0,0.14144488680368614,12,202.0
2505.0,21,76.0,0.7916666666666666,4.938087461899516,7,61.0,0.29634623094046486,5,18.0,0.24932770103960294,9,152.0,0.16325227701838482,21,231.0
2510.0,24,122.0,1.3406593406593406,4.058232526190505,6,70.0,0.17541065786161517,4,29.0,0.17123292278283692,14,194.0,0.14280774046642794,24,293.0
2515.0,20,113.0,1.3950617283950617,4.373392614206568,3,55.0,0.3387689151877275,1,22.0,0.44388754843957634,16,231.0,0.13745406061711005,20,308.0
2520.0,22,100.0,1.1494252873563218,5.355045686839131,3,45.0,0.36034615227500116,4,25.0,0.5834829117074873,15,225.0,0.17684700548422397,22,295.0
2525.0,13,50.0,0.5747126436781609,6.1346501647117675,2,35.0,0.3288872915216348,0,12.0,0.8066585529112729,11,185.0,0.2094423525376859,13,232.0
2530.0,16,63.0,0.7,6.32100621447733,4,45.0,0.23784857755677444,3,9.0,0.5553667895237855,9,176.0,0.2477017281210732,16,230.0
2535.0,15,87.0,1.0235294117647058,6.149385540098832,10,83.0,0.14139914902191397,2,15.0,0.49874141570296243,3,158.0,0.35778678095455707,15,256.0
2540.0,13,86.0,1.0886075949367089,6.445217741121116,9,101.0,0.226472955712193,1,7.0,0.5687348440538573,3,138.0,0.5208778653361936,13,246.0
2545.0,7,18.0,0.2222222222222222,7.143389473081004,5,73.0,0.35610954292929614,1,4.0,0.6044550611272296,1,94.0,0.49030371102902504,7,171.0
2550.0,13,41.0,0.5125,6.685246720421918,4,50.0,0.36068578335067336,2,9.0,0.5234223046771576,7,101.0,0.3434780552832725,13,160.0
2555.0,13,44.0,0.5641025641025641,5.010851344722659,3,63.0,0.3471124395264373,3,20.0,0.5529843577624818,7,107.0,0.13188678062578316,13,190.0
2560.0,12,36.0,0.45,5.643997513617369,8,91.0,0.300842140764135,1,8.0,0.5078633228591704,3,83.0,0.24028923027583382,12,182.0
2565.0,21,103.0,1.271604938271605,6.110982890115674,12,140.0,0.22794245587435713,5,20.0,0.4156513732378204,4,39.0,0.402233936339493,21,199.0
2570.0,17,73.0,0.9125,5.2969620051861215,12,168.0,0.14053844983858235,2,26.0,0.3996356116630481,3,32.0,0.43620424896098714,17,226.0
2575.0,17,72.0,0.9473684210526315,5.653597421978271,9,160.0,0.2088013931088796,1,8.0,0.5125470826556876,7,58.0,0.3857138876036838,17,226.0
2580.0,15,72.0,0.9473684210526315,6.167053507395631,8,129.0,0.3210001450152728,1,11.0,0.6331350562022535,6,67.0,0.2615040621494545,15,207.0
2585.0,15,76.0,0.9620253164556962,6.626069076928885,7,111.0,0.3298717130626393,2,8.0,0.6528013561202366,6,57.0,0.29063882784293443,15,176.0
2590.0,14,90.0,1.0975609756097562,6.84199571787948,6,118.0,0.39524748525536785,4,25.0,0.5194832338458463,4,61.0,0.2891421594769085,14,204.0
2595.0,13,115.0,1.4556962025316456,6.899426405844962,4,113.0,0.42221376110661096,0,22.0,0.47631459376164526,9,89.0,0.25639571847558823,13,224.0
2600.0,10,38.0,0.5,5.937115502549375,2,74.0,0.3681690494559122,0,2.0,0.4232639022145624,8,103.0,0.2937077309386397,10,179.0
2605.0,9,29.0,0.3972602739726027,7.129455275314732,5,59.0,0.4746256348356127,0,2.0,0.42113337200369855,4,77.0,0.4377925361618932,9,138.0
2610.0,10,26.0,0.3611111111111111,6.758861695060933,5,65.0,0.4169688349205998,1,6.0,0.5720458094781871,4,80.0,0.4122542907738798,10,151.0
2615.0,14,50.0,0.684931506849315,6.284690219459327,4,59.0,0.34135471413577145,1,11.0,0.6861200944596447,9,105.0,0.2936317607167396,14,175.0
2620.0,13,66.0,0.88,5.7754559390687445,4,46.0,0.35883040844101394,1,16.0,0.7920572792872995,8,117.0,0.22859923838315563,13,179.0
2625.0,10,40.0,0.5333333333333333,5.640001905178139,3,37.0,0.4161510191787775,1,23.0,0.7159305886706964,6,87.0,0.2078204120152397,10,147.0
2630.0,14,74.0,0.9736842105263158,6.258016707661528,8,57.0,0.34073222062343933,2,31.0,0.7314246794918922,4,61.0,0.21969170522333176,14,149.0
2635.0,11,56.0,0.7368421052631579,5.412613751575148,6,65.0,0.20498425615192714,2,41.0,0.6999948188928615,3,50.0,0.2886096624409652,11,156.0
2640.0,13,47.0,0.5949367088607594,5.4780138625304,5,50.0,0.31222341349897564,1,5.0,0.6712331531946463,7,73.0,0.2299091673137633,13,128.0
2645.0,14,44.0,0.5432098765432098,5.2676712107185075,2,46.0,0.36365227633286107,3,15.0,0.4665188638217989,9,93.0,0.21678981207498516,14,154.0
2650.0,18,48.0,0.5853658536585366,4.657766490513032,8,65.0,0.15585148172810495,1,19.0,0.4780578296034321,9,79.0,0.16749448162325034,18,163.0
2655.0,20,99.0,1.2692307692307692,5.299577347642049,12,112.0,0.24356904401297313,1,5.0,0.6908283459776214,7,80.0,0.2891530408933083,20,197.0
2660.0,20,181.0,2.207317073170732,5.569100130229957,14,174.0,0.19069624464942894,2,8.0,0.5760335130071723,4,87.0,0.362109828764598,20,269.0
2665.0,15,108.0,1.3012048192771084,5.460527152506208,11,197.0,0.24380049628499126,0,5.0,0.7167744051944441,4,69.0,0.30073755492508225,15,271.0
2670.0,21,118.0,1.388235294117647,5.328053308681308,10,150.0,0.18014724624907347,2,8.0,0.4933155452562799,9,79.0,0.23701410091917866,21,237.0
2675.0,21,107.0,1.3717948717948718,5.060233422915114,9,155.0,0.24228276670705215,1,12.0,0.5420581247800497,11,106.0,0.16991374868536835,21,273.0
2680.0,16,78.0,1.0,5.318090074982379,9,148.0,0.2675664500831581,1,4.0,0.6471934597428292,6,97.0,0.15202202247782803,16,249.0
2685.0,15,55.0,0.6626506024096386,6.308561774565555,9,164.0,0.387543820667293,0,2.0,0.7977363865502609,6,120.0,0.2345025454937642,15,286.0
2690.0,14,50.0,0.5882352941176471,5.881922658743808,3,145.0,0.4680777884494936,1,4.0,0.5775915689860653,10,161.0,0.2087052345606042,14,310.0
2695.0,14,52.0,0.65,5.057721185473911,3,149.0,0.4104779474583248,1,8.0,0.41083960451846485,10,175.0,0.15404335899190383,14,332.0
2700.0,18,57.0,0.7215189873417721,4.351010248424414,5,146.0,0.30945293499789733,6,27.0,0.20747280788941244,7,157.0,0.19854842803665018,18,330.0
2705.0,14,37.0,0.47435897435897434,4.457500528026735,3,121.0,0.2531460783111865,4,41.0,0.31643662714269094,7,172.0,0.17841737393382656,14,334.0
2710.0,13,55.0,0.6875,5.270963789158765,3,92.0,0.3380961885046457,0,28.0,0.5195350351638466,10,213.0,0.18415004400496018,13,333.0
2715.0,14,39.0,0.4875,5.328600291586691,2,86.0,0.4422150227289848,0,11.0,0.6207201638693337,12,217.0,0.19015480262650927,14,314.0
2720.0,10,36.0,0.46153846153846156,5.673400332756422,3,89.0,0.3821494758161242,1,6.0,0.6687433286058797,6,159.0,0.23565517952282683,10,254.0
2725.0,11,38.0,0.475,5.213035919039055,4,87.0,0.3262013724734049,2,5.0,0.5556804615381842,5,124.0,0.20956926731354225,11,216.0
2730.0,10,49.0,0.6049382716049383,5.684668255723307,2,62.0,0.23974475775331408,3,17.0,0.596366808709712,5,113.0,0.26561804142727286,10,192.0
2735.0,4,10.0,0.11904761904761904,6.03635570027134,0,26.0,0.2997119777714769,2,24.0,0.543386371158372,2,93.0,0.27779612820312816,4,143.0
2740.0,10,27.0,0.3253012048192771,6.387747605070497,0,5.0,0.4678033305658489,3,21.0,0.5287189080513184,7,90.0,0.2660390899589589,10,116.0
2745.0,11,27.0,0.3375,6.129094532978567,0,1.0,0.5131942501689347,2,26.0,0.524806661924927,9,103.0,0.24579839246573462,11,130.0
2750.0,12,37.0,0.47435897435897434,6.325603864309702,2,4.0,0.5936157456500221,7,37.0,0.3870572251503144,3,85.0,0.2263059874486478,12,126.0
2755.0,7,30.0,0.379746835443038,6.265418999821192,1,1.0,0.439218478170683,5,50.0,0.40877677374211446,1,47.0,0.2569550731291313,7,98.0
2760.0,12,32.0,0.4050632911392405,5.769212346086025,8,27.0,0.3550663801725277,3,32.0,0.3625463251333535,1,37.0,0.28659028124180796,12,96.0
2765.0,19,58.0,0.725,5.228073218960377,6,47.0,0.3287364663524965,5,32.0,0.30119783346836365,8,64.0,0.31664917609163984,19,143.0
2770.0,13,35.0,0.45454545454545453,5.082783576509103,3,36.0,0.46251783467184443,2,39.0,0.3481231041232086,8,79.0,0.24877954590508908,13,154.0
2775.0,13,47.0,0.5802469135802469,5.771777460587701,1,24.0,0.41987585673953826,8,56.0,0.3597537209442779,4,63.0,0.28351595560663767,13,143.0
2780.0,9,24.0,0.2962962962962963,5.3067627623249685,2,18.0,0.3690655941713613,5,70.0,0.30722403689535144,2,44.0,0.27191626374024985,9,132.0
2785.0,17,59.0,0.7468354430379747,5.379220485850951,6,41.0,0.2615354188759625,3,57.0,0.3568960838502342,8,69.0,0.24417479184858765,17,167.0
2790.0,14,53.0,0.6973684210526315,4.977067235522392,6,60.0,0.331023008656718,1,34.0,0.3030812249940775,7,79.0,0.2589135335922984,14,173.0
2795.0,7,26.0,0.3333333333333333,6.943779123399834,3,43.0,0.47454068825396534,2,32.0,0.6803270272305874,2,48.0,0.33654163933424996,7,123.0
2800.0,5,35.0,0.44871794871794873,7.591766559227805,3,28.0,0.45581023665025355,2,36.0,0.720661572534802,0,21.0,0.32107407330403714,5,85.0
2805.0,6,52.0,0.6419753086419753,8.333159446006865,1,23.0,0.49263607362080264,4,45.0,0.6770119420871671,1,4.0,0.4186415467912321,6,72.0
2810.0,3,14.0,0.1794871794871795,7.7732923103499045,1,19.0,0.6106115774285564,1,29.0,0.6094675063838183,1,3.0,0.333647891970494,3,51.0
2815.0,12,58.0,0.7837837837837838,6.69511089167617,2,23.0,0.5318560142424629,4,17.0,0.3466829796853406,6,24.0,0.31434087771970526,12,64.0
2820.0,15,65.0,0.9154929577464789,5.238579611427636,2,32.0,0.5065402926337229,6,35.0,0.22935524460916853,7,45.0,0.18588263480272268,15,112.0
2825.0,8,24.0,0.36923076923076925,5.666348685468992,1,3.0,0.5118876534567011,4,43.0,0.3655146487946007,3,42.0,0.25950577003562386,8,88.0
2830.0,8,48.0,0.7272727272727273,7.309083785379816,4,15.0,0.5736706613840312,3,44.0,0.45387030903280917,1,29.0,0.41209214994115284,8,88.0
2835.0,5,12.0,0.17142857142857143,7.294273974010809,2,17.0,0.5634983957043002,2,41.0,0.4539193940529279,1,21.0,0.4411921923248311,5,79.0
2840.0,7,38.0,0.5277777777777778,8.528409166246238,0,1.0,0.6839562771380674,5,36.0,0.3918316153827282,2,21.0,0.6566004504167684,7,58.0
2845.0,10,48.0,0.676056338028169,6.882458460754397,1,3.0,0.4489225160776529,6,51.0,0.32095547921227224,3,28.0,0.5229149475413808,10,82.0
2850.0,11,39.0,0.5492957746478874,6.256186767388776,5,23.0,0.46078987302083424,4,51.0,0.20907044051311904,2,19.0,0.418827895356443,11,93.0
2855.0,10,50.0,0.78125,7.438151694820931,0,18.0,0.699655648026187,4,48.0,0.3098196731278861,6,25.0,0.42914356923912067,10,91.0
2860.0,4,9.0,0.14516129032258066,7.354381304772617,1,2.0,0.6418822192182235,1,46.0,0.38726267226317995,2,35.0,0.42641343036752755,4,83.0
2865.0,7,20.0,0.3333333333333333,7.859129579275382,0,0.0,0.724702816209385,6,46.0,0.36039052583312814,1,12.0,0.43702014431016317,7,58.0
2870.0,9,21.0,0.3442622950819672,7.09028541658091,1,0.0,0.5673319843056734,8,67.0,0.26367030674691905,0,1.0,0.5795066526402431,9,68.0
2875.0,5,18.0,0.3050847457627119,8.225862958087848,1,5.0,0.7190098676817234,4,68.0,0.27819965106008226,0,2.0,0.7807491436486782,5,75.0
2880.0,5,30.0,0.5084745762711864,8.209052191763524,2,11.0,0.6382090218056593,3,50.0,0.28200821166983175,0,2.0,0.7627220605726099,5,63.0
2885.0,5,37.0,0.6727272727272727,8.44576032308994,1,3.0,0.6332641398848534,3,42.0,0.44848544010847047,1,5.0,0.6490875846063424,5,50.0
2890.0,3,7.0,0.12962962962962962,7.733164394016696,2,6.0,0.5570666782215975,1,11.0,0.3540840141448844,0,6.0,0.6180002950430782,3,23.0
2895.0,7,19.0,0.3584905660377358,7.1182207734511085,1,3.0,0.505151021382816,6,23.0,0.2958061697739934,0,0.0,0.572077446959018,7,26.0
2900.0,7,20.0,0.37037037037037035,7.562344247271614,1,5.0,0.4408340061958533,3,36.0,0.45677453772630194,3,5.0,0.4323618369751474,7,46.0
2905.0,7,39.0,0.6610169491525424,9.430628372573548,3,22.0,0.6203311785762009,2,27.0,0.556128060980496,2,17.0,0.6095044901457444,7,66.0
2910.0,4,42.0,0.7368421052631579,9.559286473820604,3,37.0,0.6291181709763443,1,19.0,0.524016038313262,0,2.0,0.7668191740288599,4,58.0
2915.0,7,70.0,1.25,9.102822251760697,5,59.0,0.5444967162592813,1,18.0,0.6028043793356954,1,3.0,0.5862371489721003,7,80.0
2920.0,3,27.0,0.5510204081632653,8.586646772262668,1,34.0,0.6018552326100678,2,22.0,0.6525390501851583,0,3.0,0.543785230386332,3,59.0
2925.0,8,43.0,0.86,7.93269147275872,4,18.0,0.4382174399007671,2,34.0,0.601565492629275,2,2.0,0.5668361508485068,8,54.0
2930.0,6,50.0,0.9259259259259259,7.253696819266086,2,25.0,0.3175368749775492,2,42.0,0.5074656864031357,2,7.0,0.6012145058925874,6,74.0
2935.0,5,18.0,0.32727272727272727,8.404682641364657,3,23.0,0.46490651744691763,0,20.0,0.7158274318057407,2,2.0,0.5665258337057921,5,45.0
2940.0,12,57.0,1.0,7.06856910535443,5,41.0,0.44922268258893827,2,11.0,0.4737424138753001,5,16.0,0.3306349027454208,12,68.0
2945.0,6,17.0,0.2982456140350877,6.456282516389105,1,30.0,0.38505935571303734,1,7.0,0.5825854797427966,4,30.0,0.31094146919452315,6,67.0
2950.0,7,24.0,0.4528301886792453,8.11248215526283,4,20.0,0.5567674931621979,1,4.0,0.6397370549255402,2,30.0,0.44503893485385937,7,54.0
2955.0,6,44.0,0.9166666666666666,8.387248482115622,5,42.0,0.4729229350903934,1,7.0,0.5972826488403955,0,15.0,0.5180759570724145,6,64.0
2960.0,8,36.0,0.782608695652174,7.67619811694086,4,39.0,0.3447095162170862,3,21.0,0.5066414090587901,1,12.0,0.5701163091522479,8,72.0
2965.0,3,16.0,0.32653061224489793,8.406371192728235,0,13.0,0.4850357421629424,0,11.0,0.605210815353723,3,18.0,0.46946063449016134,3,42.0
2970.0,1,1.0,0.02,9.518466535510575,0,5.0,0.6617086247784449,0,4.0,0.5889324421747814,1,17.0,0.6541055106390243,1,26.0
2975.0,5,19.0,0.37254901960784315,9.703481113465434,2,7.0,0.7095940389524059,1,9.0,0.6253942286192835,2,11.0,0.5660760484731887,5,27.0
2980.0,6,35.0,0.7291666666666666,9.713436146996154,3,17.0,0.7070553446281657,3,20.0,0.6836363502867339,0,4.0,0.6102243887289589,6,41.0
2985.0,5,35.0,0.7446808510638298,9.111441648033136,1,17.0,0.6305914394239753,3,35.0,0.606891075121155,1,0.0,0.7042979074193942,5,52.0
2990.0,6,20.0,0.4,8.82086022871955,5,18.0,0.4226192212108577,1,16.0,0.6111621966846398,0,0.0,0.7767769997326591,6,34.0
2995.0,10,23.0,0.4423076923076923,6.818227462171183,5,29.0,0.2069500853041063,3,14.0,0.4250665467163588,2,2.0,0.6526455777305996,10,45.0
3000.0,5,15.0,0.30612244897959184,7.850499976740765,1,16.0,0.45282247421454785,3,21.0,0.4200209948744329,1,7.0,0.5871386959276195,5,44.0
3005.0,2,16.0,0.3333333333333333,9.594679396020531,0,4.0,0.643799287461884,0,12.0,0.681209304702119,2,16.0,0.5860557683775779,2,32.0
3010.0,7,34.0,0.7083333333333334,9.192908329555191,2,6.0,0.6596364741670069,1,9.0,0.5870022153918376,4,28.0,0.49450136238020764,7,43.0
3015.0,7,21.0,0.4772727272727273,7.605091651863367,1,3.0,0.5606465531506887,4,24.0,0.38116647363801415,2,15.0,0.537881475728382,7,42.0
3020.0,11,43.0,0.9555555555555556,5.814413325233312,4,17.0,0.3202151776469972,2,26.0,0.27011639264398185,5,19.0,0.2973809458544339,11,62.0
3025.0,7,16.0,0.37209302325581395,6.167185272509809,3,24.0,0.35449781941571934,1,11.0,0.44913591968545713,3,30.0,0.42923959604745704,7,65.0
3030.0,0,0.0,0.0,8.649508172525744,0,6.0,0.5823623245420945,0,14.0,0.5093304585939042,0,16.0,0.6748398963292007,0,36.0
3035.0,8,20.0,0.39215686274509803,9.076304777423474,2,2.0,0.5454560781292661,4,30.0,0.5732758204034627,2,4.0,0.6561358802156367,8,36.0
3040.0,4,18.0,0.33962264150943394,9.366958615711551,1,4.0,0.6730081033029736,2,29.0,0.571794911388474,1,9.0,0.6493023061374895,4,42.0
3045.0,5,16.0,0.3076923076923077,8.540002472139623,1,11.0,0.6680704371031863,2,17.0,0.5085836227490614,2,3.0,0.5378694145660348,5,31.0
3050.0,8,42.0,0.84,8.365464719747667,2,17.0,0.656670867028002,2,16.0,0.5387160450896105,4,13.0,0.48880770963085757,8,46.0
3055.0,6,16.0,0.34782608695652173,7.358598227509703,1,4.0,0.5596589269249862,2,3.0,0.37040327657274125,3,25.0,0.5323464179061295,6,32.0
3060.0,12,35.0,0.7,6.587590476336187,4,15.0,0.46268000146721405,6,24.0,0.20943072190800366,2,15.0,0.40362953767135284,12,54.0
3065.0,6,17.0,0.3333333333333333,6.954544074928242,1,16.0,0.3518602021174946,4,32.0,0.4618230585064087,1,1.0,0.5278918378798266,6,49.0
3070.0,3,4.0,0.07017543859649122,8.112879621028764,1,6.0,0.5233539836662688,0,25.0,0.6275908179563783,2,6.0,0.5630144463554713,3,37.0
3075.0,9,31.0,0.5,9.06927430710809,2,8.0,0.5799917097059076,1,15.0,0.7290118216069893,6,24.0,0.5557713127835485,9,47.0
3080.0,8,39.0,0.639344262295082,8.417529283958189,2,15.0,0.6798895390368334,2,14.0,0.6894718120448639,4,28.0,0.4241220534848178,8,57.0
3085.0,5,12.0,0.2,7.964131559279183,0,7.0,0.6459697854066832,2,13.0,0.5619300339899717,3,27.0,0.43637951889977183,5,47.0
3090.0,9,32.0,0.5333333333333333,7.496577121601139,3,10.0,0.5100309481378585,5,25.0,0.3524096483805595,1,22.0,0.41704405296330194,9,57.0
3095.0,11,35.0,0.6481481481481481,5.688444537191341,2,18.0,0.24637402764171049,4,31.0,0.2911128179677584,5,26.0,0.3102514182202061,11,75.0
3100.0,5,10.0,0.18518518518518517,6.47302609031849,2,10.0,0.41720059153108247,0,25.0,0.5366475623855974,3,36.0,0.3325179376673843,5,71.0
3105.0,4,13.0,0.24528301886792453,9.63662788812773,0,2.0,0.7773562509434723,0,9.0,0.8680244938548041,4,28.0,0.46600859741219647,4,39.0
3110.0,4,24.0,0.4444444444444444,9.58127016579465,2,4.0,0.6050080050361601,0,2.0,0.8434484020394564,2,30.0,0.5657837655717047,4,36.0
3115.0,3,32.0,0.5517241379310345,9.783672726199244,1,2.0,0.5907411866258075,0,0.0,0.8852051301612639,2,33.0,0.6207800468878287,3,35.0
3120.0,8,56.0,0.9824561403508771,8.809630126491006,5,12.0,0.38473593634226744,1,4.0,0.6689541328249338,2,42.0,0.6480133002974361,8,58.0
3125.0,9,71.0,1.2241379310344827,7.862091647752126,1,19.0,0.43789840964670074,6,20.0,0.399713038336328,2,52.0,0.6108032865856686,9,91.0
3130.0,7,14.0,0.25,6.3923640850242105,2,3.0,0.41136497286820384,5,37.0,0.3479279242278719,0,28.0,0.38949335765931964,7,68.0
3135.0,8,19.0,0.3392857142857143,7.459632574094603,1,6.0,0.6063686643495717,1,22.0,0.45644065706294434,6,19.0,0.352643526861084,8,47.0
3140.0,11,29.0,0.5471698113207547,6.630638156230986,3,11.0,0.5405144396448491,3,25.0,0.31167727791966265,5,38.0,0.4059480479537332,11,74.0
3145.0,9,36.0,0.7058823529411765,6.2823012087025605,1,16.0,0.5427458377866932,8,53.0,0.23763769312394922,0,16.0,0.47229510039339506,9,85.0
3150.0,9,25.0,0.45454545454545453,6.433867840984782,1,1.0,0.5721886540357358,6,69.0,0.32727741819837053,2,12.0,0.34243686212765617,9,82.0
3155.0,8,25.0,0.43859649122807015,7.082304611692601,0,2.0,0.5473336697640326,1,38.0,0.4203712840465539,7,37.0,0.3246769857748178,8,77.0
3160.0,4,13.0,0.22033898305084745,7.682750567044759,1,4.0,0.5664952359207779,0,13.0,0.49900474209932666,3,43.0,0.4635509299328817,4,60.0
3165.0,6,20.0,0.3389830508474576,8.569085861228762,5,18.0,0.5491100037666129,1,12.0,0.6768910573675894,0,22.0,0.5246155187448517,6,52.0
3170.0,4,23.0,0.40350877192982454,8.492557427316562,2,24.0,0.5283148564474719,1,12.0,0.7632055750469766,1,20.0,0.4919298523519257,4,56.0
3175.0,9,42.0,0.6885245901639344,7.338049415597916,0,7.0,0.504998351540888,2,18.0,0.6320723147844832,7,44.0,0.3787771969082571,9,69.0
3180.0,7,36.0,0.6,6.9729122856981425,1,3.0,0.5663249119174925,1,21.0,0.7411267685325427,5,54.0,0.2853662781260011,7,78.0
3185.0,6,11.0,0.1746031746031746,7.547404763975248,0,0.0,0.6504074796006287,2,6.0,0.6421716150210525,4,40.0,0.2370583659298867,6,46.0
3190.0,4,14.0,0.21212121212121213,8.521607212041403,0,0.0,0.6735470537812991,3,17.0,0.5675018520054012,1,18.0,0.3699232310028364,4,35.0
3195.0,2,9.0,0.14285714285714285,9.613512085156602,0,0.0,0.7633092241713242,1,18.0,0.6084601870708649,1,14.0,0.6420532942064857,2,32.0
3200.0,5,16.0,0.24242424242424243,8.999738069872144,3,4.0,0.5267835983543234,1,4.0,0.5884060531830908,1,13.0,0.6583231114376754,5,21.0
3205.0,6,20.0,0.3225806451612903,7.900941785381307,4,21.0,0.5054084933458199,0,3.0,0.43363868448427567,2,3.0,0.656795438490698,6,27.0
3210.0,12,40.0,0.7017543859649122,6.558042573766813,2,22.0,0.5864467090405486,7,24.0,0.14092334780367144,3,13.0,0.48770135514860263,12,59.0
3215.0,9,30.0,0.6,5.309290208178547,0,7.0,0.5418385593436085,7,51.0,0.17011771752580093,2,18.0,0.2844578931951936,9,76.0
3220.0,3,6.0,0.12244897959183673,7.920248360026395,1,2.0,0.6422497052945106,2,49.0,0.45149025836120543,0,13.0,0.4681159633798387,3,64.0
3225.0,0,0.0,0.0,10.047105996343452,0,2.0,0.801349353829292,0,20.0,0.6020952301377042,0,4.0,0.7254570439250473,0,26.0
3230.0,3,4.0,0.07017543859649122,9.97150821132802,0,0.0,0.8275350964291749,2,8.0,0.576958926426544,1,5.0,0.6709372485711008,3,13.0
3235.0,8,30.0,0.5263157894736842,9.284602629066567,2,1.0,0.765570910527153,2,13.0,0.6140991741878054,4,20.0,0.518443668765028,8,34.0
3240.0,7,31.0,0.543859649122807,7.622881117324818,2,1.0,0.6414734597910232,3,27.0,0.4970229797569861,2,21.0,0.43797031379031776,7,49.0
3245.0,10,65.0,1.1403508771929824,7.044650925781577,5,18.0,0.4060005218628002,5,49.0,0.4282146580177185,0,3.0,0.48113426404921267,10,70.0
3250.0,5,18.0,0.3157894736842105,6.951166345803737,2,25.0,0.4064610504656958,2,28.0,0.5679090859787088,1,5.0,0.44799267575004925,5,58.0
3255.0,4,2.0,0.03278688524590164,7.30994787287614,0,12.0,0.34996312460652657,1,5.0,0.7440040988592745,3,1.0,0.34042044286213324,4,18.0
3260.0,7,23.0,0.38333333333333336,7.473849117850419,1,4.0,0.4286998350859436,0,2.0,0.75171973254327,6,23.0,0.2962240723218367,7,29.0
3265.0,7,23.0,0.42592592592592593,7.911260528509866,0,1.0,0.7381601415979618,1,1.0,0.7286770556084134,6,50.0,0.27831604596115567,7,52.0
3270.0,5,9.0,0.16071428571428573,7.990606482867959,0,1.0,0.8389144418145769,2,4.0,0.5553812444066195,3,44.0,0.2672924153815162,5,49.0
3275.0,7,31.0,0.5344827586206896,7.732374985872918,2,3.0,0.48709639479358985,4,23.0,0.4610574144523088,1,24.0,0.4030368252618129,7,50.0
3280.0,18,82.0,1.3898305084745763,6.094671334136163,8,25.0,0.2004175690940977,7,55.0,0.2979738227683889,3,21.0,0.4504826626304292,18,101.0
3285.0,20,73.0,1.2166666666666666,4.937776471021153,6,42.0,0.20083138112054816,4,60.0,0.19940384090347754,10,51.0,0.21662949582235064,20,153.0
3290.0,8,35.0,0.6363636363636364,6.86192311627441,1,27.0,0.551650440852849,1,29.0,0.3778472003777402,6,72.0,0.29989186006467977,8,128.0
3295.0,4,14.0,0.2692307692307692,7.764700177035914,1,16.0,0.6048935015141249,2,32.0,0.46403159004686734,1,40.0,0.3878567611203475,4,88.0
3300.0,7,44.0,0.8148148148148148,8.788245724665272,1,18.0,0.6290327739569667,6,57.0,0.45568655206135456,0,4.0,0.499800285872278,7,79.0
3305.0,5,33.0,0.6226415094339622,8.588165776790575,2,26.0,0.6013674305778465,2,56.0,0.4445668817967276,1,0.0,0.5710173787054093,5,82.0
3310.0,6,38.0,0.7307692307692307,7.9669094234159,3,38.0,0.5927734918569445,0,12.0,0.5495858727134215,3,4.0,0.47960267732234924,6,54.0
3315.0,6,63.0,1.1666666666666667,8.333491178955004,2,48.0,0.652130682927896,0,0.0,0.5160519520240272,4,19.0,0.53717038090023,6,67.0
3320.0,4,64.0,1.1428571428571428,8.803119787231974,2,56.0,0.681469568822355,0,0.0,0.6539585631302335,2,22.0,0.5597678584076459,4,78.0
3325.0,6,78.0,1.3928571428571428,9.060152232939453,2,66.0,0.6555647225642651,0,2.0,0.8424847734094779,4,23.0,0.4877205090862238,6,91.0
3330.0,5,10.0,0.17543859649122806,8.395723797839578,1,29.0,0.6471499006224074,1,6.0,0.7570214939440634,3,29.0,0.4462213200621907,5,64.0
3335.0,13,43.0,0.7288135593220338,7.056368023444677,4,10.0,0.41378898144475273,1,6.0,0.7024450790019007,8,42.0,0.29108269342727494,13,58.0
3340.0,14,43.0,0.7678571428571429,5.0588358216192395,4,17.0,0.3580203999417884,3,15.0,0.3633789379369286,7,63.0,0.1832826308585687,14,95.0
3345.0,6,17.0,0.3269230769230769,6.014149222447768,1,7.0,0.41191692000040936,1,13.0,0.5383889735150773,4,55.0,0.23240003507835114,6,75.0
3350.0,5,7.0,0.125,8.108479891631799,1,6.0,0.4344677794950034,0,6.0,0.8639104410800976,4,41.0,0.4060943636392723,5,53.0
3355.0,6,28.0,0.49122807017543857,9.416004739598279,5,27.0,0.4384438031348841,0,2.0,0.8615451279493848,1,33.0,0.6224530574929232,6,62.0
3360.0,5,18.0,0.3333333333333333,8.93199376343786,3,29.0,0.43060482509780146,1,3.0,0.752032930669738,1,20.0,0.7233103053377892,5,52.0
3365.0,3,23.0,0.4339622641509434,10.215103390176065,0,10.0,0.6248317620922905,1,10.0,0.8093513171663842,2,15.0,0.704206102976979,3,35.0
3370.0,5,16.0,0.3018867924528302,9.07825876567891,1,1.0,0.6751301467422288,1,17.0,0.7316985310977958,3,3.0,0.4523749816695346,5,21.0
3375.0,7,42.0,0.8235294117647058,8.097389360421104,1,2.0,0.5167743340253992,1,20.0,0.710807552705505,5,23.0,0.38616527712669285,7,45.0
3380.0,11,53.0,1.1521739130434783,6.098707068860824,7,23.0,0.37938461130131573,1,25.0,0.6430668272728522,3,30.0,0.3385598802073273,11,78.0
3385.0,10,50.0,1.0416666666666667,6.782338949431704,8,46.0,0.3683813315118735,1,32.0,0.6685158719147191,1,11.0,0.5524126065463312,10,89.0
3390.0,3,4.0,0.08163265306122448,7.428891679780392,0,32.0,0.35280874880069624,0,4.0,0.8913946307474768,3,14.0,0.5225599165539229,3,50.0
3395.0,7,30.0,0.5660377358490566,7.846101068835108,0,5.0,0.4576180461758457,0,4.0,0.8287300264747606,7,40.0,0.3003252875684691,7,49.0
3400.0,9,24.0,0.43636363636363634,7.868323402624734,2,0.0,0.5995043972804787,0,2.0,0.8321239737086472,7,58.0,0.21706065624998636,9,60.0
3405.0,1,1.0,0.0196078431372549,9.944014185721151,0,0.0,0.8237161397010669,0,2.0,0.8247767425763026,1,29.0,0.4180174514482256,1,31.0
3410.0,2,0.0,0.0,10.22295590634763,1,0.0,0.719029727126018,0,2.0,0.7996875993382593,1,8.0,0.5396332733723646,2,10.0
3415.0,1,3.0,0.058823529411764705,11.254340976012475,1,3.0,0.7495713456687826,0,2.0,0.8360338676443521,0,0.0,0.7231457026706154,1,5.0
3420.0,1,0.0,0.0,10.578759920269215,1,0.0,0.6146385797621213,0,0.0,0.7443150285148604,0,0.0,0.8326723575601054,1,0.0
3425.0,3,11.0,0.22448979591836735,9.530816372306775,2,7.0,0.5564607996922919,1,4.0,0.7243078826997772,0,0.0,0.693409312260826,3,11.0
3430.0,3,11.0,0.22,9.047142195108416,1,5.0,0.5825242304498771,2,11.0,0.6304509549239925,0,0.0,0.6990069809330475,3,16.0
3435.0,4,9.0,0.17307692307692307,8.815040259062373,2,5.0,0.5831825685442571,2,11.0,0.5327504791303972,0,0.0,0.6798195691529973,4,16.0
3440.0,9,35.0,0.660377358490566,8.118515505095834,3,7.0,0.5298930021136375,5,25.0,0.3680346128989763,1,5.0,0.646126158030173,9,37.0
3445.0,13,60.0,1.0909090909090908,6.8633716261618885,7,32.0,0.28183065834089505,5,34.0,0.2843644011916671,1,10.0,0.5888158187947045,13,76.0
3450.0,7,32.0,0.6530612244897959,7.9421614224517,4,44.0,0.42189397674932494,1,31.0,0.4514363377427033,2,15.0,0.630720133029196,7,90.0
3455.0,1,20.0,0.45454545454545453,9.834024309266715,0,11.0,0.6093448452459644,0,14.0,0.7100074560288003,1,20.0,0.705991104376792,1,45.0
3460.0,2,25.0,0.5813953488372093,10.070701094345472,1,0.0,0.7043662966014744,0,14.0,0.6432082074603284,1,25.0,0.6992348531755261,2,39.0
3465.0,5,47.0,1.0444444444444445,8.75733614796292,0,0.0,0.764960931647411,3,26.0,0.4776681630615466,2,35.0,0.5372246927008635,5,61.0
3470.0,6,57.0,1.2391304347826086,8.05213808389293,0,0.0,0.7825602385618394,3,34.0,0.39582023178306425,3,45.0,0.48268117832588997,6,79.0
3475.0,0,0.0,0.0,9.402141668159187,0,2.0,0.8179205627209583,0,17.0,0.6038301456269739,0,2.0,0.6349004594286483,0,21.0
3480.0,3,6.0,0.13043478260869565,9.698280850860973,1,3.0,0.6091782755611891,0,2.0,0.6614292508143123,2,5.0,0.6775891890953977,3,10.0
3485.0,3,10.0,0.24390243902439024,9.885610396811984,3,12.0,0.6966386782832701,0,0.0,0.6930647949463298,0,3.0,0.7066952438537705,3,15.0
3490.0,3,4.0,0.09302325581395349,7.297341369911627,1,14.0,0.41934854295630175,1,3.0,0.36820200089218463,1,0.0,0.6794418468864125,3,17.0
3495.0,6,21.0,0.44680851063829785,8.51257443758652,2,9.0,0.5138847515098328,4,19.0,0.4972885623338244,0,0.0,0.6412724004223406,6,28.0
3500.0,4,23.0,0.4791666666666667,9.656373909126374,3,16.0,0.5356218204197977,1,25.0,0.638542336207748,0,0.0,0.7763370339536879,4,41.0
3505.0,7,40.0,0.8333333333333334,9.228389782174505,3,30.0,0.5402890704833202,2,14.0,0.7106495692999479,2,7.0,0.5266143120007069,7,51.0
3510.0,10,79.0,1.8372093023255813,8.502473770436312,3,45.0,0.6326154780393658,1,10.0,0.7197119820678683,6,26.0,0.41512086460650016,10,81.0
3515.0,3,7.0,0.16279069767441862,6.744695557100638,1,12.0,0.6623452356233758,0,0.0,0.48966674953593026,2,32.0,0.33388824230133146,3,44.0
3520.0,6,17.0,0.3695652173913043,7.010063717786125,1,2.0,0.3934205729986799,4,17.0,0.3901390838857416,1,12.0,0.46778154087354845,6,31.0
3525.0,3,9.0,0.20454545454545456,6.710598179300647,1,6.0,0.4655710549999069,2,23.0,0.41581639519664904,0,5.0,0.5039488628424934,3,34.0
3530.0,9,23.0,0.48936170212765956,7.695384519036782,2,4.0,0.5306414390501343,0,7.0,0.670479376086994,7,29.0,0.44339913606650383,9,40.0
3535.0,5,13.0,0.2549019607843137,8.141549884463972,1,5.0,0.6216231831280672,0,2.0,0.7800911432901977,4,41.0,0.4592277303915423,5,48.0
3540.0,2,9.0,0.18,9.025063799767914,2,11.0,0.5414252530949708,0,4.0,0.782207950901074,0,20.0,0.5256960360670755,2,35.0
3545.0,2,4.0,0.08888888888888889,8.635295239536049,1,13.0,0.4872549658323511,0,2.0,0.8517859541440458,1,4.0,0.4332066144713124,2,19.0
3550.0,1,6.0,0.13043478260869565,9.991099154995268,0,3.0,0.6155843882620737,0,4.0,0.8812140765179773,1,6.0,0.6431840310398833,1,13.0
3555.0,2,1.0,0.020833333333333332,9.601147419084723,1,0.0,0.6905102115738734,0,2.0,0.8726110180815964,1,1.0,0.5127911343382777,2,3.0
3560.0,6,19.0,0.40425531914893614,9.603529561757995,0,0.0,0.7308360827949106,0,2.0,0.881269843642108,6,19.0,0.4457722168170021,6,21.0
3565.0,3,8.0,0.16666666666666666,8.650600710992888,0,0.0,0.7599848520967274,0,0.0,0.8050029208999969,3,26.0,0.35530491400668734,3,26.0
3570.0,4,3.0,0.05555555555555555,8.988867738496326,2,3.0,0.6189229735221701,1,2.0,0.7552073551534652,1,9.0,0.543372506362832,4,14.0
3575.0,3,2.0,0.03508771929824561,9.688455698440489,3,5.0,0.5410755200962205,0,2.0,0.7836541560954156,0,0.0,0.7958514066240683,3,7.0
3580.0,7,26.0,0.43333333333333335,9.0829512450594,5,18.0,0.383780285258269,1,4.0,0.6941488649890778,1,4.0,0.7534487484067628,7,26.0
3585.0,12,67.0,1.1754385964912282,7.532715200770426,8,52.0,0.3057119580028134,2,5.0,0.47613246631783795,2,14.0,0.658140526334617,12,71.0
3590.0,14,74.0,1.3962264150943395,6.108934471490784,5,66.0,0.2525274087204905,6,26.0,0.2929617527797893,3,24.0,0.6328140410289768,14,116.0
3595.0,10,63.0,1.1886792452830188,6.835449557376783,2,36.0,0.3536288053079878,8,64.0,0.3131873799768987,0,13.0,0.6398786140011772,10,113.0
3600.0,9,38.0,0.7307692307692307,6.429485676981407,1,15.0,0.4673172887921917,4,71.0,0.34179138957644806,4,12.0,0.2729376265869581,9,98.0
