step,system_total_stopped,system_total_waiting_time,system_mean_waiting_time,system_mean_speed,A0_stopped,A0_accumulated_waiting_time,A0_average_speed,B0_stopped,B0_accumulated_waiting_time,B0_average_speed,C0_stopped,C0_accumulated_waiting_time,C0_average_speed,agents_total_stopped,agents_total_accumulated_waiting_time
5.0,0,0.0,0.0,3.601564694358967,0,0.0,0.25156875389606514,0,0.0,1.0,0,0.0,1.0,0,0.0
10.0,0,0.0,0.0,9.37384620681405,0,0.0,0.9682229532414999,0,0.0,1.0,0,0.0,0.3349633191822056,0,0.0
15.0,1,0.0,0.0,9.320807953137168,0,0.0,1.0,0,0.0,1.0,1,0.0,0.4936373098172371,1,0.0
20.0,1,0.0,0.0,9.092702322037075,1,0.0,0.0,0,0.0,0.5723805732727235,0,0.0,0.7877528072548103,1,0.0
25.0,1,0.0,0.0,7.869414954474291,0,0.0,0.7409028538757751,0,0.0,0.583642462383528,1,0.0,0.49227792223155503,1,0.0
30.0,1,3.0,0.3333333333333333,7.996248967594855,0,0.0,0.5274507038438316,0,0.0,1.0,1,3.0,0.6332883116468454,1,3.0
35.0,1,0.0,0.0,8.274192968098472,1,0.0,0.5495138633552669,0,0.0,1.0,0,0.0,0.6264897323131564,1,0.0
40.0,0,0.0,0.0,11.158106548617683,0,0.0,0.7116696241490457,0,2.0,0.8933229647595726,0,0.0,0.8292120518834881,0,2.0
45.0,0,0.0,0.0,11.717068467016924,0,0.0,0.8868129499096553,0,2.0,0.9538238172635787,0,0.0,0.7830042393250686,0,2.0
50.0,2,2.0,0.11764705882352941,9.88222757507731,1,1.0,0.49945343585778257,0,0.0,0.9688319354433055,1,1.0,0.5652571686874371,2,2.0
55.0,4,11.0,0.7333333333333333,7.176532269842971,1,3.0,0.4650716421413037,0,0.0,0.9741546852530709,3,10.0,0.4224475473808244,4,13.0
60.0,3,9.0,0.45,6.629510526209586,1,6.0,0.6659489574358384,1,2.0,0.6162094819163333,1,14.0,0.27207741858080464,3,22.0
65.0,2,5.0,0.20833333333333334,9.130260900282368,0,0.0,0.6383639073352266,0,4.0,0.8433272378373786,2,8.0,0.5167442339536842,2,12.0
70.0,3,14.0,0.5384615384615384,9.384296068294033,2,4.0,0.5795806066743597,0,4.0,0.7915017361746232,1,10.0,0.5277993888987088,3,18.0
75.0,1,0.0,0.0,8.455386496138606,1,4.0,0.4340776145826284,0,2.0,0.8098190296852436,0,0.0,0.605544172711381,1,6.0
80.0,2,9.0,0.32142857142857145,11.24716485354337,1,5.0,0.6573829598753763,0,0.0,0.7995648280603357,1,4.0,0.807392680268722,2,9.0
85.0,3,10.0,0.37037037037037035,9.603560333234928,1,10.0,0.6932621117513023,0,0.0,0.9641590275526835,2,0.0,0.5083567804685116,3,10.0
90.0,4,24.0,0.8571428571428571,10.52026326954001,2,19.0,0.6554527578564737,0,2.0,0.9569051271293054,2,5.0,0.5665911875699797,4,26.0
95.0,4,40.0,1.6,10.023200170601314,2,29.0,0.6466422669568821,1,3.0,0.7515215973889964,1,10.0,0.6463038715877604,4,42.0
100.0,6,29.0,1.16,7.344314972291647,3,15.0,0.26241212127630165,1,8.0,0.7104150654669156,2,20.0,0.5146498494350483,6,43.0
105.0,8,51.0,1.8888888888888888,6.642592370924827,5,21.0,0.12615288370274172,1,1.0,0.5845231269501189,2,30.0,0.41130427398299346,8,52.0
110.0,2,6.0,0.24,8.312604683000853,1,25.0,0.4668060051963819,0,0.0,0.805160412523879,1,15.0,0.5508562215668634,2,40.0
115.0,2,6.0,0.23076923076923078,9.809304916537572,0,6.0,0.739085669884383,1,4.0,0.5176096702441616,1,6.0,0.6311222882620414,2,16.0
120.0,3,13.0,0.48148148148148145,9.919676355667187,0,0.0,0.7766139505610721,3,15.0,0.3717319854227513,0,0.0,0.7182825166815234,3,15.0
125.0,1,0.0,0.0,9.419227582391672,0,0.0,0.5789603061421124,0,17.0,0.7057177832000168,1,0.0,0.5832313259455602,1,17.0
130.0,2,5.0,0.18518518518518517,10.275335370833638,2,7.0,0.6374978613407242,0,2.0,0.949920265415913,0,0.0,0.7207606007284165,2,9.0
135.0,3,4.0,0.14814814814814814,9.16624393239674,1,5.0,0.5377728944809014,0,2.0,0.9381752832325958,2,3.0,0.5528294856421949,3,10.0
140.0,4,11.0,0.4074074074074074,9.32674255119846,3,13.0,0.634895656346366,0,0.0,0.8380289113152933,1,4.0,0.655294833428376,4,17.0
145.0,1,0.0,0.0,9.430819683963266,0,4.0,0.5810888920388549,0,2.0,0.7889154925210621,1,0.0,0.7980143685007309,1,6.0
150.0,3,10.0,0.3448275862068966,9.858234427066014,2,7.0,0.5532102716361404,1,5.0,0.6862976845852348,0,0.0,0.6916281000562704,3,12.0
155.0,6,26.0,1.0833333333333333,7.853970503212288,5,23.0,0.1779754598542394,0,2.0,0.8062232894533309,1,3.0,0.7293128754009942,6,28.0
160.0,2,13.0,0.52,7.3373101999420705,1,28.0,0.21776356794542392,0,2.0,0.5374849189570423,1,8.0,0.7533434438559258,2,38.0
165.0,1,13.0,0.5,9.202904991257618,0,5.0,0.5788627344373678,0,2.0,0.5693294774089824,1,13.0,0.6328391073097611,1,20.0
170.0,4,7.0,0.25925925925925924,9.407964088483888,2,9.0,0.662800476913404,1,5.0,0.722671083402671,1,0.0,0.21818200006577634,4,14.0
175.0,5,19.0,0.6129032258064516,9.131383948551116,2,19.0,0.6086993226200481,2,7.0,0.6458002574364003,1,0.0,0.435774326152704,5,26.0
180.0,5,20.0,0.7407407407407407,7.790501227696002,0,2.0,0.6488092919866836,5,22.0,0.10366610149174102,0,0.0,0.873578234402941,5,24.0
185.0,2,4.0,0.15384615384615385,7.112113199972579,1,1.0,0.5414429660991114,1,26.0,0.46447684518779614,0,0.0,0.4321792896850037,2,27.0
190.0,2,8.0,0.27586206896551724,9.82411340313233,1,8.0,0.6833943583347147,0,5.0,0.8576938374100501,1,4.0,0.6744789392112059,2,17.0
195.0,2,18.0,0.6,11.326201275592966,1,13.0,0.7892276238505799,0,0.0,0.9548158702902778,1,9.0,0.7780612473763958,2,22.0
200.0,4,17.0,0.5862068965517241,9.414698264905725,1,3.0,0.6908842730218927,0,0.0,0.9483355838346839,3,18.0,0.6374118235837957,4,21.0
205.0,5,17.0,0.5862068965517241,6.558149253657905,5,19.0,0.33361289024407764,0,0.0,0.953546907655785,0,8.0,0.5276092607509469,5,27.0
210.0,1,4.0,0.14285714285714285,8.30775757563917,1,24.0,0.3119891114110527,0,2.0,0.8112236737480986,0,0.0,0.8470709882485421,1,26.0
215.0,5,4.0,0.12903225806451613,9.525354805738711,3,7.0,0.4194117900752083,0,4.0,0.8401332681527194,2,1.0,0.6772105328539565,5,12.0
220.0,2,14.0,0.42424242424242425,10.568202575886174,1,8.0,0.6230160980967901,0,2.0,0.8639421650726502,1,6.0,0.5776991428980671,2,16.0
225.0,1,11.0,0.3548387096774194,10.574946855937325,0,0.0,0.6239737980399229,0,2.0,0.8419410947730491,1,11.0,0.6285183872795876,1,13.0
230.0,3,20.0,0.6666666666666666,10.052947004967981,1,4.0,0.7082711452481719,0,0.0,0.8175401560854049,2,16.0,0.551184670150658,3,20.0
235.0,2,21.0,0.7241379310344828,9.384461561032383,1,0.0,0.6161621405514895,0,0.0,0.7295483119820456,1,21.0,0.6876886030453185,2,21.0
240.0,1,0.0,0.0,9.812597163197458,0,0.0,0.652582081811726,0,2.0,0.9000051511979893,1,0.0,0.6025412080953338,1,2.0
245.0,4,11.0,0.36666666666666664,9.080281858151237,1,5.0,0.7368717030542807,0,2.0,0.740381143391271,3,6.0,0.4331675340665477,4,13.0
250.0,3,2.0,0.06451612903225806,7.085216829828575,1,2.0,0.4929886824791643,2,2.0,0.5219545433596443,0,3.0,0.4646404360978482,3,7.0
255.0,7,22.0,0.6666666666666666,7.172466170274745,5,17.0,0.2654766564545187,1,6.0,0.5343304335700271,1,3.0,0.6493951142151407,7,26.0
260.0,5,17.0,0.53125,6.8589631825264785,3,27.0,0.3226963260129045,1,8.0,0.5309821359332536,1,3.0,0.5762675500005265,5,38.0
265.0,3,11.0,0.3142857142857143,7.795487895958439,0,21.0,0.39024926831369183,2,9.0,0.520391696587425,1,10.0,0.5475477696848902,3,40.0
270.0,6,29.0,0.8787878787878788,8.651205704426062,2,9.0,0.6349741542200511,1,7.0,0.5269080695209327,3,25.0,0.5306397541320188,6,41.0
275.0,4,23.0,0.6764705882352942,8.66075894961493,1,8.0,0.6104302242263019,3,19.0,0.3420521442015964,0,10.0,0.6754226428658997,4,37.0
280.0,0,0.0,0.0,8.423240210017383,0,0.0,0.7490700248007132,0,12.0,0.5587499172090035,0,0.0,0.4307927828330896,0,12.0
285.0,5,11.0,0.3793103448275862,9.56527877985872,3,8.0,0.5465669684006876,0,2.0,0.9212688602313515,2,7.0,0.5557110448890185,5,17.0
290.0,4,15.0,0.5769230769230769,8.370077003438855,2,6.0,0.32255643288793784,0,2.0,0.6370090276708785,2,17.0,0.6143733329086648,4,25.0
295.0,4,5.0,0.21739130434782608,7.608384969027779,1,0.0,0.4670814160139875,2,9.0,0.5184760274908765,1,11.0,0.4033962164759545,4,20.0
300.0,3,20.0,0.8333333333333334,9.351617023530714,0,0.0,0.7323130310557594,3,24.0,0.5625952869814874,0,0.0,0.4309702619851563,3,24.0
305.0,2,3.0,0.125,9.661580027412334,1,2.0,0.5230724862111533,0,10.0,0.6547478914902902,1,1.0,0.5534293793655446,2,13.0
310.0,4,16.0,0.6666666666666666,9.911490233664898,2,12.0,0.5693580690099485,0,0.0,0.8859677564677471,2,8.0,0.5552349631124249,4,20.0
315.0,2,0.0,0.0,9.495052024042783,1,8.0,0.61356463873741,0,0.0,0.71339568373086,1,2.0,0.6955458587544102,2,10.0
320.0,2,8.0,0.34782608695652173,9.810962837476831,1,7.0,0.619121749432459,1,3.0,0.6470665867380222,0,2.0,0.7407463598097275,2,12.0
325.0,3,2.0,0.07407407407407407,7.827839684644291,1,0.0,0.4349388101063166,1,2.0,0.4635361572039577,1,0.0,0.626777263427774,3,2.0
330.0,4,11.0,0.3793103448275862,8.458423748626082,1,3.0,0.6899254122187337,1,9.0,0.5203651503734725,2,1.0,0.4583072297561635,4,13.0
335.0,6,33.0,1.1785714285714286,8.839818222300499,0,0.0,0.7618200644083373,2,18.0,0.5822448417775326,4,17.0,0.47274108375883855,6,35.0
340.0,2,5.0,0.16666666666666666,7.643968084183326,2,5.0,0.11853912190880614,0,2.0,0.8399934880221963,0,15.0,0.39215553511139817,2,22.0
345.0,8,28.0,1.12,7.64625968301058,6,22.0,0.13953580035159124,0,2.0,0.8705233824600511,2,10.0,0.5998185978154018,8,34.0
350.0,2,10.0,0.38461538461538464,9.098535158009199,1,25.0,0.452072656197905,0,2.0,0.7534113235424201,1,7.0,0.7221908940414872,2,34.0
355.0,1,9.0,0.3333333333333333,10.270419355614703,0,0.0,0.629890294971086,0,4.0,0.8598798351414885,1,11.0,0.5839539093227567,1,15.0
360.0,2,4.0,0.16,7.518415563646716,1,3.0,0.5904807372480585,1,5.0,0.53190807909488,0,0.0,0.2891033878085998,2,8.0
365.0,5,19.0,0.7916666666666666,8.942691529027156,1,8.0,0.7196468275645402,3,17.0,0.5918737477616416,1,0.0,0.526084695505553,5,25.0
370.0,1,13.0,0.5,9.155926054862121,1,13.0,0.5799054630875435,0,14.0,0.5840030073408066,0,0.0,0.628322734563293,1,27.0
375.0,2,18.0,0.6428571428571429,10.306176842919934,1,20.0,0.6385411486400533,1,2.0,0.7147984126573431,0,1.0,0.8163656890083921,2,23.0
380.0,2,25.0,0.9615384615384616,10.81743742092104,2,27.0,0.634743287149874,0,0.0,0.7549997891405267,0,1.0,0.8459197315294857,2,28.0
385.0,5,38.0,1.4074074074074074,8.426551957550897,3,37.0,0.5502548206513205,2,3.0,0.4602938322512422,0,0.0,0.7947063323722033,5,40.0
390.0,4,48.0,1.6551724137931034,8.235190375857918,2,45.0,0.5789178023403212,1,6.0,0.5282593470250828,1,1.0,0.5464584857021517,4,52.0
395.0,1,6.0,0.1875,10.031365780532635,0,15.0,0.6540587208322948,0,2.0,0.6892550164631656,1,8.0,0.6751168056631406,1,25.0
400.0,3,16.0,0.45714285714285713,10.450843072073464,2,5.0,0.6552307971047762,0,0.0,0.7783464021966898,1,13.0,0.6770748481037574,3,18.0
405.0,3,20.0,0.6451612903225806,10.245342816344586,0,0.0,0.7457523743815352,1,1.0,0.608526431634994,2,21.0,0.7218394738251388,3,22.0
410.0,3,6.0,0.2,9.452684028263526,0,0.0,0.7976110612402875,2,6.0,0.6236524705599995,1,0.0,0.5912763289787557,3,6.0
415.0,2,6.0,0.1875,9.598292234849943,0,0.0,0.6774474361432208,0,0.0,0.8915092591227414,2,6.0,0.41734210233774305,2,6.0
420.0,3,5.0,0.16129032258064516,7.665369403714466,1,2.0,0.43809175587668864,0,0.0,0.6765205356903846,2,11.0,0.2839769499852711,3,13.0
425.0,8,31.0,0.96875,7.804311320512509,4,16.0,0.4336027640147731,2,7.0,0.5865862561764272,2,12.0,0.43081580424760213,8,35.0
430.0,1,2.0,0.0625,7.425017884409672,0,16.0,0.6298259325422758,0,5.0,0.4488491354466718,1,4.0,0.4422518109865116,1,25.0
435.0,5,21.0,0.6,8.918843982425,1,3.0,0.5125834351359635,1,7.0,0.7218238556530028,3,19.0,0.4169349277930332,5,29.0
440.0,5,18.0,0.47368421052631576,8.705253252429166,3,10.0,0.555100601919425,1,10.0,0.6312854944760585,1,17.0,0.5748979876141088,5,37.0
445.0,3,20.0,0.5263157894736842,9.193334933463191,2,20.0,0.6910156931634905,0,5.0,0.5650628811553999,1,4.0,0.6383341008843042,3,29.0
450.0,4,6.0,0.15384615384615385,7.186452854375953,1,12.0,0.6318502286753804,3,8.0,0.5124610663002194,0,2.0,0.355371933652907,4,22.0
455.0,7,24.0,0.5853658536585366,7.301526339297047,2,9.0,0.31146733012348865,1,11.0,0.518553419884767,4,16.0,0.45558396074868474,7,36.0
460.0,9,46.0,1.1794871794871795,7.167581950510979,2,13.0,0.46069480347768565,1,8.0,0.6044914468167946,6,42.0,0.4462254599281839,9,63.0
465.0,4,28.0,0.717948717948718,8.074828475077584,0,3.0,0.7100459177630123,3,18.0,0.39793831014102415,1,42.0,0.4781432725738118,4,63.0
470.0,5,35.0,0.875,9.828173328073552,1,0.0,0.7257565910987046,3,35.0,0.6441869513338178,1,18.0,0.6024935893583674,5,53.0
475.0,2,9.0,0.23076923076923078,10.355659998470006,0,0.0,0.8713089095921553,1,16.0,0.6902234834366462,1,11.0,0.4979344901616365,2,27.0
480.0,2,14.0,0.34146341463414637,10.318808802892864,0,0.0,0.639548646588172,0,4.0,0.6851180333708993,2,16.0,0.4741260376407615,2,20.0
485.0,8,38.0,1.027027027027027,7.506377787062908,1,5.0,0.5146419121674203,5,18.0,0.35382451004002724,2,21.0,0.4013442593460594,8,44.0
490.0,6,40.0,1.1764705882352942,6.010099208935082,0,0.0,0.5408240872649611,4,29.0,0.18090008948064348,2,29.0,0.4596022667687783,6,58.0
495.0,7,52.0,1.625,6.398751613076079,1,6.0,0.6098303116264702,2,26.0,0.212524130018643,4,43.0,0.4264906965129438,7,75.0
500.0,5,8.0,0.24242424242424243,6.480710192222017,1,5.0,0.6554960145713498,3,29.0,0.19969682640434241,1,15.0,0.5834468925813869,5,49.0
505.0,7,35.0,1.0294117647058822,8.039936243913617,1,2.0,0.7870957520476419,6,58.0,0.2668162498679574,0,2.0,0.6221080790253893,7,62.0
510.0,6,19.0,0.59375,6.231434317457011,1,3.0,0.4039654560827757,4,62.0,0.3235356021968335,1,0.0,0.6949254261964936,6,65.0
515.0,5,18.0,0.5294117647058824,7.4766679701566465,5,22.0,0.2868862653330519,0,37.0,0.45863779630800816,0,2.0,0.8738781657547413,5,61.0
520.0,3,3.0,0.075,8.499659207363035,2,23.0,0.4572203323466972,1,14.0,0.46999334412427324,0,2.0,0.7989125856106413,3,39.0
525.0,3,13.0,0.29545454545454547,10.277222093246621,1,2.0,0.6194884901811518,2,17.0,0.7009019971488754,0,0.0,0.86916368052636,3,19.0
530.0,2,3.0,0.06818181818181818,10.245005697773852,1,3.0,0.7180911147596138,0,10.0,0.6489681573143512,1,0.0,0.8127152418028242,2,13.0
535.0,3,11.0,0.22916666666666666,9.51568723584833,0,0.0,0.5774756631454001,3,13.0,0.6479975406353168,0,0.0,0.7275492586697161,3,13.0
540.0,2,8.0,0.17777777777777778,9.562516789487669,2,8.0,0.5551351091414138,0,11.0,0.38017635176976244,0,0.0,0.9321692669349453,2,19.0
545.0,2,2.0,0.05,8.924798666264607,1,11.0,0.5748358672169189,0,0.0,0.4154922447045711,1,3.0,0.61692739309396,2,14.0
550.0,3,11.0,0.3142857142857143,9.88629615329835,0,3.0,0.6441795207158348,0,2.0,0.8134368944397231,3,13.0,0.5850495626629297,3,18.0
555.0,1,2.0,0.058823529411764705,9.96478751544332,0,0.0,0.8100189464609537,0,2.0,0.7661724859664517,1,10.0,0.5711073378945277,1,12.0
560.0,3,10.0,0.29411764705882354,10.683291237930609,0,0.0,0.8997828544347357,1,7.0,0.7054333802019699,2,7.0,0.6297443663516076,3,14.0
565.0,1,12.0,0.34285714285714286,8.78555460049426,0,0.0,0.471951447026674,0,2.0,0.7258156644361653,1,12.0,0.5646489472971491,1,14.0
570.0,6,14.0,0.4,8.233018868256305,6,16.0,0.3489486710654522,0,2.0,0.6965771322361409,0,0.0,0.7187698989423823,6,18.0
575.0,2,9.0,0.25,8.165496879111991,0,20.0,0.4144624005441749,0,2.0,0.705924231362778,2,9.0,0.5759311504605721,2,31.0
580.0,0,0.0,0.0,8.878949539209355,0,2.0,0.6573922325888929,0,2.0,0.7285619840804165,0,2.0,0.5997901448079266,0,6.0
585.0,0,0.0,0.0,10.18696483180931,0,0.0,0.6955808872134168,0,4.0,0.8072570713612031,0,0.0,0.6408974950461853,0,4.0
590.0,2,4.0,0.09523809523809523,10.426152406770283,0,0.0,0.763627877855711,0,4.0,0.8180452256060613,2,4.0,0.46419111280148917,2,8.0
595.0,2,2.0,0.046511627906976744,9.767594901674363,1,1.0,0.7119510641839276,0,2.0,0.748627431800808,1,1.0,0.5732129212461364,2,4.0
600.0,8,23.0,0.575,6.679733406865353,3,9.0,0.3743404283338189,3,10.0,0.23245431975870903,2,6.0,0.5932937901518583,8,25.0
605.0,3,7.0,0.1891891891891892,5.292713115814243,1,13.0,0.21601240818195394,2,16.0,0.07290041479154637,0,0.0,0.5481423513434084,3,29.0
610.0,4,11.0,0.3333333333333333,8.011077044663914,2,11.0,0.4328352265953345,0,9.0,0.5440843656364471,2,7.0,0.5959647606257077,4,27.0
615.0,4,7.0,0.19444444444444445,8.850997667673415,3,16.0,0.4579922554133574,1,2.0,0.6685270783148519,0,2.0,0.8025269001874415,4,20.0
620.0,4,27.0,0.6923076923076923,9.810076865316308,4,32.0,0.5528379346292746,0,2.0,0.7789439954189628,0,2.0,0.7980811433242999,4,36.0
625.0,2,1.0,0.027777777777777776,7.108581130367523,0,21.0,0.4325359719234219,1,3.0,0.42444016317375943,1,0.0,0.5748295707838998,2,24.0
630.0,7,17.0,0.5,8.93261399948897,3,6.0,0.38490809123329717,3,16.0,0.5478623559853063,1,0.0,0.658909262962892,7,22.0
635.0,6,25.0,0.78125,8.769206711174444,4,21.0,0.22552352552669108,0,15.0,0.7528386495595862,2,4.0,0.4379934238080741,6,40.0
640.0,4,19.0,0.5757575757575758,9.463331642322343,1,9.0,0.547920306313007,0,2.0,0.8610645992841267,3,21.0,0.4016319159521839,4,32.0
645.0,0,0.0,0.0,10.298285833555873,0,0.0,0.7791960626635999,0,0.0,0.7212315994528181,0,15.0,0.6522457086228166,0,15.0
650.0,0,0.0,0.0,11.30748450802325,0,0.0,0.8036605281421413,0,2.0,0.8545904366271512,0,2.0,0.819810296893645,0,4.0
655.0,4,1.0,0.038461538461538464,10.325975369204286,1,0.0,0.6797709637784324,2,5.0,0.6249354787998028,1,0.0,0.754848109467548,4,5.0
660.0,1,6.0,0.21428571428571427,11.150250328232906,0,0.0,0.7521650734867549,1,10.0,0.721653854947187,0,0.0,0.8264642251412103,1,10.0
665.0,0,0.0,0.0,10.323101095728138,0,0.0,0.7446952569461688,0,2.0,0.6433136529251139,0,0.0,0.70907613501762,0,2.0
670.0,4,11.0,0.4074074074074074,9.803500655598535,0,0.0,0.8960693716401152,3,11.0,0.4585207163113896,1,2.0,0.49447044222800696,4,13.0
675.0,2,2.0,0.08,7.105502969064376,2,2.0,0.4026626755519088,0,12.0,0.4927563055669038,0,0.0,0.55304898081508,2,14.0
680.0,1,4.0,0.16666666666666666,8.585837759632769,0,6.0,0.5197193007513745,1,4.0,0.5688811973429664,0,2.0,0.6662995686815664,1,12.0
685.0,2,3.0,0.13636363636363635,8.523102391756302,0,2.0,0.5701711035711848,2,5.0,0.43765629278357404,0,2.0,0.904140822359707,2,9.0
690.0,5,21.0,0.8076923076923077,8.995739626371059,3,10.0,0.5152237539309813,2,16.0,0.6025301223104793,0,2.0,0.8209084794742556,5,28.0
695.0,3,23.0,0.7931034482758621,8.983180540379486,0,6.0,0.5478200869576242,2,26.0,0.6271342837150174,1,0.0,0.4657947236655401,3,32.0
700.0,5,8.0,0.25,7.99885386656093,3,7.0,0.5155066271936375,1,18.0,0.3751426609480458,1,0.0,0.5550148045743948,5,25.0
705.0,3,5.0,0.13513513513513514,8.359142817459855,1,5.0,0.5925278881318528,2,6.0,0.4389783454590358,0,2.0,0.6970805058998706,3,13.0
710.0,4,20.0,0.5405405405405406,10.175445811066183,1,0.0,0.7948734753948206,2,15.0,0.5562404085629511,1,7.0,0.7830587090009546,4,22.0
715.0,4,3.0,0.07692307692307693,8.776307537774407,3,3.0,0.6489861398888228,1,2.0,0.5818872596000598,0,4.0,0.6784595257671527,4,9.0
720.0,2,0.0,0.0,9.764847733765802,0,0.0,0.5216510400628848,0,2.0,0.8086411874573887,2,2.0,0.6692950725487347,2,4.0
725.0,7,10.0,0.23255813953488372,8.530778844011886,6,9.0,0.29221277236027066,1,3.0,0.6902125464262208,0,2.0,0.7932205014320614,7,14.0
730.0,4,10.0,0.2564102564102564,8.956844546807568,2,11.0,0.47096758949027356,2,9.0,0.663731465762888,0,0.0,0.7489623848159388,4,20.0
735.0,4,6.0,0.13636363636363635,8.847474320479908,2,4.0,0.48244535621901696,0,8.0,0.651709225984247,2,3.0,0.6537337159547879,4,15.0
740.0,5,16.0,0.38095238095238093,9.2413202438235,1,6.0,0.5888316600200779,2,9.0,0.6341342121046613,2,8.0,0.6674851741286059,5,23.0
745.0,6,26.0,0.6190476190476191,8.226427235497278,2,9.0,0.37712251206341096,1,13.0,0.6031491256785765,3,13.0,0.4859391575469448,6,35.0
750.0,5,12.0,0.3,8.549307678291063,1,12.0,0.5536087052866342,1,9.0,0.6431226979534812,3,6.0,0.5578265142631306,5,27.0
755.0,8,33.0,0.825,8.012141986580374,2,9.0,0.6310930400359256,2,10.0,0.4148211339586999,4,22.0,0.4957515907638362,8,41.0
760.0,14,68.0,1.619047619047619,6.506264286163248,2,8.0,0.41701276777157203,4,23.0,0.3866567786552328,8,49.0,0.37747067082034413,14,80.0
765.0,12,65.0,1.5853658536585367,4.976593782869177,4,17.0,0.25377910612044474,4,43.0,0.4181017085660323,4,50.0,0.2869200222371379,12,110.0
770.0,10,60.0,1.3333333333333333,5.734715934751891,6,45.0,0.3301306900944254,2,39.0,0.3970385340647122,2,23.0,0.3754071147120258,10,107.0
775.0,6,18.0,0.4186046511627907,6.749222579128443,0,38.0,0.48719942912924574,3,24.0,0.5086373671654789,3,25.0,0.4432436457097332,6,87.0
780.0,11,49.0,1.0208333333333333,7.412346084351789,1,9.0,0.6391287769807038,2,33.0,0.4898396805039999,8,57.0,0.21640379570869145,11,99.0
785.0,8,35.0,0.7446808510638298,7.57531873310844,2,5.0,0.6422175307420722,2,31.0,0.5004981277704645,4,61.0,0.27539340506651644,8,97.0
790.0,8,17.0,0.3269230769230769,7.76939746139366,5,16.0,0.4051884083788567,2,21.0,0.5459446524185565,1,27.0,0.46511425712565424,8,64.0
795.0,5,21.0,0.4117647058823529,8.616671840397155,1,20.0,0.5025904764905182,2,18.0,0.6258543409051441,2,11.0,0.6390004506849775,5,49.0
800.0,9,43.0,0.8269230769230769,7.8973186558475525,2,10.0,0.4339226600788313,4,31.0,0.6198956040855833,3,14.0,0.5634772870239156,9,55.0
805.0,4,7.0,0.1346153846153846,7.483158261359104,3,13.0,0.4789516623889198,0,21.0,0.5092672009666335,1,8.0,0.6098149473784505,4,42.0
810.0,12,44.0,0.8627450980392157,7.590826281654344,5,27.0,0.4387615624649477,3,13.0,0.5752696616701918,4,12.0,0.27376387718247275,12,52.0
815.0,6,15.0,0.3488372093023256,5.647531549394745,4,33.0,0.3105406002113509,1,14.0,0.21066265062960263,1,11.0,0.3882466158500206,6,58.0
820.0,3,5.0,0.11904761904761904,7.5215801083290925,2,24.0,0.4096110498651867,0,8.0,0.5757223666670912,1,2.0,0.5557198208481631,3,34.0
825.0,4,15.0,0.3409090909090909,10.069773417535043,1,14.0,0.6549367563874763,0,5.0,0.8668588015139566,3,8.0,0.5412605697265769,4,27.0
830.0,5,31.0,0.6595744680851063,9.547865438494059,2,17.0,0.680404518599079,1,5.0,0.7861740615459385,2,18.0,0.5206044437285975,5,40.0
835.0,2,23.0,0.5111111111111111,8.26542341334376,2,23.0,0.7007019926412288,0,1.0,0.533086399815145,0,3.0,0.520651603307025,2,27.0
840.0,8,22.0,0.4888888888888889,7.817292093545867,2,4.0,0.554504413911836,5,19.0,0.45755847317626064,1,5.0,0.6913818130672383,8,28.0
845.0,8,30.0,0.6,7.142947480966885,3,15.0,0.3844211590361815,3,27.0,0.4082525793514474,2,10.0,0.6429460878446879,8,52.0
850.0,5,20.0,0.425531914893617,7.274699287083278,2,22.0,0.40459839740415415,2,19.0,0.4328270714928186,1,15.0,0.7273381804428494,5,56.0
855.0,3,29.0,0.6041666666666666,9.270691350808226,1,8.0,0.6288872265401985,1,18.0,0.5859250388868326,1,20.0,0.8256085167908519,3,46.0
860.0,2,11.0,0.22448979591836735,8.388808496503412,1,10.0,0.7095430540587957,1,16.0,0.48520855180209754,0,2.0,0.7475715955897688,2,28.0
865.0,10,31.0,0.5849056603773585,6.49459571073303,1,2.0,0.544194732377639,6,35.0,0.2891800747006903,3,6.0,0.29537105104838474,10,43.0
870.0,10,36.0,0.72,5.953965550033578,4,17.0,0.3813625361508157,4,49.0,0.1642841166057627,2,15.0,0.3298283861357832,10,81.0
875.0,6,10.0,0.2222222222222222,6.5172001266033295,1,18.0,0.3862371862064284,3,38.0,0.3333917159605763,2,8.0,0.5042421359858601,6,64.0
880.0,3,10.0,0.23255813953488372,8.850398297587743,1,3.0,0.6957459916281734,1,23.0,0.6452226594006325,1,6.0,0.5171150582891785,3,32.0
885.0,5,32.0,0.7111111111111111,9.644558219267179,0,0.0,0.6774790959411766,1,22.0,0.7271911773219842,4,23.0,0.5575549299151419,5,45.0
890.0,4,26.0,0.5777777777777777,8.971660892850284,1,4.0,0.6684877508063742,1,19.0,0.6201800743296743,2,22.0,0.5485854164384512,4,45.0
895.0,3,23.0,0.5111111111111111,9.277426755808019,1,1.0,0.6822604029182469,1,24.0,0.699574213714866,1,9.0,0.49463459429559864,3,34.0
900.0,4,9.0,0.1875,8.321319219342655,3,7.0,0.5617143226216945,1,4.0,0.4985989413566779,0,0.0,0.5319044604401466,4,11.0
905.0,7,18.0,0.3673469387755102,8.603568716514529,2,10.0,0.5241692800472546,3,17.0,0.5347085539202913,2,0.0,0.6505845993746788,7,27.0
910.0,4,16.0,0.3404255319148936,7.906217037995872,1,8.0,0.5705583717758824,2,24.0,0.45978189192916796,1,2.0,0.5735690680036417,4,34.0
915.0,5,12.0,0.23529411764705882,7.500062414172221,2,4.0,0.4576234053134045,2,15.0,0.4917785377061043,1,6.0,0.5003089981306273,5,25.0
920.0,13,62.0,1.169811320754717,8.086760142671087,8,29.0,0.39392624603362536,2,20.0,0.5749764395713034,3,18.0,0.5837988948484468,13,67.0
925.0,2,12.0,0.24,7.649267586162189,2,39.0,0.4505359121606805,0,3.0,0.4532621267655766,0,10.0,0.6509067275305873,2,52.0
930.0,6,7.0,0.1346153846153846,7.287186807423189,0,14.0,0.38064526039888164,5,12.0,0.491852309177604,1,1.0,0.4332132630814777,6,27.0
935.0,4,13.0,0.26,8.57782125829091,1,3.0,0.5034695424653457,1,14.0,0.6243746132231794,2,10.0,0.48041031447713495,4,27.0
940.0,6,33.0,0.6226415094339622,9.4592558426246,1,8.0,0.5921382416843178,2,9.0,0.7297739341226173,3,22.0,0.5612251922293431,6,39.0
945.0,7,51.0,0.9622641509433962,8.265405691820364,1,3.0,0.4572251156563283,3,16.0,0.5934169077009628,3,37.0,0.5859987305297526,7,56.0
950.0,8,45.0,0.8823529411764706,8.123145831672868,2,7.0,0.5870714493567714,5,38.0,0.4120424507514612,1,10.0,0.6552555665948411,8,55.0
955.0,4,13.0,0.2653061224489796,7.228514079125135,2,13.0,0.4699924878316502,1,30.0,0.37911009987081845,1,6.0,0.532144527108588,4,49.0
960.0,5,13.0,0.2653061224489796,7.186564560468369,0,6.0,0.554732240715144,3,19.0,0.4507195174162686,2,8.0,0.4220945092125886,5,33.0
965.0,5,18.0,0.375,8.432975379896364,0,0.0,0.6700403180179904,3,34.0,0.5799247629923213,2,7.0,0.4417596125166891,5,41.0
970.0,7,40.0,0.8,9.001029026224408,2,6.0,0.6127362922174173,3,31.0,0.599391842388377,2,19.0,0.628125770031501,7,56.0
975.0,5,5.0,0.09259259259259259,8.227887855195709,2,5.0,0.44135478236316605,1,27.0,0.5541564748180804,2,5.0,0.6416044738474661,5,37.0
980.0,9,40.0,0.7142857142857143,7.258272309750098,2,10.0,0.22430912566028166,4,27.0,0.3921672377805639,3,16.0,0.4721528937052444,9,53.0
985.0,5,15.0,0.28846153846153844,6.0104002144242195,0,7.0,0.35577721311573196,4,33.0,0.2008622834501462,1,16.0,0.4782327660962545,5,56.0
990.0,3,5.0,0.10416666666666667,7.730849395647126,1,2.0,0.6894135615927295,2,35.0,0.41210637407987477,0,4.0,0.6144371343395312,3,41.0
995.0,5,14.0,0.2692307692307692,9.444368144644876,1,2.0,0.6866937335886408,2,27.0,0.654409741670787,2,8.0,0.6201281260204523,5,37.0
1000.0,3,4.0,0.07142857142857142,8.629623755054714,0,4.0,0.7854130381220195,2,27.0,0.4202589208834329,1,8.0,0.6552454376505213,3,39.0
1005.0,14,43.0,0.7543859649122807,6.810571696076548,2,8.0,0.5582813023848383,7,46.0,0.19794697519248056,5,14.0,0.44393127973259844,14,68.0
1010.0,16,68.0,1.2830188679245282,4.220178253694031,0,5.0,0.3311553239267169,8,66.0,0.05211907452035271,8,45.0,0.23805468315679665,16,116.0
1015.0,9,41.0,0.7592592592592593,6.365411271342454,0,4.0,0.6272915636359756,2,48.0,0.3815009257432331,7,67.0,0.32793410335574746,9,119.0
1020.0,7,12.0,0.1935483870967742,7.713980273224817,2,4.0,0.5617531237522513,3,47.0,0.49586592289991044,2,47.0,0.48056758608203565,7,98.0
1025.0,13,58.0,0.8656716417910447,8.21500910463482,4,13.0,0.5701221492092338,6,72.0,0.4377239956204071,3,21.0,0.5453507170298871,13,106.0
1030.0,11,76.0,1.1014492753623188,6.744109851521326,0,10.0,0.4626465900954636,9,112.0,0.4237661158165288,2,18.0,0.3521282697656099,11,140.0
1035.0,20,76.0,1.1692307692307693,5.550700733664345,4,7.0,0.4597814335081368,9,114.0,0.12178030537800759,7,37.0,0.2775384826016317,20,158.0
1040.0,13,35.0,0.5833333333333334,5.007452365550267,3,13.0,0.36075350696034936,5,70.0,0.17598249139810965,5,45.0,0.28409580969399845,13,128.0
1045.0,9,44.0,0.7213114754098361,7.548434048492061,3,14.0,0.5116089577904223,2,49.0,0.5275205339916266,4,33.0,0.4847734541194254,9,96.0
1050.0,3,3.0,0.046153846153846156,7.869879832030125,1,9.0,0.5857389712937875,1,33.0,0.563532931544683,1,27.0,0.5203968684097474,3,69.0
1055.0,17,54.0,0.75,6.640658482883839,5,16.0,0.45315174496262434,6,52.0,0.33862697919269524,6,36.0,0.31302213772959137,17,104.0
1060.0,13,37.0,0.5692307692307692,4.516972955318012,3,24.0,0.3624200419263987,4,61.0,0.18236527469820524,6,47.0,0.22914278592507492,13,132.0
1065.0,8,28.0,0.4117647058823529,7.037261791420929,1,12.0,0.5307277808005374,2,41.0,0.5236676429346129,5,49.0,0.34786231969824827,8,102.0
1070.0,9,28.0,0.37333333333333335,8.353214099609499,3,19.0,0.6344554194337897,3,24.0,0.592519010660665,3,48.0,0.41652595291135786,9,91.0
1075.0,9,27.0,0.35064935064935066,7.5645873377317185,2,8.0,0.5873928116155616,1,23.0,0.4835698605371157,6,59.0,0.3720669649742199,9,90.0
1080.0,16,50.0,0.6756756756756757,5.677899832290874,5,18.0,0.39374571688170934,6,38.0,0.32990832845567264,5,66.0,0.18782140650408455,16,122.0
1085.0,19,82.0,1.1714285714285715,4.735502523063711,3,26.0,0.2766051027122913,11,84.0,0.2661328998982853,5,50.0,0.19328020471434587,19,160.0
1090.0,14,65.0,0.9558823529411765,4.78118226655633,2,17.0,0.26957982217023996,8,107.0,0.2986908747457719,4,58.0,0.22959602945288937,14,182.0
1095.0,12,50.0,0.6410256410256411,6.313080284330683,4,24.0,0.4757829753151255,1,76.0,0.45545391295614834,7,81.0,0.21958143246039483,12,181.0
1100.0,10,62.0,0.7948717948717948,6.963497490813127,3,38.0,0.648574028672816,2,81.0,0.438737820001827,5,93.0,0.2935700505803387,10,212.0
1105.0,12,40.0,0.5063291139240507,5.86944849994731,0,18.0,0.5470749274325085,9,113.0,0.3252202057948676,3,62.0,0.23290072314658952,12,193.0
1110.0,13,46.0,0.5822784810126582,6.092045580485695,3,10.0,0.4839705963047188,9,126.0,0.2837903677175929,1,37.0,0.3253317854398345,13,173.0
1115.0,10,31.0,0.4025974025974026,5.783699318062923,1,12.0,0.39443555522794155,7,106.0,0.23764080657082443,2,28.0,0.3810648437817076,10,146.0
1120.0,8,31.0,0.4189189189189189,6.589838639215581,1,7.0,0.6126011688023996,7,95.0,0.3126056212414425,0,22.0,0.4200846474127487,8,124.0
1125.0,11,63.0,0.84,7.186979707253918,2,10.0,0.7106645189810334,5,85.0,0.33795612977577344,4,29.0,0.4149173669730466,11,124.0
1130.0,12,95.0,1.3194444444444444,7.085263442882837,1,15.0,0.743482315777008,6,86.0,0.3976023018468507,5,36.0,0.3884652534675158,12,137.0
1135.0,13,52.0,0.6753246753246753,6.51530334346384,3,25.0,0.5505950514683731,6,79.0,0.35625924024229394,4,28.0,0.4059424355075076,13,132.0
1140.0,11,65.0,0.8552631578947368,5.954720824326454,2,35.0,0.6832242266483903,6,71.0,0.3120789325904986,3,38.0,0.3118556010559777,11,144.0
1145.0,18,106.0,1.3417721518987342,4.421541755153572,2,45.0,0.3332387117864318,9,99.0,0.22075185379728457,7,66.0,0.17401562429895287,18,210.0
1150.0,22,115.0,1.4024390243902438,4.333005265697317,5,65.0,0.43787324535151045,9,94.0,0.176678230382524,8,82.0,0.2521829766486369,22,241.0
1155.0,17,113.0,1.3452380952380953,5.0136058786915125,6,86.0,0.49349922510991917,8,104.0,0.2796927009536937,3,66.0,0.28491173157173094,17,256.0
1160.0,12,37.0,0.42045454545454547,6.041024112776594,2,33.0,0.5348323641123973,7,105.0,0.25914625081705644,3,43.0,0.29989861445239613,12,181.0
1165.0,20,89.0,1.0113636363636365,5.777085389884726,2,10.0,0.499695394126971,13,139.0,0.20812997823356402,5,47.0,0.25077344015223973,20,196.0
1170.0,24,107.0,1.2738095238095237,4.4234994623516695,3,13.0,0.3711775326700515,15,174.0,0.09556718855062214,6,69.0,0.18822067224943137,24,256.0
1175.0,17,74.0,0.9487179487179487,4.987882686402051,2,18.0,0.5087841158801504,11,175.0,0.23289290736144855,4,75.0,0.2233969384799826,17,268.0
1180.0,10,65.0,0.8227848101265823,6.744601129665802,2,27.0,0.7421031950317304,6,150.0,0.3468084487991174,2,50.0,0.3662939676606849,10,227.0
1185.0,6,25.0,0.30120481927710846,6.125303205513183,1,17.0,0.5619367963776093,4,142.0,0.33586897440168884,1,29.0,0.36008287893519236,6,188.0
1190.0,18,69.0,0.7840909090909091,5.777257318651624,7,24.0,0.3594360698099827,8,146.0,0.31266452676980555,3,27.0,0.34972010621132493,18,197.0
1195.0,16,75.0,0.8620689655172413,5.2564076960597435,3,35.0,0.3075376829370826,9,145.0,0.2593944159730319,4,37.0,0.3242926500219855,16,217.0
1200.0,10,19.0,0.2261904761904762,5.504269348017464,1,16.0,0.4301220308110624,7,118.0,0.2562158722002187,2,22.0,0.43605849409269015,10,156.0
1205.0,15,55.0,0.632183908045977,5.998060073003195,3,20.0,0.4916336846836761,7,82.0,0.20658362682241624,5,24.0,0.39831641428915615,15,126.0
1210.0,18,102.0,1.146067415730337,6.2038294065438935,6,45.0,0.4444506125665426,7,90.0,0.2963088781959837,5,32.0,0.4041614606425389,18,167.0
1215.0,13,47.0,0.5340909090909091,5.120772564632528,5,56.0,0.2937889867271612,5,86.0,0.37781100595648903,3,27.0,0.33561412975485033,13,169.0
1220.0,15,45.0,0.4787234042553192,5.893211471146019,3,41.0,0.2850541499316983,8,71.0,0.357510413857653,4,29.0,0.3533256668765458,15,141.0
1225.0,13,46.0,0.4742268041237113,5.915143980658932,2,30.0,0.42548888200439117,10,97.0,0.2699053449163343,1,31.0,0.2771352756886631,13,158.0
1230.0,22,73.0,0.7448979591836735,5.122132234226679,4,25.0,0.42839792309371777,11,126.0,0.2256017484048708,7,55.0,0.2682234042127526,22,206.0
1235.0,18,68.0,0.7010309278350515,4.902616758196831,7,42.0,0.4124275667692862,5,117.0,0.21820878035320637,6,74.0,0.31246547990759466,18,233.0
1240.0,21,56.0,0.5773195876288659,4.695245502905161,8,64.0,0.27991434671621224,6,88.0,0.2719485032472663,7,63.0,0.23668554933235467,21,215.0
1245.0,17,65.0,0.6565656565656566,4.94399521526408,5,64.0,0.21779072591999382,8,91.0,0.25618013960339114,4,54.0,0.2793869968191226,17,209.0
1250.0,12,64.0,0.6336633663366337,5.550520975176945,5,61.0,0.3625053677035351,6,93.0,0.2585691278981454,1,38.0,0.34211075402612057,12,192.0
1255.0,16,44.0,0.43564356435643564,5.303681001957396,6,61.0,0.3145462236360716,3,82.0,0.20060643343965426,7,52.0,0.3233745181595777,16,195.0
1260.0,22,75.0,0.7731958762886598,4.740284340276691,7,67.0,0.25584502971098105,10,89.0,0.12252293668668056,5,63.0,0.27857385032944953,22,219.0
1265.0,21,70.0,0.7608695652173914,3.81319218757784,7,85.0,0.2181640523916899,8,108.0,0.18888073493508417,6,49.0,0.22020230201123733,21,242.0
1270.0,14,36.0,0.37894736842105264,4.521809134931662,7,81.0,0.3084496235870128,6,97.0,0.24826050742663308,1,53.0,0.30240366850032835,14,231.0
1275.0,15,45.0,0.44554455445544555,4.888633717361662,5,77.0,0.36246500571438717,3,96.0,0.2347816733797681,7,72.0,0.26618734993526194,15,245.0
1280.0,24,80.0,0.7476635514018691,4.64376058886696,8,81.0,0.3229208453347598,10,129.0,0.16166985344208,6,81.0,0.21658697369727672,24,291.0
1285.0,26,133.0,1.33,4.25562753059339,12,120.0,0.2431799490361163,8,143.0,0.2301188308910563,6,66.0,0.20686113254663982,26,329.0
1290.0,28,101.0,1.01,3.5520102519230985,14,150.0,0.18695451554119683,7,122.0,0.16485867819817807,7,80.0,0.2249913533758686,28,352.0
1295.0,22,101.0,1.041237113402062,4.736275966493442,9,140.0,0.24840016695835637,5,93.0,0.2606210688671655,8,106.0,0.2630340581978039,22,339.0
1300.0,14,43.0,0.43,4.529156218029585,6,136.0,0.26849876447444704,3,96.0,0.32736388915841563,5,111.0,0.21545020344837781,14,343.0
1305.0,25,84.0,0.8155339805825242,4.7072830712015525,11,171.0,0.23912817623204893,8,109.0,0.299772008819362,6,95.0,0.20056873718540305,25,375.0
1310.0,17,62.0,0.6326530612244898,3.7466162625484363,8,179.0,0.15723198352710777,8,127.0,0.15311320756477312,1,80.0,0.19375165966087315,17,386.0
1315.0,19,51.0,0.51,4.220464274882536,6,151.0,0.1959619132868676,7,109.0,0.22454947504903747,6,90.0,0.20017412703392792,19,350.0
1320.0,7,32.0,0.32653061224489793,5.054693878753235,1,150.0,0.27531845530822807,2,75.0,0.32609658407138026,4,91.0,0.3136845746792307,7,316.0
1325.0,14,36.0,0.35294117647058826,4.9182458173317265,7,164.0,0.23067461452952953,1,60.0,0.36477649553325997,6,61.0,0.28806494831810514,14,285.0
1330.0,16,52.0,0.5048543689320388,4.328309691231902,7,162.0,0.15120851057773768,7,74.0,0.2577200841770472,2,57.0,0.264386009622612,16,293.0
1335.0,23,64.0,0.6095238095238096,4.2540378021379155,6,123.0,0.18493664112223895,9,93.0,0.21354616836921628,8,79.0,0.22101639924117847,23,295.0
1340.0,14,43.0,0.4174757281553398,4.924079971353521,4,80.0,0.26955970170911886,3,75.0,0.3210613753330405,7,89.0,0.24678701603491482,14,244.0
1345.0,12,34.0,0.3238095238095238,5.556431599950816,3,78.0,0.30943697371300843,2,41.0,0.4624164115430692,7,74.0,0.2660817118330253,12,193.0
1350.0,14,55.0,0.5045871559633027,5.850029137989744,6,100.0,0.31244984768679146,3,30.0,0.4442525481507645,5,82.0,0.30353429124228254,14,212.0
1355.0,24,105.0,0.9545454545454546,4.615768282352959,11,146.0,0.21331788540776297,4,24.0,0.3669039024591337,9,90.0,0.20520941916245003,24,260.0
1360.0,33,176.0,1.614678899082569,3.412206000671736,12,168.0,0.15369981292747303,7,44.0,0.19657870639705952,14,141.0,0.16107315984299223,33,353.0
1365.0,42,239.0,2.1926605504587156,3.458909404947995,12,154.0,0.18033465439101332,11,76.0,0.21543978234640007,19,224.0,0.15687020915288782,42,454.0
1370.0,31,192.0,1.7142857142857142,3.995205064875825,5,178.0,0.24105942417364987,7,71.0,0.32197030573769037,19,272.0,0.1619277913556198,31,521.0
1375.0,32,149.0,1.3070175438596492,3.892373804340402,11,222.0,0.15197505643829634,6,80.0,0.284170401034308,15,263.0,0.1688023802373966,32,565.0
1380.0,29,111.0,0.9327731092436975,3.512537027445903,11,241.0,0.11435115999409813,7,94.0,0.2113658900020507,11,310.0,0.13612256114261093,29,645.0
1385.0,32,165.0,1.4601769911504425,3.8163818758762345,6,211.0,0.18356378643226332,11,137.0,0.2579993752439245,15,359.0,0.10896306738569399,32,707.0
1390.0,35,178.0,1.6036036036036037,3.5384028712993296,6,237.0,0.16815651887723201,10,148.0,0.21001459856686808,19,440.0,0.12141105358391524,35,825.0
1395.0,33,168.0,1.5272727272727273,3.3385762965737125,11,283.0,0.18474170010375407,4,105.0,0.25734963873667044,18,473.0,0.15575131999922284,33,861.0
1400.0,29,119.0,1.0818181818181818,3.728985220931159,11,291.0,0.2148243710688891,2,85.0,0.3788189364848044,16,444.0,0.13824630731062496,29,820.0
1405.0,26,105.0,0.9459459459459459,4.007784634672129,6,239.0,0.15364562719151084,8,108.0,0.41581989430359295,12,483.0,0.1136770869563835,26,830.0
1410.0,24,87.0,0.7767857142857143,4.220457107352081,5,261.0,0.1454957016072228,6,106.0,0.3370491263353585,13,528.0,0.12077491125765236,24,895.0
1415.0,29,160.0,1.509433962264151,3.5785889828003197,8,289.0,0.1650683245792043,4,62.0,0.27943986305857804,17,600.0,0.12134941466403514,29,951.0
1420.0,32,175.0,1.6826923076923077,3.463760512570462,10,285.0,0.17543923442129505,6,43.0,0.37379791365353054,16,613.0,0.17145303786669025,32,941.0
1425.0,23,90.0,0.8490566037735849,3.7349954753636254,8,239.0,0.20962038520912316,3,44.0,0.3617556911029641,12,531.0,0.1478107118199729,23,814.0
1430.0,23,84.0,0.7636363636363637,4.995732378062212,6,237.0,0.21140476135526595,6,46.0,0.45201479775559344,11,418.0,0.20546331991199449,23,701.0
1435.0,21,83.0,0.7477477477477478,5.192684891487313,10,261.0,0.14755003063265656,3,43.0,0.4574180915092834,8,351.0,0.23900811431463923,21,655.0
1440.0,21,77.0,0.7403846153846154,4.750156309683244,10,260.0,0.16294032388136262,6,41.0,0.42617120791242336,5,349.0,0.3422258247332288,21,650.0
1445.0,20,99.0,0.9519230769230769,5.526859236845892,7,220.0,0.23769284116215103,5,55.0,0.5397479208384786,8,359.0,0.3082439050770176,20,634.0
1450.0,20,39.0,0.37142857142857144,4.611463624387663,4,201.0,0.23470671051533643,5,45.0,0.436007065122865,11,346.0,0.2531367782717967,20,592.0
1455.0,21,78.0,0.7155963302752294,5.033185143262127,8,225.0,0.17193240527649378,5,30.0,0.45638090129741576,8,258.0,0.20061757075762837,21,513.0
1460.0,13,48.0,0.46601941747572817,4.445656735640094,8,217.0,0.12910584185905466,3,38.0,0.3697263271869579,2,246.0,0.23641695345013095,13,501.0
1465.0,19,58.0,0.5742574257425742,4.383210044417681,8,173.0,0.20505898028734806,5,38.0,0.29449238313541753,6,254.0,0.2442105569930284,19,465.0
1470.0,18,37.0,0.3592233009708738,3.842117810920186,4,188.0,0.1944903729407695,4,48.0,0.3637439389430904,10,246.0,0.19411342314831573,18,482.0
1475.0,21,80.0,0.7476635514018691,4.445990434797525,9,213.0,0.18904358382952074,4,55.0,0.441341991603819,8,192.0,0.17814548159280152,21,460.0
1480.0,22,102.0,0.918918918918919,4.354828737251405,11,214.0,0.11680004461135376,7,56.0,0.3667405086431703,4,118.0,0.2693015033440866,22,388.0
1485.0,19,71.0,0.6283185840707964,4.719437850917152,10,164.0,0.18204582455701845,5,54.0,0.34834135301523583,4,118.0,0.3140680584860089,19,336.0
1490.0,21,93.0,0.808695652173913,4.549873038287711,5,192.0,0.20959759060175073,9,69.0,0.27847122690223675,7,114.0,0.2751386497581402,21,375.0
1495.0,28,102.0,0.8717948717948718,4.2337722551073,9,204.0,0.14960100234912366,9,88.0,0.28981602468029016,10,108.0,0.2005142636375167,28,400.0
1500.0,25,88.0,0.8148148148148148,3.932145936262676,10,209.0,0.13014871719067023,8,92.0,0.25145742424046497,7,83.0,0.19750434415469398,25,384.0
1505.0,15,33.0,0.3055555555555556,4.40720678289379,8,166.0,0.1552671847255472,6,103.0,0.31638757371776677,1,72.0,0.29326208536269627,15,341.0
1510.0,18,57.0,0.5181818181818182,4.703673055654424,4,163.0,0.2584779592923831,8,113.0,0.2656829946107578,6,79.0,0.28063536394294286,18,355.0
1515.0,28,126.0,1.1150442477876106,3.9889673310933014,9,193.0,0.16735948150914975,7,125.0,0.2611518707214802,12,119.0,0.20260761200144822,28,437.0
1520.0,29,121.0,1.1,3.338182142769859,9,191.0,0.13078012863586727,9,113.0,0.15977725379110297,11,141.0,0.15581857705167784,29,445.0
1525.0,29,125.0,1.1363636363636365,3.976726777496868,9,159.0,0.15543312311298807,11,127.0,0.2733614606542224,9,120.0,0.1472680304385469,29,406.0
1530.0,19,93.0,0.8691588785046729,5.180660378744767,6,110.0,0.21252518324880754,7,145.0,0.4054850873119485,6,88.0,0.2297487124249144,19,343.0
1535.0,15,38.0,0.34545454545454546,4.796320156166468,4,126.0,0.24805617028151797,6,121.0,0.3367911344264932,5,95.0,0.28337662624884336,15,342.0
1540.0,23,62.0,0.5535714285714286,4.178805002746633,8,133.0,0.1966407282010158,6,115.0,0.20993996736425263,9,124.0,0.20378976517616565,23,372.0
1545.0,34,164.0,1.490909090909091,3.5612610460105203,15,170.0,0.14445748597147393,7,116.0,0.1991481909082073,12,173.0,0.1743969152306564,34,459.0
1550.0,40,241.0,2.190909090909091,3.3793454906925273,19,250.0,0.16079753703872524,10,121.0,0.16809109871798583,11,197.0,0.1999711722570368,40,568.0
1555.0,35,212.0,1.90990990990991,3.660469497746857,20,298.0,0.1791797698319364,7,112.0,0.2418227736402256,8,171.0,0.26282730862961706,35,581.0
1560.0,32,153.0,1.3304347826086957,3.5172028140871663,17,294.0,0.14862213465325697,7,120.0,0.26002369839726697,8,203.0,0.2458259192632338,32,617.0
1565.0,36,152.0,1.2258064516129032,3.6138067701412955,15,346.0,0.13071355339864885,9,122.0,0.25416960263679317,12,250.0,0.12586878053676426,36,718.0
1570.0,37,196.0,1.6470588235294117,3.8803600817840005,15,397.0,0.17946903037209538,10,152.0,0.25568591832423737,12,270.0,0.09029994309055318,37,819.0
1575.0,39,196.0,1.7657657657657657,3.773300782086015,21,478.0,0.11765522816517833,12,164.0,0.21545323912321607,6,229.0,0.1961961039459032,39,871.0
1580.0,29,173.0,1.6018518518518519,3.9179060010252664,17,510.0,0.1236996467167946,9,139.0,0.25072394488125477,3,163.0,0.2944129762973311,29,812.0
1585.0,24,93.0,0.8303571428571429,4.054111734322059,14,463.0,0.1783635153912366,8,158.0,0.23787710830506553,2,162.0,0.30023665307553815,24,783.0
1590.0,26,113.0,1.0,4.672941889690081,11,370.0,0.17118771367764765,8,167.0,0.28583857326633966,7,185.0,0.27719632429914015,26,722.0
1595.0,18,63.0,0.5625,4.005692290602022,7,405.0,0.20389112986128358,5,163.0,0.25550963192519643,6,183.0,0.20405390998827214,18,751.0
1600.0,24,78.0,0.7155963302752294,4.461879735560028,12,444.0,0.2560168519222081,8,130.0,0.3039145703004534,4,140.0,0.2898636888212542,24,714.0
1605.0,26,116.0,1.045045045045045,4.069561316738803,16,516.0,0.2116396745107399,7,146.0,0.171104644714135,3,123.0,0.290845199944544,26,785.0
1610.0,31,144.0,1.2413793103448276,3.5685805639248698,14,520.0,0.15116741571385597,9,154.0,0.12657946781081153,8,146.0,0.1768775931880257,31,820.0
1615.0,31,149.0,1.3303571428571428,3.83675664409536,14,459.0,0.16152415422404476,11,180.0,0.2485037004423267,6,150.0,0.17224716671138465,31,789.0
1620.0,26,173.0,1.5727272727272728,4.148885737553066,11,461.0,0.15229318572322065,13,227.0,0.3092417920658727,2,108.0,0.19730466146154974,26,796.0
1625.0,24,140.0,1.2612612612612613,4.647992852400165,12,498.0,0.15471149407041118,10,229.0,0.3151098035533023,2,56.0,0.24922644413963838,24,783.0
1630.0,31,151.0,1.3603603603603605,3.684170170064785,16,560.0,0.1691589274409639,12,167.0,0.1610693167700381,3,57.0,0.2898215644901597,31,784.0
1635.0,27,143.0,1.2767857142857142,4.056453979168142,15,566.0,0.18998875583507424,7,186.0,0.21200882963282836,5,76.0,0.34088794065507516,27,828.0
1640.0,26,98.0,0.8828828828828829,4.249924221431486,14,494.0,0.16862054358710032,8,208.0,0.2659806038696574,4,68.0,0.30657546192952523,26,770.0
1645.0,26,107.0,0.9553571428571429,4.288818720222936,10,537.0,0.16743463927640698,10,255.0,0.26238584419971916,6,60.0,0.3197840184950045,26,852.0
1650.0,28,106.0,0.9464285714285714,3.608482192454806,13,572.0,0.11815167943379065,10,262.0,0.2051540757626417,5,72.0,0.2329829071499611,28,906.0
1655.0,32,175.0,1.5350877192982457,4.030804859567716,16,639.0,0.15114952522123895,8,224.0,0.18967476271357372,8,103.0,0.2838550047921848,32,966.0
1660.0,30,144.0,1.2972972972972974,3.4245693482891952,16,632.0,0.17448163023309374,8,226.0,0.16229386810672755,6,107.0,0.24109690364816155,30,965.0
1665.0,27,109.0,0.990909090909091,4.097823778141054,12,535.0,0.15507956132455286,9,258.0,0.3337511326240718,6,85.0,0.2039754246445155,27,878.0
1670.0,22,95.0,0.8333333333333334,4.295031400836866,12,392.0,0.19108489758721486,5,243.0,0.2845823691797997,5,108.0,0.20839767499767298,22,743.0
1675.0,28,135.0,1.1538461538461537,4.9541996430038715,12,303.0,0.2764565733672892,7,197.0,0.37021197069489176,9,133.0,0.1971342986127909,28,633.0
1680.0,22,70.0,0.603448275862069,4.383635698995667,11,327.0,0.2544007802939388,6,195.0,0.2792834219997541,5,144.0,0.22947458204686064,22,666.0
1685.0,22,67.0,0.5775862068965517,4.578001840713429,7,312.0,0.22624064664010554,10,213.0,0.23857279251678076,5,118.0,0.22419763675178214,22,643.0
1690.0,27,116.0,1.0175438596491229,4.185143099353134,14,343.0,0.22970212359883294,10,211.0,0.14946101275303278,3,113.0,0.19757506010424514,27,667.0
1695.0,30,136.0,1.2592592592592593,3.7430396787699403,13,335.0,0.21912405041180213,10,187.0,0.20696060319492815,7,137.0,0.22314713834016597,30,659.0
1700.0,25,120.0,1.0714285714285714,4.472724439755054,10,287.0,0.26791616020398457,9,152.0,0.27868371511372286,6,136.0,0.2737121341362224,25,575.0
1705.0,18,78.0,0.6554621848739496,4.586881441032131,9,282.0,0.24540441555078626,4,153.0,0.3238080166992864,5,110.0,0.3048806469747207,18,545.0
1710.0,19,60.0,0.4838709677419355,4.571713038092841,11,309.0,0.231032844496822,7,144.0,0.25993005222757803,1,99.0,0.27970489318702685,19,552.0
1715.0,28,128.0,1.0158730158730158,3.9967895394492,16,370.0,0.15311394254790875,6,132.0,0.21590850557211502,6,108.0,0.1655639475761163,28,610.0
1720.0,33,126.0,1.0862068965517242,3.33362238368937,17,386.0,0.14078204374551853,7,110.0,0.21262293666303617,9,120.0,0.20344860182010693,33,616.0
1725.0,24,103.0,0.8728813559322034,3.9136833422597577,12,335.0,0.1890803731258057,5,105.0,0.27992405846518653,7,82.0,0.2682003432728875,24,522.0
1730.0,22,79.0,0.6422764227642277,4.464329457777429,9,253.0,0.20858498258667849,10,106.0,0.22945915235592723,3,84.0,0.2892163705103989,22,443.0
1735.0,23,63.0,0.5,4.3633899101933835,5,244.0,0.24819111592777207,11,122.0,0.20674049124675528,7,86.0,0.15532852594394986,23,452.0
1740.0,23,70.0,0.5691056910569106,3.9669953584420368,9,277.0,0.24796191897508071,8,114.0,0.16272038674650566,6,89.0,0.1839270069328152,23,480.0
1745.0,23,94.0,0.8103448275862069,4.260477590809893,11,284.0,0.2449530808655396,9,113.0,0.2344921387582426,3,68.0,0.32538507524348514,23,465.0
1750.0,20,93.0,0.788135593220339,4.111956144031951,8,242.0,0.20155928149044985,6,112.0,0.29188533623895574,6,47.0,0.23919002435339357,20,401.0
1755.0,17,33.0,0.25984251968503935,4.349076660568901,5,210.0,0.18948333547510524,9,116.0,0.24808735024950823,3,43.0,0.26258923352305347,17,369.0
1760.0,20,62.0,0.4696969696969697,4.500951835042956,6,212.0,0.18200660638296226,10,141.0,0.1949413361680361,4,34.0,0.2359983471980244,20,387.0
1765.0,29,116.0,0.928,4.290406031050185,8,207.0,0.23423397659727754,12,157.0,0.1675077962887604,9,72.0,0.24919359611212613,29,436.0
1770.0,25,82.0,0.6949152542372882,3.3102867118676826,8,163.0,0.1595845722540208,8,173.0,0.1864616390246467,9,87.0,0.268267212656446,25,423.0
1775.0,23,87.0,0.71900826446281,4.1479332992664055,5,173.0,0.19932671109074443,11,172.0,0.2309616825485015,7,82.0,0.3018096290570504,23,427.0
1780.0,24,88.0,0.704,3.876797101717945,8,185.0,0.17545406987208279,9,177.0,0.2012916802532549,7,112.0,0.17907109889812484,24,474.0
1785.0,37,159.0,1.3032786885245902,3.5229017388017145,13,241.0,0.155459369231052,13,180.0,0.16180725296184986,11,146.0,0.16915723884233835,37,567.0
1790.0,38,239.0,2.0427350427350426,3.0541641940492505,20,330.0,0.13592401391146863,9,196.0,0.1611193879068807,9,169.0,0.17985874528212,38,695.0
1795.0,33,218.0,1.9292035398230087,3.495276660830848,19,370.0,0.11418234361679942,10,182.0,0.22046418086414082,4,146.0,0.22025488532466905,33,698.0
1800.0,31,156.0,1.3565217391304347,3.813292689396051,16,344.0,0.14728226670293795,11,196.0,0.19617784245855693,4,108.0,0.2696734417596219,31,648.0
1805.0,21,95.0,0.811965811965812,4.297698506859329,12,277.0,0.22355890131806214,7,170.0,0.2743789751490141,2,109.0,0.2797523649150868,21,556.0
1810.0,19,64.0,0.5203252032520326,4.905970623566803,9,314.0,0.27951914736506284,3,138.0,0.27236869711209055,7,133.0,0.29447826602769334,19,585.0
1815.0,23,88.0,0.7154471544715447,4.790161866890712,13,358.0,0.2436252987663786,5,103.0,0.23426910663441333,5,133.0,0.2717987611561588,23,594.0
1820.0,21,56.0,0.4745762711864407,3.891878140567682,8,349.0,0.18136488227908687,7,110.0,0.1760249114550253,6,108.0,0.2579371838625855,21,567.0
1825.0,26,70.0,0.6194690265486725,3.5491995759399777,9,293.0,0.2070111158828165,9,111.0,0.2079326654163698,8,132.0,0.22139948618981634,26,536.0
1830.0,18,89.0,0.7478991596638656,4.563782915284664,7,220.0,0.2595238241885644,3,106.0,0.2665084630818699,8,156.0,0.20257474163604128,18,482.0
1835.0,19,74.0,0.6166666666666667,4.638977808574413,4,221.0,0.27093642129409634,8,105.0,0.2809560057552831,7,161.0,0.13958384550087746,19,487.0
1840.0,26,107.0,0.9145299145299145,3.895797414432954,7,224.0,0.20293159791377283,11,129.0,0.16668561193440723,8,134.0,0.15566781185854728,26,487.0
1845.0,33,137.0,1.2017543859649122,3.9294968163546655,16,274.0,0.20643826072200294,10,133.0,0.1874910600666461,7,126.0,0.2242288527448826,33,533.0
1850.0,34,224.0,1.9310344827586208,3.748165953768711,19,359.0,0.1804139792746618,6,131.0,0.18047444606363097,9,151.0,0.22087163186125894,34,641.0
1855.0,38,264.0,2.2956521739130435,3.4885090613756375,19,391.0,0.10275625007179694,9,139.0,0.17688205859305448,10,190.0,0.21985509371260897,38,720.0
1860.0,38,184.0,1.6428571428571428,2.9966826789804855,17,329.0,0.11108588243605869,10,149.0,0.19133581362146732,11,192.0,0.15715636381922052,38,670.0
1865.0,31,147.0,1.3008849557522124,4.350670431956205,14,316.0,0.24516625449593832,8,139.0,0.3460659283226102,9,164.0,0.23699499727104498,31,619.0
1870.0,22,103.0,0.865546218487395,4.319341703602314,12,268.0,0.2426634981444508,3,133.0,0.22092630251794027,7,191.0,0.26444748052356903,22,592.0
1875.0,26,95.0,0.7786885245901639,4.634749515111932,6,252.0,0.2910940090714916,8,155.0,0.16511080935523437,12,223.0,0.2300492451467488,26,630.0
1880.0,24,77.0,0.652542372881356,4.183081376409093,6,252.0,0.2550693610641012,8,162.0,0.1713175833232222,10,236.0,0.17505724527942418,24,650.0
1885.0,26,97.0,0.8818181818181818,4.045625706451987,13,293.0,0.25671539360988843,6,141.0,0.2449647392567231,7,213.0,0.25931477489386734,26,647.0
1890.0,27,97.0,0.8434782608695652,3.790712385186741,12,297.0,0.28450995011950325,10,110.0,0.19740469646183598,5,227.0,0.24157908964373329,27,634.0
1895.0,27,115.0,0.9426229508196722,4.920835409005598,10,249.0,0.2842892430685373,9,111.0,0.29390653163480623,8,249.0,0.2979661784971702,27,609.0
1900.0,27,163.0,1.2936507936507937,4.985586523698973,10,186.0,0.25581295091922185,8,128.0,0.42633449262013257,9,253.0,0.23373969028500644,27,567.0
1905.0,22,86.0,0.688,4.3513970277067555,8,212.0,0.21211426583515922,5,113.0,0.4629640540889234,9,232.0,0.2005840184182668,22,557.0
1910.0,18,65.0,0.5038759689922481,4.538987821593332,8,230.0,0.21982735718870533,5,72.0,0.39162665842155037,5,225.0,0.15730898571787236,18,527.0
1915.0,25,72.0,0.5538461538461539,3.9640676450088073,10,243.0,0.19572395731965256,8,94.0,0.21752176856072505,7,219.0,0.1645360789373254,25,556.0
1920.0,32,154.0,1.2125984251968505,3.803566764121293,9,227.0,0.21759304311624328,10,117.0,0.22943531446567972,13,250.0,0.17634407198717542,32,594.0
1925.0,38,258.0,2.015625,3.6355456319144848,10,198.0,0.1657590434610475,8,117.0,0.2940069794606074,20,335.0,0.1354731125570376,38,650.0
1930.0,35,234.0,1.828125,3.484307886180412,9,216.0,0.18279026551312968,9,106.0,0.2435554530792906,17,370.0,0.15244665987871348,35,692.0
1935.0,38,176.0,1.3643410852713178,3.853338639272065,9,207.0,0.21977846035981607,13,134.0,0.16717599009717496,16,317.0,0.1492968946278102,38,658.0
1940.0,31,143.0,1.144,4.301364447699719,8,192.0,0.21398900083754205,11,131.0,0.25210367850516335,12,288.0,0.19496105034438835,31,611.0
1945.0,25,84.0,0.6774193548387096,4.0796381204185135,10,174.0,0.19124771745810237,6,144.0,0.307425868376036,9,294.0,0.21503215881333745,25,612.0
1950.0,27,95.0,0.7480314960629921,4.328673004436453,8,178.0,0.1643441465881222,8,125.0,0.2737712917467445,11,336.0,0.20108541414796963,27,639.0
1955.0,32,145.0,1.16,3.947737587043761,7,175.0,0.19209270698099523,16,163.0,0.1441711103229612,9,336.0,0.20136641913762127,32,674.0
1960.0,29,128.0,1.0666666666666667,3.339888958967071,8,166.0,0.16182585427834376,15,195.0,0.13704418557618311,6,278.0,0.20762840039262798,29,639.0
1965.0,29,89.0,0.7295081967213115,3.8905670043251126,12,150.0,0.19097893615545142,12,191.0,0.2808511621102458,5,271.0,0.25576586541945545,29,612.0
1970.0,22,84.0,0.672,4.247472353581893,6,162.0,0.1865521564033113,7,155.0,0.22076553643537067,9,292.0,0.26508536097376334,22,609.0
1975.0,25,122.0,0.976,4.205246414733575,9,168.0,0.18013845735250567,2,156.0,0.2752129510801713,14,350.0,0.18249895147194298,25,674.0
1980.0,42,244.0,2.033333333333333,2.9464020898708174,14,184.0,0.09019226753347231,7,163.0,0.24665738053166222,21,439.0,0.06515046024292512,42,786.0
1985.0,39,257.0,2.1416666666666666,3.1333084464231757,12,183.0,0.1293866380531366,7,168.0,0.2289821063782828,20,474.0,0.0932348021841422,39,825.0
1990.0,30,145.0,1.2083333333333333,3.701010493611313,8,201.0,0.18284082044911243,7,125.0,0.33018969751456795,15,426.0,0.19892279208040123,30,752.0
1995.0,25,129.0,1.048780487804878,4.315810947987599,10,202.0,0.20251001583882078,4,77.0,0.34841358195647415,11,440.0,0.2167300323385708,25,719.0
2000.0,27,111.0,0.8951612903225806,3.75880733854151,11,206.0,0.12117575110140655,2,75.0,0.3154029997832667,14,505.0,0.19377615232881004,27,786.0
2005.0,37,189.0,1.5241935483870968,3.6842844087619624,11,190.0,0.13885307760565235,8,81.0,0.2789087383002075,18,593.0,0.12017429555077792,37,864.0
2010.0,42,294.0,2.4297520661157024,3.5423123748175294,7,211.0,0.1458518474986099,13,136.0,0.2855898456433711,22,696.0,0.1433654650613152,42,1043.0
2015.0,45,359.0,3.042372881355932,3.4030200210073924,10,225.0,0.1289019137640209,14,205.0,0.12349332634037527,21,709.0,0.12818278303224678,45,1139.0
2020.0,45,288.0,2.526315789473684,2.845044290225843,13,238.0,0.07580444187114914,13,224.0,0.125772393377637,19,639.0,0.1338793510571585,45,1101.0
2025.0,33,170.0,1.5596330275229358,4.130655001001854,10,214.0,0.18698637456169664,6,174.0,0.41298353756731493,17,528.0,0.17536428018189626,33,916.0
2030.0,18,91.0,0.7777777777777778,5.185260906867151,5,210.0,0.24201507323496335,2,104.0,0.5415421914725178,11,571.0,0.2671380108838288,18,885.0
2035.0,27,134.0,1.1260504201680672,5.341418868944795,10,241.0,0.2469921138106725,5,57.0,0.502786985211632,12,610.0,0.2728941065648732,27,908.0
2040.0,26,86.0,0.7288135593220338,3.584538742833922,12,256.0,0.1509189637208251,4,53.0,0.3116931750482384,10,589.0,0.20034739923214784,26,898.0
2045.0,24,89.0,0.7807017543859649,3.785110248264783,11,223.0,0.17604851037283545,5,50.0,0.3185815605195468,8,515.0,0.17651815357775996,24,788.0
2050.0,28,114.0,0.957983193277311,4.400921263621518,12,261.0,0.17931105113304222,6,54.0,0.40850234903453253,10,408.0,0.21933681631250532,28,723.0
2055.0,19,87.0,0.71900826446281,4.904260994530733,11,298.0,0.1858034239830018,5,45.0,0.37465938320398445,3,384.0,0.3014577812814452,19,727.0
2060.0,22,78.0,0.6724137931034483,4.21082787642821,13,299.0,0.1514500855733843,3,44.0,0.31730153425946733,6,354.0,0.24790424391410085,22,697.0
2065.0,27,89.0,0.7807017543859649,3.8663024998961126,12,238.0,0.11778625643414548,8,50.0,0.2603675845736663,7,324.0,0.20180021723845779,27,612.0
2070.0,32,155.0,1.3963963963963963,4.465598256348199,12,195.0,0.17988636537106434,12,99.0,0.4051080544825339,8,282.0,0.1834878244398143,32,576.0
2075.0,21,91.0,0.7711864406779662,4.23623261710236,9,210.0,0.200029467223471,6,112.0,0.32400006414932986,6,300.0,0.1828143332303438,21,622.0
2080.0,23,81.0,0.680672268907563,4.812625564489641,8,220.0,0.2598901592484242,4,77.0,0.3448935596717537,11,327.0,0.23467541429804192,23,624.0
2085.0,26,105.0,0.9292035398230089,3.881345312813403,9,228.0,0.20789108954014324,7,45.0,0.27812311780100946,10,319.0,0.20047331260825862,26,592.0
2090.0,25,68.0,0.6071428571428571,3.6304531972547687,10,204.0,0.1650795485654765,4,52.0,0.3476844403372135,11,274.0,0.17684256618233235,25,530.0
2095.0,22,101.0,0.8706896551724138,4.456214461173043,9,170.0,0.19904970686286608,5,50.0,0.5307561779191187,8,312.0,0.14413107606017603,22,532.0
2100.0,22,135.0,1.0975609756097562,5.000074057020723,9,156.0,0.23599861217661872,3,44.0,0.4586004177240596,10,336.0,0.15454081149744517,22,536.0
2105.0,27,169.0,1.4083333333333334,4.84695539027066,5,143.0,0.3081800666842798,4,32.0,0.32516477994709103,18,409.0,0.1708071800802809,27,584.0
2110.0,26,143.0,1.2222222222222223,4.126681803333214,8,129.0,0.27181051635854064,1,22.0,0.2778433061634714,17,423.0,0.14833158560634033,26,574.0
2115.0,37,180.0,1.6071428571428572,3.845480566234687,14,148.0,0.24113199740316116,4,30.0,0.3891209394030402,19,371.0,0.10205437181563387,37,549.0
2120.0,36,221.0,1.9217391304347826,3.508897049313351,19,213.0,0.13959723277388578,6,34.0,0.3009933804955073,11,364.0,0.15211424104728785,36,611.0
2125.0,46,342.0,2.923076923076923,3.8912438093670527,27,328.0,0.11779499682310848,8,48.0,0.2784829985650801,11,400.0,0.19209551054997281,46,776.0
2130.0,46,368.0,3.256637168141593,3.195219638684388,25,400.0,0.10251410617420943,9,74.0,0.26531150928282043,12,392.0,0.1322313595535915,46,866.0
2135.0,36,261.0,2.3944954128440368,3.007675743491969,19,402.0,0.13498947809397893,7,88.0,0.2908246314255885,10,312.0,0.15190811426370687,36,802.0
2140.0,28,177.0,1.5526315789473684,4.382936665183506,15,446.0,0.1676786524400975,9,92.0,0.3724530311887186,4,250.0,0.22029355433026476,28,788.0
2145.0,25,124.0,1.087719298245614,4.3798425512311026,14,518.0,0.08897039496174668,6,110.0,0.39284806346209633,5,251.0,0.23262768688120591,25,879.0
2150.0,32,125.0,1.0964912280701755,4.076549616117076,17,537.0,0.1425481763739859,8,111.0,0.25225996704166864,7,239.0,0.26618232301183736,32,887.0
2155.0,26,114.0,1.0363636363636364,4.61537625714876,7,470.0,0.267460795610367,9,128.0,0.35041085943978934,10,239.0,0.23790280324158256,26,837.0
2160.0,23,89.0,0.8018018018018018,3.915849140411458,6,467.0,0.2008905784949813,7,131.0,0.3069407495172764,10,204.0,0.19473578101415823,23,802.0
2165.0,20,65.0,0.5508474576271186,4.323781669985302,10,501.0,0.1594268738605616,6,114.0,0.36444863087750373,4,196.0,0.14852172824511553,20,811.0
2170.0,27,121.0,1.0707964601769913,4.419111895784899,9,478.0,0.15142237987608506,7,109.0,0.3940232210406229,11,217.0,0.14234743945835698,27,804.0
2175.0,27,148.0,1.3831775700934579,3.848584484224208,9,395.0,0.14134160795242529,9,115.0,0.31793849911238764,9,223.0,0.12379704279699871,27,733.0
2180.0,16,65.0,0.6310679611650486,4.2078430147272625,6,360.0,0.21214965815504835,5,113.0,0.36484222035889025,5,173.0,0.18590837073410993,16,646.0
2185.0,14,36.0,0.34951456310679613,4.811202010344073,8,386.0,0.24493177378924513,1,64.0,0.4461341646983451,5,170.0,0.25597685611792953,14,620.0
2190.0,21,72.0,0.6923076923076923,4.284769160927137,9,360.0,0.1661087430655083,1,16.0,0.4972477619542781,11,205.0,0.22095772541878114,21,581.0
2195.0,18,76.0,0.76,4.098514428410215,8,286.0,0.18892003164781318,1,16.0,0.6524532169595915,9,210.0,0.19639742165316354,18,512.0
2200.0,14,58.0,0.5631067961165048,4.615493468803279,5,188.0,0.20165553010226125,1,5.0,0.5371539018452957,8,162.0,0.2101755773952506,14,355.0
2205.0,13,93.0,0.8532110091743119,5.886858707393961,4,153.0,0.2789811751176563,3,19.0,0.6803526839435461,6,123.0,0.23966904649650025,13,295.0
2210.0,17,115.0,1.0360360360360361,5.57852804410191,6,124.0,0.3107157184488124,5,35.0,0.5079592228340418,6,126.0,0.23939195295871787,17,285.0
2215.0,17,66.0,0.6226415094339622,4.824827148955799,5,107.0,0.30320020504464823,4,32.0,0.36623491928859664,8,138.0,0.19229362485649942,17,277.0
2220.0,23,117.0,1.125,4.660918837890511,7,101.0,0.28854042314619965,3,26.0,0.24905371078803323,13,187.0,0.1811675001434142,23,314.0
2225.0,28,122.0,1.2079207920792079,3.807191003658726,9,117.0,0.22826141716094464,5,39.0,0.1850306367458563,14,211.0,0.18327312178452682,28,367.0
2230.0,29,114.0,1.1515151515151516,3.642832648777228,7,109.0,0.1880759327087791,10,69.0,0.3141383311617936,12,186.0,0.16741057755631142,29,364.0
2235.0,25,132.0,1.2571428571428571,3.938587352338649,7,122.0,0.2041061776630433,12,120.0,0.2993407566544534,6,191.0,0.18106513460822435,25,433.0
2240.0,29,146.0,1.3394495412844036,3.9603047588909543,9,120.0,0.1830665322465965,9,140.0,0.21366541873889355,11,237.0,0.1716054412362254,29,497.0
2245.0,30,115.0,1.0648148148148149,3.592002415123505,10,137.0,0.21161737876739,8,113.0,0.21608445098137527,12,248.0,0.1887234519925491,30,498.0
2250.0,15,47.0,0.4519230769230769,4.621622652949499,7,126.0,0.23224462752785774,1,100.0,0.44375220324227116,7,205.0,0.24243872776998338,15,431.0
2255.0,17,70.0,0.6422018348623854,4.6043693848219736,8,108.0,0.199068865764055,5,120.0,0.4161947692862686,4,200.0,0.1589427185057007,17,428.0
2260.0,17,53.0,0.4732142857142857,4.546419649249467,5,102.0,0.18955202652656433,5,123.0,0.2857786914713344,7,222.0,0.1729079987513947,17,447.0
2265.0,18,59.0,0.5514018691588785,3.9535076695448765,7,97.0,0.2294536165298558,2,91.0,0.2366042549389071,9,222.0,0.1562535357972864,18,410.0
2270.0,16,56.0,0.5544554455445545,3.8016995105034876,6,110.0,0.23235265725726464,3,88.0,0.31812156924048873,7,177.0,0.19939390894452333,16,375.0
2275.0,16,88.0,0.8,5.121316102432832,4,88.0,0.279821054655219,8,114.0,0.4182042111381536,4,132.0,0.22087084939109936,16,334.0
2280.0,13,63.0,0.5526315789473685,5.149448203296586,4,73.0,0.2815900892554486,7,120.0,0.32044577549726494,2,107.0,0.27867469811600726,13,300.0
2285.0,18,48.0,0.42105263157894735,4.717570774981765,4,64.0,0.29665280572022895,9,97.0,0.2040481153028572,5,106.0,0.291141122700861,18,267.0
2290.0,20,88.0,0.7652173913043478,4.724164946528961,7,61.0,0.2768091846864424,2,88.0,0.24939717289913227,11,148.0,0.22360322170405167,20,297.0
2295.0,27,143.0,1.2654867256637168,4.6125801207452675,8,96.0,0.31174429769650225,8,98.0,0.24571537121005077,11,171.0,0.15829164302857454,27,365.0
2300.0,28,102.0,0.9357798165137615,3.672807916835181,9,106.0,0.18738841427498865,7,100.0,0.19779233020916265,12,157.0,0.16643437268493924,28,363.0
2305.0,24,81.0,0.7297297297297297,4.0554520798894895,7,100.0,0.23663223189735155,9,91.0,0.27414233283122885,8,175.0,0.18683190716610243,24,366.0
2310.0,24,99.0,0.8461538461538461,4.286848661737667,6,121.0,0.25574177581434,5,76.0,0.2521133801425873,13,221.0,0.19399422177664402,24,418.0
2315.0,24,72.0,0.6101694915254238,4.052207588542423,8,145.0,0.27854086240235004,6,75.0,0.2085898955853343,10,234.0,0.1535188121463103,24,454.0
2320.0,18,56.0,0.47058823529411764,4.0347523523969375,7,156.0,0.1839828070793697,6,80.0,0.2549699697244192,5,201.0,0.1528194621818431,18,437.0
2325.0,16,48.0,0.4247787610619469,4.492282399584023,4,126.0,0.18833948092937255,8,98.0,0.3470226618863648,4,147.0,0.19743489809257536,16,371.0
2330.0,12,30.0,0.2631578947368421,4.808441298171975,4,98.0,0.2794462975570843,6,77.0,0.287438145766487,2,145.0,0.26547704804957295,12,320.0
2335.0,18,59.0,0.5042735042735043,4.901629377719443,4,93.0,0.3127537055608407,6,88.0,0.25407102609355375,8,158.0,0.23948727942662537,18,339.0
2340.0,18,57.0,0.504424778761062,4.268958862348624,1,73.0,0.3135824316842291,6,98.0,0.21770559026772499,11,175.0,0.1516487345013746,18,346.0
2345.0,22,71.0,0.6574074074074074,4.38180966468653,5,82.0,0.247822739673247,9,108.0,0.21975935432513452,8,161.0,0.1791093996357816,22,351.0
2350.0,26,101.0,0.9805825242718447,3.885175626140108,9,120.0,0.2724311946000999,9,111.0,0.22552513345937408,8,185.0,0.19747999511705824,26,416.0
2355.0,24,102.0,0.9714285714285714,3.6247437585293394,9,137.0,0.27337410782213295,4,107.0,0.20401121087784663,11,211.0,0.16356654351591254,24,455.0
2360.0,23,99.0,0.9166666666666666,3.7646319796085814,8,122.0,0.28002098852341695,6,101.0,0.22811535833797,9,213.0,0.13658750068518016,23,436.0
2365.0,30,132.0,1.233644859813084,3.9902754233955178,7,101.0,0.2832636894805336,14,139.0,0.22555448528463212,9,186.0,0.17962125119400044,30,426.0
2370.0,22,112.0,1.0,4.54908587811652,5,114.0,0.24583546475035964,11,165.0,0.27531003657853426,6,147.0,0.19680648665415024,22,426.0
2375.0,20,60.0,0.5128205128205128,4.416091379432541,9,148.0,0.2678379113970776,9,147.0,0.24671473044232706,2,154.0,0.25679609281752985,20,449.0
2380.0,25,104.0,0.9043478260869565,4.296600554305904,8,161.0,0.3155993994410919,9,113.0,0.16703098655294155,8,168.0,0.26352609636630697,25,442.0
2385.0,23,81.0,0.7297297297297297,3.900268906671733,6,122.0,0.3399478917158339,8,141.0,0.22465513680164592,9,174.0,0.1847730538117639,23,437.0
2390.0,20,75.0,0.6637168141592921,3.9838098510311353,4,127.0,0.27046941274395614,7,140.0,0.25808387761313906,9,157.0,0.1565174952277607,20,424.0
2395.0,25,73.0,0.6134453781512605,3.629859771469287,7,145.0,0.18445157005264148,11,145.0,0.2036246812153987,7,185.0,0.13603533422466504,25,475.0
2400.0,25,94.0,0.8103448275862069,3.960616150996745,8,157.0,0.222598449428022,8,135.0,0.16103327261486736,9,209.0,0.2214360529702807,25,501.0
2405.0,20,67.0,0.5877192982456141,3.296729395082484,6,141.0,0.2403834929974942,2,118.0,0.24918929080912153,12,203.0,0.1128023198681823,20,462.0
2410.0,26,106.0,0.9217391304347826,4.147312591839403,8,123.0,0.235001593928249,8,119.0,0.23767025234807831,10,177.0,0.12903106245031318,26,419.0
2415.0,18,48.0,0.42105263157894735,3.828443201665122,2,114.0,0.24677764303350175,8,135.0,0.17160138053490262,8,192.0,0.12657811684667286,18,441.0
2420.0,19,70.0,0.6140350877192983,3.9350793590929127,5,105.0,0.20758219166612826,5,114.0,0.17208209968897467,9,219.0,0.1596230790934545,19,438.0
2425.0,20,119.0,1.1018518518518519,4.183178608442575,7,134.0,0.2824822753002905,4,83.0,0.2694188294532917,9,223.0,0.1537211060389054,20,440.0
2430.0,21,73.0,0.7373737373737373,3.469950121482882,10,140.0,0.2617642922972178,2,67.0,0.2965408999846969,9,181.0,0.14744161798785219,21,388.0
2435.0,23,85.0,0.8252427184466019,4.303304547498611,8,121.0,0.27852649403748747,7,77.0,0.3183099226717983,8,142.0,0.15495714214216225,23,340.0
2440.0,19,60.0,0.5714285714285714,4.364424904561129,7,90.0,0.2777622790844027,7,87.0,0.2721838652136002,5,148.0,0.19364336947830552,19,325.0
2445.0,17,49.0,0.45794392523364486,4.078130519895828,5,105.0,0.2627635506086452,3,60.0,0.2169036940402681,9,178.0,0.20271079251763552,17,343.0
2450.0,22,109.0,1.0186915887850467,4.508955529036608,7,134.0,0.26957531557139636,1,38.0,0.27259127257842763,14,235.0,0.20412671775191532,22,407.0
2455.0,22,114.0,1.0857142857142856,4.625693551574674,6,139.0,0.3620397436424278,2,34.0,0.34667040310474184,14,262.0,0.16981310061675034,22,435.0
2460.0,22,91.0,0.8666666666666667,4.480466179145347,6,124.0,0.3311780223951044,3,41.0,0.3987156378118858,13,248.0,0.17336978908359793,22,413.0
2465.0,15,60.0,0.5555555555555556,4.701899706065042,5,114.0,0.34269080311476796,1,17.0,0.48552555234545514,9,254.0,0.14356814395818893,15,385.0
2470.0,20,99.0,0.853448275862069,4.511121100360625,6,127.0,0.2689982934947777,4,26.0,0.3767190715322745,10,303.0,0.09791964229597011,20,456.0
2475.0,26,83.0,0.7614678899082569,3.3921655038656553,6,125.0,0.1684824802771277,8,54.0,0.2467230905888919,12,315.0,0.12230854087259192,26,494.0
2480.0,23,89.0,0.8640776699029126,3.720726653528036,10,121.0,0.17031647862009833,8,81.0,0.15471229489590896,5,266.0,0.20255494647133787,23,468.0
2485.0,19,63.0,0.6057692307692307,4.5797314594012715,10,133.0,0.2028143096746131,6,79.0,0.332761705119515,3,183.0,0.23402984192041867,19,395.0
2490.0,16,70.0,0.6796116504854369,5.77836952840282,8,118.0,0.2727366903689038,5,73.0,0.5485267976869322,3,131.0,0.2709864244839651,16,322.0
2495.0,12,86.0,0.8349514563106796,6.118144396799342,6,95.0,0.3415469162650747,2,79.0,0.5033910670298302,4,107.0,0.30582627387948047,12,281.0
2500.0,10,24.0,0.2222222222222222,5.488415879749791,5,91.0,0.2937502139510816,3,82.0,0.33041802646524804,2,85.0,0.3883596388059025,10,258.0
2505.0,21,82.0,0.7735849056603774,5.470121198055568,7,119.0,0.24366123813912127,8,101.0,0.2173204315479755,6,81.0,0.3642121137260129,21,301.0
2510.0,24,80.0,0.8421052631578947,3.874155571610966,7,134.0,0.15053583317074676,9,122.0,0.08626518798531223,8,97.0,0.26515906338023976,24,353.0
2515.0,18,50.0,0.5617977528089888,4.118477715571142,6,123.0,0.257723696690338,7,92.0,0.3085633579333967,5,90.0,0.2065539062478199,18,305.0
2520.0,7,10.0,0.10526315789473684,5.266030918126386,3,127.0,0.30822927517033216,2,69.0,0.4416430293641134,2,77.0,0.2778956710660891,7,273.0
2525.0,17,61.0,0.6224489795918368,4.96036049136348,7,143.0,0.2513924202032333,1,65.0,0.3525349633009036,9,93.0,0.19885971068110067,17,301.0
2530.0,23,80.0,0.8602150537634409,3.173985190094421,7,145.0,0.1218545076408438,8,89.0,0.19497445226466045,8,108.0,0.16965896760986854,23,342.0
2535.0,16,50.0,0.5555555555555556,3.7030321611649177,5,113.0,0.14433616795137347,8,106.0,0.3351841556465616,3,85.0,0.17810188383363565,16,304.0
2540.0,8,29.0,0.30851063829787234,5.703034669068538,4,84.0,0.31062790828512965,2,69.0,0.4401893325736005,2,43.0,0.27960647516544646,8,196.0
2545.0,7,36.0,0.3673469387755102,6.3688756184146875,2,65.0,0.349910662066585,3,79.0,0.3770042170598665,2,30.0,0.32535698643330496,7,174.0
2550.0,10,52.0,0.5252525252525253,5.672846562178102,1,53.0,0.2777338084692887,8,105.0,0.21581922655508773,1,29.0,0.4319613163730621,10,187.0
2555.0,19,80.0,0.8695652173913043,5.506682819991954,6,72.0,0.20486410666408372,8,118.0,0.22085149521041547,5,34.0,0.5179787833559986,19,224.0
2560.0,10,27.0,0.3103448275862069,5.2532834886881306,4,80.0,0.3129324526636512,4,89.0,0.222049256144603,2,20.0,0.44682877879700916,10,189.0
2565.0,15,46.0,0.5227272727272727,5.973822539866751,4,55.0,0.42000861286876906,2,51.0,0.2907778201687153,9,39.0,0.3714885418504205,15,145.0
2570.0,14,37.0,0.4157303370786517,6.239222576935363,2,38.0,0.44663044853748646,1,36.0,0.46906003932967283,11,68.0,0.2584499568851165,14,142.0
2575.0,9,22.0,0.24719101123595505,6.561354183795629,0,20.0,0.5283783638048772,1,22.0,0.47248389549098235,8,76.0,0.30103616826600993,9,118.0
2580.0,7,13.0,0.13829787234042554,6.3619638758327675,1,10.0,0.5130949282215783,3,23.0,0.512430634205967,3,70.0,0.2975259752780329,7,103.0
2585.0,11,24.0,0.25,6.162259357412822,3,11.0,0.4372665918406475,1,17.0,0.5100719365876729,7,86.0,0.28854726468559955,11,114.0
2590.0,21,93.0,0.9587628865979382,5.601315483666994,4,23.0,0.3958731666417282,5,24.0,0.3784253861628773,12,131.0,0.178678595525054,21,178.0
2595.0,21,86.0,0.945054945054945,3.9449964962442094,5,32.0,0.19759158482110648,4,35.0,0.248856613407253,12,158.0,0.15880102446997377,21,225.0
2600.0,16,55.0,0.6470588235294118,4.605026406882829,4,33.0,0.24066830278087253,3,37.0,0.3946133610510192,9,148.0,0.23286634349696225,16,218.0
2605.0,10,35.0,0.40229885057471265,5.755810852622911,3,26.0,0.3631867599670024,1,24.0,0.4792610078271995,6,107.0,0.2619873087362305,10,157.0
2610.0,13,68.0,0.7472527472527473,6.13428090162897,8,39.0,0.24202869032709476,1,26.0,0.5196685741540327,4,87.0,0.3235442581844605,13,152.0
2615.0,18,86.0,0.9885057471264368,5.85658629909687,10,61.0,0.24223426371634865,4,38.0,0.4607277557505346,4,76.0,0.42330202843609444,18,175.0
2620.0,11,87.0,1.0235294117647058,6.839014157964277,4,58.0,0.3239143468095157,5,55.0,0.4817918353318078,2,68.0,0.5254202834915277,11,181.0
2625.0,11,73.0,0.8588235294117647,7.187522408155675,4,42.0,0.37736237261289535,3,42.0,0.4362336093475856,4,70.0,0.5183181041785079,11,154.0
2630.0,15,67.0,0.788235294117647,6.577579015911468,6,48.0,0.42895949862927635,8,70.0,0.26257101518959053,1,17.0,0.4686309726293394,15,135.0
2635.0,17,60.0,0.7228915662650602,4.4130570861606,1,39.0,0.284622393647295,8,88.0,0.13713463394781786,8,44.0,0.21737244459768232,17,171.0
2640.0,15,53.0,0.6794871794871795,5.016604887940236,6,35.0,0.3259836773356078,4,75.0,0.19703387476841516,5,64.0,0.2531560701388198,15,174.0
2645.0,9,27.0,0.3698630136986301,6.385576895607624,5,50.0,0.37389842359117537,3,48.0,0.33108171143900283,1,39.0,0.43688860247909117,9,137.0
2650.0,10,26.0,0.3561643835616438,7.651197559716649,4,28.0,0.42167111543736396,3,44.0,0.5364352748191165,3,21.0,0.5347048966560044,10,93.0
2655.0,7,48.0,0.64,8.327368582068893,2,26.0,0.5456343095678683,2,37.0,0.5380626259706364,3,26.0,0.5045365228700878,7,89.0
2660.0,4,42.0,0.5454545454545454,8.515088031479698,1,22.0,0.5895036053731704,3,42.0,0.5333125715147464,0,16.0,0.5631457327021814,4,80.0
2665.0,8,72.0,0.9473684210526315,7.921934442531724,2,27.0,0.49958186954743605,3,49.0,0.5770823391055926,3,8.0,0.45647702293264575,8,84.0
2670.0,12,51.0,0.6891891891891891,5.86545670610938,4,37.0,0.39782667647263975,4,43.0,0.367221549997596,4,21.0,0.27829730431787497,12,101.0
2675.0,15,93.0,1.273972602739726,5.983851398751826,3,49.0,0.4356417493116115,8,40.0,0.37138475190647857,4,29.0,0.2469326421729447,15,118.0
2680.0,14,100.0,1.3333333333333333,6.004453153332587,1,17.0,0.31392874438253937,10,87.0,0.3329858481272224,3,31.0,0.33272923135637855,14,135.0
2685.0,17,76.0,1.0133333333333334,5.438256891863873,8,26.0,0.21410724644268417,7,103.0,0.25905057254348146,2,30.0,0.3968038263054219,17,159.0
2690.0,18,70.0,0.958904109589041,5.7641271405385766,6,54.0,0.3510405984090996,7,84.0,0.18174708667176379,5,34.0,0.4695154330411066,18,172.0
2695.0,11,47.0,0.6527777777777778,6.893187608624727,1,30.0,0.51741327029687,5,83.0,0.38854108369675466,5,44.0,0.438344864162461,11,157.0
2700.0,8,19.0,0.25675675675675674,7.073195775481142,2,14.0,0.6459740077743618,3,87.0,0.3901270500953309,3,42.0,0.34888688686226205,8,143.0
2705.0,10,49.0,0.6447368421052632,7.733652274802718,2,12.0,0.6251308539170505,6,101.0,0.36349407227153363,2,30.0,0.34350599405609,10,143.0
2710.0,7,48.0,0.6575342465753424,7.473620874856976,3,22.0,0.49176060809318495,3,98.0,0.34626131940911214,1,27.0,0.536698184045828,7,147.0
2715.0,8,36.0,0.5142857142857142,6.980765221485167,4,14.0,0.3174730136738573,3,72.0,0.30146275948002244,1,26.0,0.7689949999508491,8,112.0
2720.0,8,37.0,0.49333333333333335,7.480282572425945,4,26.0,0.5876149131373265,2,49.0,0.3572171047455829,2,6.0,0.5343707372456461,8,81.0
2725.0,6,21.0,0.29577464788732394,6.941831690418606,1,21.0,0.6080441520665211,0,38.0,0.3100322909235438,5,24.0,0.4804982183687431,6,83.0
2730.0,14,37.0,0.5285714285714286,5.76914716939718,3,9.0,0.5444489151138732,5,58.0,0.25593772541540316,6,38.0,0.24667700483106197,14,105.0
2735.0,15,84.0,1.2352941176470589,6.138321235905125,2,19.0,0.5091631108588551,9,96.0,0.23532665053263385,4,34.0,0.3705015194040146,15,149.0
2740.0,12,88.0,1.3134328358208955,6.634477458654184,2,29.0,0.5949937046553544,8,111.0,0.2755667900145472,2,29.0,0.3925651558919933,12,169.0
2745.0,12,99.0,1.434782608695652,6.968869558204461,3,41.0,0.5366010025692457,6,84.0,0.304235276278283,3,39.0,0.5871785280641953,12,164.0
2750.0,5,24.0,0.36923076923076925,7.404824731118736,0,8.0,0.6050861573616544,4,74.0,0.34019506385599646,1,10.0,0.638105243706679,5,92.0
2755.0,11,38.0,0.59375,7.75854182088892,3,9.0,0.5722364563910336,6,74.0,0.32196137403910235,2,9.0,0.5450361496080718,11,92.0
2760.0,8,38.0,0.6666666666666666,7.347248185079755,2,13.0,0.5675643659751326,4,84.0,0.33175577988182686,2,13.0,0.5381505280974553,8,110.0
2765.0,1,2.0,0.03508771929824561,8.18255201596609,0,3.0,0.6392235575048126,1,66.0,0.4915187786238427,0,2.0,0.5245131042374153,1,71.0
2770.0,6,18.0,0.3,8.478980228628208,1,0.0,0.7146310625639889,5,74.0,0.456640913172029,0,0.0,0.43974815732318123,6,74.0
2775.0,9,30.0,0.47619047619047616,7.879511188753177,2,3.0,0.5106706091875027,5,86.0,0.4136957324283545,2,5.0,0.4714979385822507,9,94.0
2780.0,5,24.0,0.42105263157894735,8.079301207558137,0,2.0,0.7350565854779222,3,76.0,0.30283499202220177,2,17.0,0.6656881723784892,5,95.0
2785.0,7,14.0,0.23728813559322035,7.418610038308291,2,7.0,0.5029419638326397,3,51.0,0.21688574817152695,2,12.0,0.5116654060343423,7,70.0
2790.0,6,18.0,0.3103448275862069,8.114955116758221,1,4.0,0.5685804974334349,1,40.0,0.4056674077911164,4,17.0,0.5714189144474899,6,61.0
2795.0,2,0.0,0.0,8.162285355880327,1,1.0,0.5762801373948656,0,20.0,0.617838015429869,1,17.0,0.5028471780330698,2,38.0
2800.0,7,14.0,0.24561403508771928,7.70945141037532,3,8.0,0.5543238028804345,1,24.0,0.5310802722976306,3,4.0,0.46157617581266785,7,36.0
2805.0,9,31.0,0.5081967213114754,7.342575073008781,1,1.0,0.5970001653087501,5,38.0,0.4195364506417883,3,14.0,0.35258147607186535,9,53.0
2810.0,12,62.0,1.0333333333333334,7.392492813281519,4,15.0,0.49073929596059424,3,45.0,0.40309925199394714,5,35.0,0.4035701637616564,12,95.0
2815.0,7,17.0,0.29310344827586204,7.422071586575447,1,15.0,0.5414629046814993,3,37.0,0.3399586287067784,3,36.0,0.49214709805415474,7,88.0
2820.0,4,14.0,0.25,8.701990621295826,0,2.0,0.6950277835571624,1,31.0,0.5471260735015955,3,25.0,0.5215377070716938,4,58.0
2825.0,6,17.0,0.3090909090909091,8.263437698923605,2,0.0,0.6813941042128818,1,21.0,0.6274306088525748,3,36.0,0.45116580243176685,6,57.0
2830.0,8,36.0,0.631578947368421,7.660383964034247,1,2.0,0.5563247595284362,2,21.0,0.6635296205380883,5,39.0,0.429314054086191,8,62.0
2835.0,12,82.0,1.4642857142857142,8.053929323757028,6,23.0,0.4448004757406882,1,19.0,0.7864389554089818,5,53.0,0.5329365232410177,12,95.0
2840.0,8,26.0,0.4482758620689655,6.058246812131147,4,36.0,0.3006220886005509,0,2.0,0.5358977497442156,4,47.0,0.3871222146348891,8,85.0
2845.0,12,36.0,0.6,6.186970371085068,4,20.0,0.3462935537723626,3,14.0,0.3762380489061147,5,32.0,0.3380966162279189,12,66.0
2850.0,8,33.0,0.5789473684210527,6.1958747263049325,2,20.0,0.49733919590266107,1,13.0,0.44842546250322407,5,46.0,0.2363089854715687,8,79.0
2855.0,7,47.0,0.7966101694915254,8.10291075084124,3,30.0,0.5589291850850536,0,4.0,0.853435025046366,4,54.0,0.3541513837353328,7,88.0
2860.0,5,9.0,0.14516129032258066,7.367549920904855,2,20.0,0.5180900285776625,0,4.0,0.8057127869234026,3,43.0,0.3260848729248535,5,67.0
2865.0,16,61.0,0.9104477611940298,6.893782999323989,5,20.0,0.46332855451954963,2,7.0,0.45188088905434337,9,66.0,0.2560415746174765,16,93.0
2870.0,16,67.0,1.1754385964912282,4.535647020464093,3,29.0,0.28845891124253814,6,27.0,0.28073933555555086,7,85.0,0.162758987003803,16,141.0
2875.0,11,39.0,0.7222222222222222,5.083834810225768,4,31.0,0.24254426469561585,4,46.0,0.33051585755196217,3,64.0,0.2580183534586285,11,141.0
2880.0,4,9.0,0.15789473684210525,6.783487191953155,2,32.0,0.4075280763082861,1,41.0,0.5763746495273743,1,64.0,0.3808044795003452,4,137.0
2885.0,15,54.0,0.8709677419354839,6.246975263431295,6,49.0,0.36657564105389173,1,21.0,0.5556514418114015,8,87.0,0.3295678239143662,15,157.0
2890.0,13,63.0,1.0677966101694916,5.807111693676725,5,63.0,0.390522697780379,1,16.0,0.5801020971135425,7,99.0,0.3452463362398644,13,178.0
2895.0,11,18.0,0.2903225806451613,5.219983491943316,5,56.0,0.31646213484165603,3,6.0,0.5251730795726592,3,74.0,0.24890473137612937,11,136.0
2900.0,8,43.0,0.6615384615384615,7.005235308634257,4,53.0,0.3035556092564605,3,20.0,0.7032906740976494,1,35.0,0.3369310655288245,8,108.0
2905.0,4,44.0,0.6197183098591549,8.407513528741005,3,55.0,0.3805924474100536,0,11.0,0.7676672406902969,1,21.0,0.48031807309149094,4,87.0
2910.0,4,20.0,0.2857142857142857,9.337564127436234,1,32.0,0.5136638090125586,1,3.0,0.7390368788896771,2,21.0,0.6474373606039338,4,56.0
2915.0,5,20.0,0.29850746268656714,8.95879293466946,3,30.0,0.4968545051786394,1,8.0,0.737040846678042,1,10.0,0.5505207663574021,5,48.0
2920.0,10,29.0,0.43283582089552236,6.7365728774204054,3,32.0,0.3639173365440436,0,0.0,0.3991898480555192,7,26.0,0.42190222753550094,10,58.0
2925.0,13,35.0,0.546875,5.601536425126133,3,16.0,0.4344039930853196,6,18.0,0.2686202354782887,4,41.0,0.29769254277691426,13,75.0
2930.0,7,23.0,0.3484848484848485,6.773104812168158,0,11.0,0.4566771725201082,3,38.0,0.4638095005091016,4,40.0,0.3261241987209264,7,89.0
2935.0,6,27.0,0.391304347826087,8.22887435881172,1,13.0,0.4845220155591019,1,20.0,0.6128687815294769,4,42.0,0.4387721799301675,6,75.0
2940.0,6,45.0,0.6521739130434783,9.0232736797917,1,11.0,0.5148704267947178,2,12.0,0.7055037219918998,3,48.0,0.5789728026554087,6,71.0
2945.0,7,16.0,0.24615384615384617,7.807223397367998,5,20.0,0.3718628878733029,1,11.0,0.5308816438461215,1,28.0,0.49640397102634237,7,59.0
2950.0,18,80.0,1.3333333333333333,5.379539892928324,8,47.0,0.19937574218580437,6,25.0,0.22428098251873185,4,29.0,0.3237230145593636,18,101.0
2955.0,17,69.0,1.2321428571428572,2.88705059789496,8,67.0,0.21265189316645838,4,36.0,0.07605895886780094,5,38.0,0.12594738803603442,17,141.0
2960.0,9,39.0,0.6724137931034483,6.5665748173406255,7,75.0,0.37718530362727465,0,28.0,0.5672913454271522,2,32.0,0.41521555366874857,9,135.0
2965.0,5,15.0,0.23809523809523808,7.188862095020894,4,98.0,0.3397706350818905,1,22.0,0.6175313295394147,0,22.0,0.5228763708377391,5,142.0
2970.0,10,40.0,0.5882352941176471,7.537234460935279,6,123.0,0.2650718404839917,3,32.0,0.483065631830871,1,11.0,0.6422591017338054,10,166.0
2975.0,10,59.0,0.9365079365079365,6.381156154560913,4,124.0,0.1729658016839721,6,59.0,0.27165473665386497,0,2.0,0.8156786223707398,10,185.0
2980.0,10,40.0,0.6666666666666666,5.92544979111624,3,84.0,0.16439701558936926,7,76.0,0.3179192836132802,0,0.0,0.6224150160729487,10,160.0
2985.0,12,42.0,0.6774193548387096,6.91216990679664,3,66.0,0.31679078231482344,4,68.0,0.47044985467737294,5,17.0,0.480397844928438,12,151.0
2990.0,5,25.0,0.3968253968253968,7.587435026344151,1,45.0,0.5104488242378526,3,48.0,0.46756782989462414,1,18.0,0.5305350439703518,5,111.0
2995.0,5,41.0,0.6612903225806451,8.658077524223142,0,19.0,0.5620595066824566,4,54.0,0.6308369923994516,1,1.0,0.6592694878214819,5,74.0
3000.0,7,67.0,1.0307692307692307,8.54774926414179,1,18.0,0.47803080643696805,4,62.0,0.5952925539284414,2,6.0,0.6452421050921936,7,86.0
3005.0,8,37.0,0.5606060606060606,7.497342290333876,6,38.0,0.39006621423232457,0,28.0,0.5261364811567585,2,18.0,0.6243771076294404,8,84.0
3010.0,12,41.0,0.6119402985074627,5.903942861529657,6,56.0,0.21330409329433017,6,24.0,0.2850257188511705,0,5.0,0.5994089772209682,12,85.0
3015.0,13,35.0,0.546875,4.8970913320863065,4,46.0,0.20408285668679013,4,41.0,0.29007546927069555,5,18.0,0.2752736135408477,13,105.0
3020.0,9,28.0,0.4666666666666667,6.05398846397111,3,43.0,0.3568164505099888,2,28.0,0.41169647290799577,4,34.0,0.36390037046763846,9,105.0
3025.0,3,23.0,0.3709677419354839,8.986001667433754,1,33.0,0.49604477953325726,1,21.0,0.7055953797750573,1,16.0,0.5890447350035521,3,70.0
3030.0,2,33.0,0.5409836065573771,10.165505079784667,1,28.0,0.5902038226456693,1,20.0,0.7945031986875689,0,2.0,0.7757679296358483,2,50.0
3035.0,3,47.0,0.7230769230769231,10.054768205071925,1,26.0,0.6532723589241783,1,20.0,0.7667980443672284,1,4.0,0.621476895615158,3,50.0
3040.0,4,63.0,1.0,10.606112861693314,2,29.0,0.6704139616800063,1,25.0,0.7435008261795506,1,9.0,0.7980769507497602,4,63.0
3045.0,8,85.0,1.3934426229508197,9.25357491688048,3,41.0,0.5475407341061763,2,30.0,0.6701127527678579,3,14.0,0.5555993016638217,8,85.0
3050.0,7,83.0,1.4067796610169492,8.566344975667931,3,56.0,0.5276418527642217,1,0.0,0.5313345165908315,3,27.0,0.6150515075154949,7,83.0
3055.0,7,18.0,0.3,6.989450726086925,1,11.0,0.3275281638225014,6,17.0,0.3433299483863847,0,7.0,0.6534180882658667,7,35.0
3060.0,11,40.0,0.6666666666666666,5.711667143405529,6,22.0,0.20189661389575012,4,37.0,0.1624532027330884,1,4.0,0.5173335003957549,11,63.0
3065.0,7,22.0,0.4074074074074074,5.827689172793753,2,36.0,0.40708845046405423,3,33.0,0.18695844460890207,2,12.0,0.5447206287864816,7,81.0
3070.0,4,10.0,0.1724137931034483,8.506427292655301,0,15.0,0.6271840585593557,3,23.0,0.4482337942068968,1,5.0,0.6980719136772633,4,43.0
3075.0,3,20.0,0.3125,9.740029944409764,1,2.0,0.6572065056697826,2,28.0,0.5793243227652873,0,2.0,0.7708062603025666,3,32.0
3080.0,5,13.0,0.19117647058823528,8.76284756318759,1,5.0,0.6660664115691293,0,6.0,0.5380232137208636,4,10.0,0.5743641694217498,5,21.0
3085.0,6,28.0,0.4375,7.60506347246142,2,15.0,0.613455010641522,4,19.0,0.4250801336919162,0,10.0,0.4096398971603643,6,44.0
3090.0,13,55.0,0.9166666666666666,5.937289987942182,3,15.0,0.35545803353090755,10,60.0,0.23818275705547778,0,0.0,0.42135658313631186,13,75.0
3095.0,17,67.0,1.098360655737705,4.9932871777833885,5,22.0,0.2730229346909601,8,83.0,0.23448283121028718,4,6.0,0.23501987676083697,17,111.0
3100.0,20,110.0,1.746031746031746,5.974818600856868,9,64.0,0.38925321110208283,4,67.0,0.30443116287995586,7,36.0,0.30995079088069655,20,167.0
3105.0,9,51.0,0.8793103448275862,6.0487769301883265,3,70.0,0.4270176729609948,2,69.0,0.29370953983010845,4,54.0,0.486407332737483,9,193.0
3110.0,9,35.0,0.5932203389830508,6.535880145113258,1,34.0,0.49524948430248217,8,99.0,0.32961637388403336,0,25.0,0.41870576605274,9,158.0
3115.0,9,33.0,0.5238095238095238,7.5145963431625935,2,10.0,0.4863409217093144,6,103.0,0.3898670667542902,1,0.0,0.5422269503220223,9,113.0
3120.0,4,24.0,0.35294117647058826,8.671804690270324,3,24.0,0.5746227207969821,1,67.0,0.3946911738987117,0,2.0,0.7941615848172171,4,93.0
3125.0,5,41.0,0.6507936507936508,8.793651334587542,5,43.0,0.5534170381931461,0,33.0,0.4736264809725199,0,2.0,0.873204633707368,5,78.0
3130.0,2,4.0,0.06557377049180328,8.719032492918835,1,27.0,0.6303663992183102,1,9.0,0.4596726158160474,0,2.0,0.7507872475847198,2,38.0
3135.0,7,23.0,0.41818181818181815,8.413185944017716,2,8.0,0.5398671597657371,2,8.0,0.5123783095995307,3,12.0,0.568609168343951,7,28.0
3140.0,8,23.0,0.4339622641509434,6.502355253515207,3,7.0,0.40999347481504667,2,18.0,0.6217597616008645,3,16.0,0.3427687135013563,8,41.0
3145.0,2,8.0,0.1509433962264151,7.549528755897292,1,8.0,0.5351098590206235,1,16.0,0.6387630006054328,0,3.0,0.47583425939502605,2,27.0
3150.0,5,15.0,0.25862068965517243,7.817124267795945,1,2.0,0.39015285617748136,4,17.0,0.5340276949187401,0,0.0,0.5906878366875685,5,19.0
3155.0,9,33.0,0.532258064516129,7.38836517603242,6,24.0,0.2907608510881551,2,24.0,0.5552533116556436,1,2.0,0.6708774589356042,9,50.0
3160.0,8,31.0,0.543859649122807,7.569691204088047,6,40.0,0.34472067607633883,0,10.0,0.6182881412517831,2,13.0,0.696326613295912,8,63.0
3165.0,6,14.0,0.24561403508771928,8.13935083298603,3,38.0,0.4450765050658041,1,3.0,0.6635103546298854,2,14.0,0.587158453391703,6,55.0
3170.0,8,31.0,0.543859649122807,7.773141672286236,2,28.0,0.45087884124731004,2,4.0,0.6055946528412638,4,22.0,0.4795472239228055,8,54.0
3175.0,11,50.0,0.8620689655172413,7.395413310564419,3,32.0,0.5342471653018638,6,24.0,0.42524622777312704,2,22.0,0.4411967446987697,11,78.0
3180.0,5,44.0,0.7857142857142857,8.062953039271346,4,41.0,0.5932174035463827,1,31.0,0.45160814396116594,0,6.0,0.5710638691777289,5,78.0
3185.0,5,61.0,1.0892857142857142,8.751088839159562,4,63.0,0.5585651045636251,0,8.0,0.5228373776974751,1,3.0,0.6323397960859206,5,74.0
3190.0,3,6.0,0.10714285714285714,8.558055545390154,1,31.0,0.5116219813236317,2,13.0,0.4596464260171783,0,2.0,0.767670853541295,3,46.0
3195.0,8,37.0,0.6607142857142857,7.526838417570597,3,16.0,0.38872787439103845,5,31.0,0.266257517942066,0,2.0,0.7107300207144103,8,49.0
3200.0,7,22.0,0.4489795918367347,6.779614022862098,1,12.0,0.35874513816587744,5,40.0,0.3148431519872908,1,3.0,0.7085236497025517,7,55.0
3205.0,6,19.0,0.40425531914893614,8.283084628928927,1,2.0,0.6885802161358271,4,43.0,0.4496036030206641,1,10.0,0.6441485960934193,6,55.0
3210.0,4,23.0,0.46,9.078060607853876,0,2.0,0.7715013216945267,1,36.0,0.5624782394588265,3,19.0,0.5873668907600944,4,57.0
3215.0,3,13.0,0.24074074074074073,9.465697651888895,1,4.0,0.7487761341117205,1,26.0,0.5591267328977697,1,2.0,0.7267335458193994,3,32.0
3220.0,3,13.0,0.24528301886792453,9.217064836893156,1,7.0,0.8312966748973866,0,15.0,0.44968190827215004,2,8.0,0.6001497361041097,3,30.0
3225.0,7,27.0,0.5510204081632653,6.71404209770406,1,12.0,0.6904906910324875,4,29.0,0.21635877825658364,2,6.0,0.377538824763084,7,47.0
3230.0,4,26.0,0.5416666666666666,7.338470116075555,1,17.0,0.6098665704924182,3,38.0,0.36001506862652854,0,2.0,0.4396958837526797,4,57.0
3235.0,4,7.0,0.14285714285714285,7.543997374147331,2,6.0,0.5371829538044919,1,23.0,0.4649024902900794,1,5.0,0.43210021539667587,4,34.0
3240.0,10,40.0,0.7843137254901961,7.470876638826566,4,20.0,0.5013729780930547,0,13.0,0.5000166600957784,6,26.0,0.45087785965472205,10,59.0
3245.0,6,17.0,0.3469387755102041,6.471339002660416,0,13.0,0.6226511631453404,2,9.0,0.2933074988889451,4,42.0,0.4020333703926801,6,64.0
3250.0,8,27.0,0.54,6.402056276199829,1,4.0,0.6075051650065986,6,35.0,0.3425029348363896,1,22.0,0.32959589948579693,8,61.0
3255.0,13,69.0,1.2777777777777777,7.964378957141709,4,5.0,0.47637858206407535,9,76.0,0.43139781751487627,0,3.0,0.6017737222141116,13,84.0
3260.0,8,52.0,0.9122807017543859,8.179558577097053,5,26.0,0.4161594220987926,3,81.0,0.4423671363645547,0,0.0,0.6582781379136595,8,107.0
3265.0,2,1.0,0.0196078431372549,7.645535536137969,1,27.0,0.424649607503076,1,38.0,0.41307636501177636,0,2.0,0.8176129385866789,2,67.0
3270.0,1,6.0,0.11320754716981132,9.335650931340828,0,2.0,0.6957822425342726,1,22.0,0.46759194498008555,0,2.0,0.7927106228958475,1,26.0
3275.0,1,11.0,0.19298245614035087,10.185314086703311,0,2.0,0.7205679714458368,1,13.0,0.6571342826449482,0,2.0,0.8235190934144635,1,17.0
3280.0,3,7.0,0.1206896551724138,10.1155770612295,1,5.0,0.7779596267192251,2,4.0,0.5994328541642677,0,0.0,0.8510302189447719,3,9.0
3285.0,11,38.0,0.6666666666666666,7.777640357052354,6,17.0,0.5005627645777778,5,23.0,0.3955525322587499,0,0.0,0.6370557971993496,11,40.0
3290.0,13,25.0,0.423728813559322,5.939442734113076,2,10.0,0.4506933545639357,7,41.0,0.200181308293164,4,7.0,0.3127463388092683,13,58.0
3295.0,10,34.0,0.6415094339622641,6.173937788733772,6,25.0,0.2657912449438249,3,36.0,0.22200747429440107,1,10.0,0.4956804876460174,10,71.0
3300.0,5,18.0,0.3829787234042553,7.011521252223073,2,37.0,0.43792989287055717,3,44.0,0.2891245794718264,0,3.0,0.7666343544104682,5,84.0
3305.0,11,42.0,0.875,7.174220446458115,0,7.0,0.5492877331804698,9,74.0,0.33919583734122294,2,3.0,0.5810904272596267,11,84.0
3310.0,8,38.0,0.76,7.762769065305801,1,0.0,0.6501219295944758,6,89.0,0.40456692555945933,1,8.0,0.6704100686250878,8,97.0
3315.0,3,19.0,0.3877551020408163,8.201722751506377,0,2.0,0.749891971273161,2,64.0,0.34328482714626507,1,13.0,0.7240634313943245,3,79.0
3320.0,3,19.0,0.38,9.00719047260913,1,5.0,0.6981287476629515,0,19.0,0.3851206242009703,2,18.0,0.6975908183510069,3,42.0
3325.0,0,0.0,0.0,9.586106766656494,0,4.0,0.6038466477925505,0,9.0,0.7046684647989445,0,2.0,0.7396399596298188,0,15.0
3330.0,2,8.0,0.1702127659574468,9.171171540967125,0,0.0,0.639141907783925,0,4.0,0.8796573641675038,2,10.0,0.5434588730679175,2,14.0
3335.0,2,2.0,0.04,9.259598114033881,0,0.0,0.7277983101144723,0,4.0,0.8093089079750779,2,10.0,0.5296542706278743,2,14.0
3340.0,0,0.0,0.0,10.009358761134674,0,0.0,0.7444481783425179,0,2.0,0.8779352400973511,0,2.0,0.5372791570603299,0,4.0
3345.0,1,4.0,0.07272727272727272,9.972522990332735,1,4.0,0.6436446784385633,0,2.0,0.7933475337765489,0,0.0,0.5786715111666598,1,6.0
3350.0,5,19.0,0.3333333333333333,9.305667343649754,2,14.0,0.6135417363369547,3,7.0,0.6478784946621712,0,0.0,0.6453301517505902,5,21.0
3355.0,4,29.0,0.5272727272727272,9.568021014419607,2,24.0,0.6406794397923872,2,9.0,0.6168245224099036,0,0.0,0.6732764579786149,4,33.0
3360.0,9,60.0,1.2244897959183674,7.795091344975622,2,34.0,0.6266298447709696,4,23.0,0.4429327151787908,3,3.0,0.3514810820830696,9,60.0
3365.0,11,70.0,1.4285714285714286,5.710318499471289,2,44.0,0.5486437173753711,2,26.0,0.3137094692276249,7,23.0,0.25877228319695067,11,93.0
3370.0,6,72.0,1.44,7.000052701283079,2,56.0,0.5877424010300862,0,4.0,0.49225676219977715,4,38.0,0.41193628510942515,6,98.0
3375.0,6,71.0,1.4791666666666667,8.896234287153426,4,68.0,0.5323437012852256,0,2.0,0.7899924250930322,2,31.0,0.5953916016829337,6,101.0
3380.0,0,0.0,0.0,8.82686249917131,0,7.0,0.7659770856605813,0,4.0,0.794423035694207,0,21.0,0.4876435490660215,0,32.0
3385.0,7,15.0,0.2777777777777778,8.418234758008825,2,3.0,0.6077298824341438,1,2.0,0.6729309484697261,4,33.0,0.4443500279122624,7,38.0
3390.0,3,11.0,0.21568627450980393,6.584312611960108,0,2.0,0.4934476957873782,0,2.0,0.6969836622924127,3,37.0,0.29246113550946423,3,41.0
3395.0,7,13.0,0.2708333333333333,6.778478114986146,0,0.0,0.5283149552182259,3,7.0,0.49258274440269295,4,24.0,0.3030681653323683,7,31.0
3400.0,4,23.0,0.4791666666666667,8.426424695944066,0,0.0,0.6346819976156584,3,22.0,0.5743389149404403,1,15.0,0.4435359625415999,4,37.0
3405.0,3,3.0,0.057692307692307696,7.69715054440003,0,0.0,0.4425720834294589,1,20.0,0.6107406044021918,2,18.0,0.39667508798028017,3,38.0
3410.0,14,51.0,1.0408163265306123,7.184450464425435,5,19.0,0.4468628258683208,0,0.0,0.7761055518927011,9,49.0,0.2786101613000536,14,68.0
3415.0,15,94.0,2.1363636363636362,4.875654955100988,1,25.0,0.4895059522714252,1,1.0,0.3887696309536199,13,105.0,0.16808106787054908,15,131.0
3420.0,17,92.0,1.9574468085106382,4.568559522204121,1,5.0,0.5456593138823534,6,20.0,0.18598866796075703,10,137.0,0.1637307618783843,17,162.0
3425.0,3,10.0,0.20408163265306123,7.462140701534742,0,0.0,0.6785032099993681,2,35.0,0.523349817785354,1,101.0,0.35191128595596805,3,136.0
3430.0,0,0.0,0.0,10.181699488384398,0,2.0,0.8677368455892694,0,15.0,0.7850719691371443,0,35.0,0.5974599121375209,0,52.0
3435.0,1,5.0,0.09615384615384616,11.15876676503527,0,2.0,0.8340867438982507,0,2.0,0.869839438507505,1,7.0,0.7300882363265918,1,11.0
3440.0,1,10.0,0.18867924528301888,10.69125458179424,0,2.0,0.7698416718155539,0,0.0,0.8157646444055449,1,12.0,0.7734871595417406,1,14.0
3445.0,1,15.0,0.28846153846153844,10.859550516538436,0,2.0,0.7800825042971444,0,0.0,0.83117122403998,1,15.0,0.7749517292676,1,17.0
3450.0,3,23.0,0.4423076923076923,9.276625328039575,0,0.0,0.7331153348064661,1,2.0,0.6044951722112742,2,21.0,0.6377014658177612,3,23.0
3455.0,10,26.0,0.4642857142857143,7.404279308291757,2,1.0,0.4673497415438838,6,24.0,0.43334759445589494,2,7.0,0.5299264224648258,10,32.0
3460.0,12,46.0,0.8214285714285714,5.41820531434636,5,19.0,0.3543861119417315,4,38.0,0.22199450431564416,3,14.0,0.2701678524034673,12,71.0
3465.0,8,16.0,0.2857142857142857,6.410311188658516,4,34.0,0.4082437478426136,1,20.0,0.34330280924604517,3,20.0,0.47533181237364514,8,74.0
3470.0,1,6.0,0.11320754716981132,9.205205223746198,1,21.0,0.6117500143922762,0,8.0,0.5976608164715026,0,11.0,0.7118348304636216,1,40.0
3475.0,6,12.0,0.21428571428571427,8.922019118925236,4,24.0,0.4427785181526198,2,9.0,0.7623372805774401,0,2.0,0.782933321270712,6,35.0
3480.0,14,51.0,0.8225806451612904,7.841647912927779,10,55.0,0.306635902044285,2,13.0,0.6628251190169205,2,0.0,0.6330076808703973,14,68.0
3485.0,12,40.0,0.6451612903225806,6.32328099476292,8,80.0,0.22283715832421325,3,6.0,0.33235678656291806,1,1.0,0.6856801931074724,12,87.0
3490.0,11,37.0,0.6271186440677966,6.230878400871938,3,65.0,0.25134740050541066,5,26.0,0.3488064388344993,3,9.0,0.5054753882359168,11,100.0
3495.0,7,13.0,0.23214285714285715,6.809854186132559,2,33.0,0.3952895259459769,4,32.0,0.47228293227973295,1,13.0,0.24340966952477747,7,78.0
3500.0,3,15.0,0.2830188679245283,9.036791605948919,1,19.0,0.6370944484708232,1,23.0,0.5945695080155882,1,7.0,0.5002647943734831,3,49.0
3505.0,7,33.0,0.6111111111111112,9.650141990697339,2,17.0,0.7126013893149443,2,20.0,0.7268588839625527,3,10.0,0.5483208706451665,7,47.0
3510.0,5,25.0,0.4716981132075472,8.67650386433856,1,4.0,0.634910599636915,1,15.0,0.5188325587232356,3,25.0,0.5413429690833624,5,44.0
3515.0,11,39.0,0.78,5.478486838936371,4,19.0,0.3051421313180217,6,28.0,0.13117108009467526,1,13.0,0.4585345125600906,11,60.0
3520.0,11,31.0,0.6595744680851063,5.595952605925327,5,36.0,0.22064429932744073,5,43.0,0.25855327505382336,1,0.0,0.6282731502222441,11,79.0
3525.0,1,2.0,0.043478260869565216,9.184204843033438,0,26.0,0.5278540093021038,1,29.0,0.5992838847307955,0,2.0,0.7603583796218214,1,57.0
3530.0,2,2.0,0.04,10.673821737141525,0,6.0,0.6742200865512394,1,13.0,0.7276679734764809,1,4.0,0.7764236005527965,2,23.0
3535.0,2,2.0,0.04081632653061224,10.341235308118005,2,8.0,0.5723465744100799,0,4.0,0.7864416924316745,0,2.0,0.8517794521185035,2,14.0
3540.0,7,19.0,0.3877551020408163,7.182113704596858,4,21.0,0.4525006144776358,1,3.0,0.4018462816816208,2,5.0,0.5006219780327412,7,29.0
3545.0,9,30.0,0.6122448979591837,4.898792910118328,2,23.0,0.4468127877211447,7,24.0,0.023177814718170923,0,5.0,0.35123150277854426,9,52.0
3550.0,6,16.0,0.32,6.284197449792263,1,6.0,0.33337371219443673,4,45.0,0.39268798211024464,1,0.0,0.48417851755571195,6,51.0
3555.0,2,9.0,0.16666666666666666,8.89893770908148,1,8.0,0.5705108088223195,0,23.0,0.6752392996140782,1,6.0,0.5624004166845986,2,37.0
3560.0,6,32.0,0.5517241379310345,9.546466694371013,1,12.0,0.6998569492964093,0,8.0,0.8069437990201601,5,24.0,0.49198441136198656,6,44.0
3565.0,3,26.0,0.4642857142857143,8.806592928296526,1,15.0,0.7120772984401325,0,0.0,0.7085635190978207,2,32.0,0.4125029780499289,3,47.0
3570.0,4,28.0,0.5490196078431373,9.044748859703605,2,24.0,0.7240885164822521,1,6.0,0.7166767166479271,1,19.0,0.47388362430760256,4,49.0
3575.0,2,34.0,0.6538461538461539,8.966765762913756,2,34.0,0.5945251008406093,0,2.0,0.6857831796594771,0,7.0,0.5118132785108073,2,43.0
3580.0,5,53.0,0.9814814814814815,8.382818075579594,2,44.0,0.5079913915374903,3,11.0,0.5002610402460289,0,0.0,0.5579271265502069,5,55.0
3585.0,5,10.0,0.18518518518518517,8.331539743326891,2,3.0,0.48104831376828294,3,21.0,0.4319917912631547,0,0.0,0.7943964868661978,5,24.0
3590.0,4,14.0,0.28,9.387721084894002,2,12.0,0.6177787221741575,1,19.0,0.5086805510110259,1,2.0,0.7958529261114264,4,33.0
3595.0,2,1.0,0.02040816326530612,9.155159942944088,0,3.0,0.7241489910920677,0,11.0,0.5495315462132262,2,3.0,0.5839328471320894,2,17.0
3600.0,4,18.0,0.375,9.634768436977128,0,0.0,0.7280058403854808,1,11.0,0.6774490022740133,3,15.0,0.5906960960381977,4,26.0
