step,system_total_stopped,system_total_waiting_time,system_mean_waiting_time,system_mean_speed,A0_stopped,A0_accumulated_waiting_time,A0_average_speed,B0_stopped,B0_accumulated_waiting_time,B0_average_speed,C0_stopped,C0_accumulated_waiting_time,C0_average_speed,agents_total_stopped,agents_total_accumulated_waiting_time
5.0,1,0.0,0.0,2.246318941586651,1,0.0,0.0,0,0.0,1.0,0,0.0,0.2970647061575244,1,0.0
10.0,3,0.0,0.0,6.196549555670935,1,0.0,0.4622071303423833,1,0.0,0.35592359089567766,1,0.0,0.5122782781999595,3,0.0
15.0,1,0.0,0.0,8.502146033393172,1,0.0,0.489636384900519,0,0.0,0.5660812979658443,0,0.0,0.7938841723204427,1,0.0
20.0,2,5.0,0.3125,7.701470347738438,1,3.0,0.4138102823408184,1,2.0,0.5563569521085588,0,0.0,0.6284653858902471,2,5.0
25.0,1,0.0,0.0,7.264376495412989,0,1.0,0.580654675176121,0,3.0,0.3499423868784809,1,0.0,0.5262985801968305,1,4.0
30.0,3,6.0,0.2608695652173913,9.414356635432373,2,3.0,0.554117413604408,0,0.0,0.5658287033366487,1,3.0,0.5570247894167154,3,6.0
35.0,4,20.0,1.1764705882352942,9.247223983090079,2,11.0,0.5528596019170661,0,0.0,0.8561932323889097,2,9.0,0.510303358510786,4,20.0
40.0,3,3.0,0.2,5.8838045195120126,1,10.0,0.45458050505765757,2,1.0,0.02680370862122843,0,4.0,0.5526864701983469,3,15.0
45.0,0,0.0,0.0,9.286283999480275,0,2.0,0.7714545406041208,0,4.0,0.8026317690462674,0,0.0,0.4957674046267975,0,6.0
50.0,1,0.0,0.0,11.235644409601303,0,0.0,0.6355581441623401,1,4.0,0.8368027288263065,0,0.0,0.8441455539849196,1,4.0
55.0,0,0.0,0.0,11.338268320946863,0,0.0,0.9447533810924111,0,4.0,0.9162214664547678,0,0.0,0.3451268588088346,0,4.0
60.0,1,4.0,0.26666666666666666,10.983397380740849,0,0.0,0.7284135296994161,0,0.0,0.8644491819326386,1,4.0,0.7106425567648695,1,4.0
65.0,3,15.0,0.8823529411764706,8.832422056260135,0,0.0,0.7450809515757417,1,3.0,0.4736034367797945,2,12.0,0.5532438585922689,3,15.0
70.0,1,2.0,0.1111111111111111,9.073041245954924,1,2.0,0.7511167609875237,0,0.0,0.12549916007983364,0,6.0,0.6802031207743688,1,8.0
75.0,6,16.0,0.7272727272727273,5.56460177869386,2,7.0,0.3348117228496917,2,4.0,1.1777484943506678e-05,2,5.0,0.29137739179881245,6,16.0
80.0,1,9.0,0.4090909090909091,6.029713057016039,0,2.0,0.49774961364188386,1,9.0,0.2681269994977021,0,1.0,0.3691968874269982,1,12.0
85.0,1,14.0,0.6666666666666666,10.819024714738797,0,0.0,0.6202029426414495,1,18.0,0.764951842428814,0,0.0,0.9444980831537569,1,18.0
90.0,1,19.0,0.8636363636363636,10.712245121979374,0,0.0,0.47907118742525545,1,23.0,0.7657032528453185,0,0.0,0.9353425252670498,1,23.0
95.0,4,30.0,1.3043478260869565,9.262469316642989,2,6.0,0.5124985491890427,2,28.0,0.35963559991042393,0,0.0,0.8491913389754174,4,34.0
100.0,2,16.0,0.8888888888888888,7.6142539796220445,2,16.0,0.41113911622487775,0,3.0,0.5280669416558675,0,0.0,0.12699782553961367,2,19.0
105.0,1,0.0,0.0,8.547874128041736,0,9.0,0.5140996246777904,0,0.0,0.758770612322824,1,2.0,0.6222513806814929,1,11.0
110.0,0,0.0,0.0,9.226608956770837,0,0.0,0.5657571441137654,0,2.0,0.8781107398265348,0,2.0,0.6731328798389721,0,4.0
115.0,2,2.0,0.09523809523809523,9.198056913864619,1,1.0,0.5702371630803684,1,3.0,0.542630400905428,0,2.0,0.7900346900630157,2,6.0
120.0,2,10.0,0.45454545454545453,7.513658745110035,2,10.0,0.5736061382710067,0,4.0,0.6358768988834915,0,2.0,0.3056078954642692,2,16.0
125.0,4,13.0,0.5909090909090909,7.954142554472529,0,2.0,0.6824774219249183,0,0.0,0.999516873238626,4,15.0,0.27802101487384984,4,17.0
130.0,1,5.0,0.22727272727272727,9.083867620228453,0,2.0,0.6768422060483411,0,2.0,0.92046249343902,1,16.0,0.518469513533166,1,20.0
135.0,2,2.0,0.08695652173913043,10.446600923279396,1,2.0,0.7367502593482824,0,4.0,0.8978755810258734,1,2.0,0.5757434680901449,2,8.0
140.0,2,7.0,0.30434782608695654,10.04726219211186,1,0.0,0.4789621496208576,0,4.0,0.9468734657857999,1,7.0,0.5506565242826666,2,11.0
145.0,0,0.0,0.0,9.902195181152539,0,0.0,0.6868353198071702,0,4.0,0.6126366467530352,0,0.0,0.8841220943040649,0,4.0
150.0,1,1.0,0.04,9.558354692513673,0,0.0,0.7868684678011363,0,2.0,0.47348237946185695,1,1.0,0.3341623938274904,1,3.0
155.0,0,0.0,0.0,10.222047390128925,0,0.0,0.7722621401088753,0,0.0,0.5382301366224577,0,2.0,0.9112679973573452,0,2.0
160.0,1,0.0,0.0,9.531538239916552,1,0.0,0.5181578094532501,0,2.0,0.9390854443341987,0,2.0,0.8003342786409648,1,4.0
165.0,1,0.0,0.0,10.89533241797124,1,0.0,0.3853268272461474,0,3.0,0.9195524420421156,0,2.0,0.8654472724074309,1,5.0
170.0,2,3.0,0.16666666666666666,10.086014323515569,0,0.0,0.7582825779521293,0,3.0,0.9434327256796565,2,5.0,0.5221211012084236,2,8.0
175.0,7,20.0,0.9090909090909091,7.237528940155612,1,0.0,0.6628622190520593,1,0.0,0.6652334477090361,5,22.0,0.2412485635445355,7,22.0
180.0,3,8.0,0.34782608695652173,6.952624655728553,1,2.0,0.7083980961249333,0,0.0,0.5403384559806493,2,20.0,0.29728274533510873,3,22.0
185.0,5,15.0,0.6,8.103199905139155,2,9.0,0.4454810036052967,2,8.0,0.560852072748129,1,7.0,0.5426822685303451,5,24.0
190.0,7,45.0,1.6666666666666667,7.451057441886144,2,19.0,0.5232735674558069,3,23.0,0.4903998746620739,2,12.0,0.3863857266531783,7,54.0
195.0,5,22.0,0.7857142857142857,8.780119297134231,1,10.0,0.5240756476823585,1,25.0,0.6420634234521684,3,25.0,0.4713317556107647,5,60.0
200.0,0,0.0,0.0,10.24359390231541,0,0.0,0.8201563467306381,0,4.0,0.6559559180359831,0,20.0,0.65015042458569,0,24.0
205.0,1,4.0,0.17391304347826086,11.51196974713037,1,4.0,0.6479760606963109,0,0.0,0.9368225392461077,0,2.0,0.9037068826561696,1,6.0
210.0,0,0.0,0.0,11.696980398338974,0,0.0,0.8150946372070305,0,0.0,0.9525299418297852,0,0.0,0.7157626937702418,0,0.0
215.0,0,0.0,0.0,9.981304349721276,0,0.0,0.7327118058256518,0,2.0,0.6635201059945249,0,0.0,0.5733676845038427,0,2.0
220.0,4,12.0,0.5,7.445890686764653,1,4.0,0.25402290870154626,0,2.0,0.5662775426456681,3,8.0,0.2869049969378022,4,14.0
225.0,3,15.0,0.6818181818181818,8.542555326091897,1,11.0,0.6194856908937291,0,2.0,0.6939411209628988,2,17.0,0.36456301482240777,3,30.0
230.0,2,17.0,0.8095238095238095,10.365542872844198,1,16.0,0.8091086764274095,1,3.0,0.5944396925225973,0,7.0,0.6022232670001062,2,26.0
235.0,3,29.0,1.380952380952381,9.747623898687712,1,19.0,0.7562031656763046,2,10.0,0.43011627068830666,0,0.0,0.6198054789347314,3,29.0
240.0,1,24.0,1.0909090909090908,9.701700062668609,1,24.0,0.4992897154343311,0,3.0,0.5555211616113562,0,0.0,0.42596167923825523,1,27.0
245.0,3,33.0,1.32,9.721807307423799,2,31.0,0.4391425373693205,0,0.0,0.9504821761300597,1,6.0,0.52057141818912,3,37.0
250.0,0,0.0,0.0,10.582557374377934,0,2.0,0.8882253409141054,0,0.0,0.5715012019602418,0,2.0,0.673134082539777,0,4.0
255.0,2,7.0,0.28,10.637498778297878,0,2.0,0.6784477694830097,1,4.0,0.3789186655905177,1,5.0,0.7165154244160054,2,11.0
260.0,2,2.0,0.08695652173913043,8.877493301657498,2,4.0,0.47687465063508994,0,0.0,0.8506596548484546,0,0.0,0.6207976768771503,2,4.0
265.0,1,3.0,0.13636363636363635,10.026932924745848,0,3.0,0.6546843931785441,0,2.0,0.8322024083339846,1,3.0,0.6446713399560805,1,8.0
270.0,0,0.0,0.0,10.218928896156442,0,0.0,0.9089436225301861,0,2.0,0.8000971419442207,0,0.0,0.16118920489652458,0,2.0
275.0,2,8.0,0.34782608695652173,10.106191769292712,0,0.0,0.8248332516678948,0,2.0,0.6862039115599015,2,8.0,5.60259265054079e-06,2,10.0
280.0,0,0.0,0.0,11.032121215222467,0,0.0,0.9385944092021077,0,0.0,0.8951690036748591,0,6.0,0.4198478328309676,0,6.0
285.0,2,3.0,0.17647058823529413,8.886840927140716,1,2.0,0.532971905167456,1,2.0,0.6986366597784184,0,0.0,0.5894506224336296,2,4.0
290.0,2,7.0,0.35,9.60223556715493,1,1.0,0.6469221829062644,1,7.0,0.6869081073183009,0,0.0,0.7390941738665221,2,8.0
295.0,3,3.0,0.14285714285714285,8.618810690880451,2,3.0,0.4399851225108904,1,1.0,0.20396190300729455,0,0.0,0.8905814177881937,3,4.0
300.0,4,12.0,0.631578947368421,7.8834316526139006,0,0.0,0.8373400203594328,3,11.0,0.00046765552136830273,1,1.0,0.5973215580246177,4,12.0
305.0,5,32.0,1.8823529411764706,8.519692408363667,1,0.0,0.6644977021651781,3,28.0,0.5311582172950137,1,6.0,0.6467397535724086,5,34.0
310.0,2,4.0,0.23529411764705882,8.627820316823014,1,3.0,0.26666944429766715,0,24.0,0.7161982603604014,1,1.0,0.4700278316880253,2,28.0
315.0,3,6.0,0.3157894736842105,9.07799720747243,2,0.0,0.19277081385295902,0,2.0,0.8686214111451359,1,8.0,0.6463752226970176,3,10.0
320.0,1,3.0,0.15789473684210525,8.434057959022764,0,0.0,0.7241434770985073,1,5.0,0.3974790218284806,0,2.0,0.7438495525607212,1,7.0
325.0,6,21.0,1.1666666666666667,5.900392837713152,1,0.0,0.36271638688069574,5,25.0,0.1921106038039024,0,2.0,0.9426962025596373,6,27.0
330.0,6,14.0,0.7,4.663679415872604,2,5.0,0.22601163005930244,2,29.0,0.3166202645159263,2,3.0,0.36536944311319336,6,37.0
335.0,5,14.0,0.6666666666666666,6.174310931031148,0,2.0,0.8195984391930842,1,12.0,0.4625455977859369,4,17.0,0.3100271141110678,5,31.0
340.0,2,6.0,0.25,8.406082439873558,0,2.0,0.7843109695683196,2,6.0,0.09108033166339345,0,17.0,0.6564643348812308,2,25.0
345.0,1,3.0,0.125,10.199788483053924,0,2.0,0.8481051007573022,0,2.0,0.8033692918541611,1,5.0,0.7137254691139115,1,9.0
350.0,1,8.0,0.3333333333333333,11.31957128122373,0,0.0,0.96852685029051,0,2.0,0.9447898020944647,1,8.0,0.6571452227367782,1,10.0
355.0,3,13.0,0.48148148148148145,9.757253900326647,0,0.0,0.7228750284871664,2,2.0,0.6231686457277711,1,13.0,0.5092487480631137,3,15.0
360.0,3,24.0,1.0,10.048948420704932,2,6.0,0.32337845433101314,0,0.0,0.913356592944195,1,18.0,0.7206196270155062,3,24.0
365.0,1,23.0,0.92,8.64235845185073,0,1.0,0.37405337712439674,0,0.0,0.8389907682465019,1,23.0,0.46590331545774344,1,24.0
370.0,1,1.0,0.043478260869565216,10.208632552809233,0,0.0,0.7254350336686611,1,3.0,0.6338629652015176,0,0.0,0.968705765319549,1,3.0
375.0,1,2.0,0.09523809523809523,9.724077324478728,0,0.0,0.6588145306294,0,2.0,0.7645574864556812,1,2.0,0.5412250437149053,1,4.0
380.0,3,5.0,0.22727272727272727,9.692493572291525,1,5.0,0.7187041064621733,1,2.0,0.6610799321129034,1,0.0,0.5167919827422295,3,7.0
385.0,2,12.0,0.631578947368421,8.761122304430998,1,10.0,0.5791352453280811,0,4.0,0.581442782000061,1,2.0,0.7055751815614729,2,16.0
390.0,2,7.0,0.30434782608695654,7.424904926534935,0,0.0,0.6062889859670264,2,11.0,0.3194454689345086,0,0.0,0.5947567354154599,2,11.0
395.0,3,4.0,0.16,9.404643784303154,1,0.0,0.6338506697238042,0,13.0,0.6806072718874896,2,4.0,0.31081270060167,3,17.0
400.0,1,1.0,0.041666666666666664,9.458064295965526,1,1.0,0.7161694241089852,0,2.0,0.8363547562562144,0,6.0,0.5072646392681324,1,9.0
405.0,5,14.0,0.4827586206896552,9.467465357230692,2,6.0,0.6106817146928006,2,7.0,0.7514086208531257,1,7.0,0.6157345964604156,5,20.0
410.0,2,19.0,0.6551724137931034,10.7542099257702,1,11.0,0.776303872347883,1,10.0,0.8046121800618151,0,2.0,0.7717614282272484,2,23.0
415.0,3,2.0,0.06666666666666667,8.592081685075877,2,1.0,0.39065627921520174,0,2.0,0.7528773664657114,1,3.0,0.698738728960288,3,6.0
420.0,6,18.0,0.5625,6.0811936757780085,4,14.0,0.3282814577204212,1,6.0,0.18681266827540222,1,2.0,0.5014684726610203,6,22.0
425.0,1,5.0,0.16129032258064516,7.714107440556544,0,13.0,0.46213687150196975,0,5.0,0.4908897587499797,1,5.0,0.592479186354616,1,23.0
430.0,1,10.0,0.3125,10.64199413882977,0,2.0,0.6645858652871055,0,2.0,0.8931567939744287,1,12.0,0.7583529519933795,1,16.0
435.0,1,15.0,0.45454545454545453,11.425408436470269,0,2.0,0.7877904865483775,0,2.0,0.931218792262854,1,17.0,0.741911314294142,1,21.0
440.0,1,1.0,0.03225806451612903,10.603814139681338,0,0.0,0.9590053680775127,1,3.0,0.7206801073117204,0,2.0,0.6771358093838756,1,5.0
445.0,4,9.0,0.32142857142857145,7.409399508302458,1,0.0,0.46150532675432143,0,5.0,0.6348180666680938,3,11.0,0.23084936513898846,4,16.0
450.0,1,0.0,0.0,8.32107824676151,1,2.0,0.6831242925574824,0,0.0,0.6760868398621063,0,13.0,0.43569128828256715,1,15.0
455.0,1,0.0,0.0,10.245809827811444,0,2.0,0.7724878887799136,0,2.0,0.7437364203314637,1,0.0,0.6001336561902728,1,4.0
460.0,1,0.0,0.0,11.61954696136166,0,2.0,0.8067580526258702,0,2.0,0.9373308759113709,1,0.0,0.7644147598514807,1,4.0
465.0,2,1.0,0.03225806451612903,10.219498675415306,0,0.0,0.701178236070887,1,3.0,0.6816782689283585,1,0.0,0.6737409705843207,2,3.0
470.0,3,6.0,0.21428571428571427,9.77125600552385,1,0.0,0.6907421260881138,1,4.0,0.31716633940190775,1,4.0,0.7111402300126142,3,8.0
475.0,4,17.0,0.5666666666666667,8.714760182152503,0,0.0,0.6103979227458975,3,17.0,0.5320262996341842,1,2.0,0.2946736588450859,4,19.0
480.0,6,18.0,0.6206896551724138,7.9760227017911705,0,0.0,0.7754318815590322,1,16.0,0.5539307159187996,5,17.0,0.17461621798926527,6,33.0
485.0,1,3.0,0.125,8.598087389576888,0,2.0,0.7882881013366024,0,1.0,0.6842528931555042,1,19.0,0.28038955169045293,1,22.0
490.0,4,7.0,0.3333333333333333,8.577324929630887,1,2.0,0.73032090605214,2,5.0,0.40573228499683023,1,7.0,0.6133878424958393,4,14.0
495.0,6,27.0,1.0384615384615385,8.811277025203676,0,2.0,0.7672065421904425,5,22.0,0.4104952513695523,1,9.0,0.5912751507644354,6,33.0
500.0,4,47.0,1.7407407407407407,9.889908879689246,0,0.0,0.7988367067743832,3,37.0,0.624612408491354,1,14.0,0.5567513827093179,4,51.0
505.0,2,21.0,0.75,8.722566977753159,0,0.0,0.8707562906649625,0,18.0,0.5204692228411358,2,21.0,0.4657995355308236,2,39.0
510.0,7,41.0,1.3666666666666667,8.866807784605395,1,4.0,0.7436085428857142,3,8.0,0.4999368339856169,3,33.0,0.5399274324815976,7,45.0
515.0,3,9.0,0.2903225806451613,8.002554522628694,2,11.0,0.5417895244081486,1,0.0,0.31467304698025733,0,12.0,0.7291434346749316,3,23.0
520.0,7,34.0,1.1724137931034482,8.310133838978565,3,24.0,0.35469752665595494,3,9.0,0.4143751606131132,1,5.0,0.6193981469279044,7,38.0
525.0,1,5.0,0.18518518518518517,6.0152675857577185,1,22.0,0.22852660915005926,0,6.0,0.2772309735223017,0,2.0,0.4752254409249816,1,30.0
530.0,2,7.0,0.2692307692307692,9.973229767060218,0,7.0,0.7309605554860047,2,9.0,0.5932126910195382,0,2.0,0.6526469058296462,2,18.0
535.0,1,2.0,0.07407407407407407,10.851013988734865,1,4.0,0.5753679734828232,0,2.0,0.7691896083312,0,2.0,0.8894674559859237,1,8.0
540.0,4,11.0,0.34375,9.840887666535256,2,13.0,0.44903205822298337,1,2.0,0.7513426860230118,1,2.0,0.5713326390532019,4,17.0
545.0,3,3.0,0.10714285714285714,7.297498203047882,2,11.0,0.49702752910995646,1,1.0,0.46396060361604596,0,0.0,0.5038802692737929,3,12.0
550.0,9,32.0,1.0,7.732335100766177,3,15.0,0.5388084196282679,3,13.0,0.2589784249582605,3,6.0,0.5503054311411983,9,34.0
555.0,0,0.0,0.0,9.166178673518049,0,8.0,0.6906380803471613,0,7.0,0.3987594650206182,0,2.0,0.7470829014456156,0,17.0
560.0,3,1.0,0.02564102564102564,9.936071372773906,2,0.0,0.5879306491084453,0,4.0,0.8485733643486338,1,3.0,0.6403791473689484,3,7.0
565.0,5,9.0,0.225,9.916607341936718,2,1.0,0.5821345463161531,1,4.0,0.724725909865085,2,10.0,0.6349956984353156,5,15.0
570.0,4,12.0,0.3076923076923077,9.303887098909886,4,12.0,0.340772961867304,0,4.0,0.8384135188351907,0,0.0,0.48169407099806083,4,16.0
575.0,4,6.0,0.16666666666666666,8.838418575139121,2,10.0,0.4651444299412745,1,0.0,0.5275446031475611,1,4.0,0.655339901127264,4,14.0
580.0,2,11.0,0.36666666666666664,9.690067844313251,0,3.0,0.6706011216255411,0,2.0,0.8123529606403115,2,11.0,0.5545420196423922,2,16.0
585.0,4,4.0,0.12903225806451613,7.825427047295669,2,2.0,0.5141777792185463,1,3.0,0.6078115586821503,1,10.0,0.4701589493351867,4,15.0
590.0,6,17.0,0.53125,7.79353180386431,4,15.0,0.3270020691991648,0,5.0,0.7885372761128245,2,5.0,0.5492040438078692,6,25.0
595.0,3,13.0,0.3611111111111111,8.22955099139663,2,25.0,0.48125090456310027,0,2.0,0.7571442359475233,1,8.0,0.46475599470196943,3,35.0
600.0,1,3.0,0.08333333333333333,10.00662926458561,1,11.0,0.5137122705358484,0,2.0,0.9168754461641059,0,0.0,0.848899316917572,1,13.0
605.0,4,14.0,0.35,9.614062269376635,3,13.0,0.5409884180960254,0,2.0,0.7567223875050959,1,3.0,0.6256046529089787,4,18.0
610.0,5,30.0,0.7692307692307693,8.884717385919384,3,24.0,0.555791349703332,2,8.0,0.5792490523280627,0,0.0,0.5544825804389611,5,32.0
615.0,3,2.0,0.05714285714285714,7.993030835659003,3,15.0,0.44384776804221,0,11.0,0.6168639518795109,0,0.0,0.47987833928703993,3,26.0
620.0,2,8.0,0.20512820512820512,9.515538673849626,2,10.0,0.5492684398969246,0,4.0,0.7156148115552902,0,0.0,0.6858816326826149,2,14.0
625.0,2,3.0,0.07894736842105263,9.307444474965113,1,8.0,0.5527481134778048,1,5.0,0.47668690113726325,0,0.0,0.8509926186736652,2,13.0
630.0,8,29.0,0.8529411764705882,8.080080109320434,2,14.0,0.6719867984772631,5,21.0,0.3348946369000747,1,2.0,0.6641763007590243,8,37.0
635.0,5,31.0,0.9117647058823529,7.274873348850697,3,22.0,0.0,2,28.0,0.472638478910445,0,0.0,0.5207758135339372,5,50.0
640.0,1,0.0,0.0,9.082737479227543,1,15.0,0.6318967592185981,0,11.0,0.6223848906642057,0,2.0,0.6039358972049526,1,28.0
645.0,3,9.0,0.2571428571428571,10.385507167016874,0,2.0,0.777029933936161,1,6.0,0.6351200141403164,2,7.0,0.6805821730500574,3,15.0
650.0,4,20.0,0.6060606060606061,10.960731209671394,0,2.0,0.9488369705846914,1,11.0,0.7635861552484278,3,13.0,0.6595195588409241,4,26.0
655.0,4,35.0,1.0606060606060606,10.4904016639636,0,0.0,0.8291197305148307,1,14.0,0.7308092433261608,3,21.0,0.6147916953614518,4,35.0
660.0,4,32.0,0.9142857142857143,9.751273916579205,1,0.0,0.7146582102470492,1,1.0,0.6559012302409627,2,31.0,0.6213129841683279,4,32.0
665.0,2,9.0,0.23684210526315788,8.698336014010502,0,0.0,0.7071373498179909,2,9.0,0.5529741134396217,0,3.0,0.4022650258040339,2,12.0
670.0,8,17.0,0.4594594594594595,7.497885057442014,2,0.0,0.6194108330696012,2,14.0,0.3602104857073424,4,13.0,0.2720752346307646,8,27.0
675.0,3,13.0,0.37142857142857144,7.091705580582499,0,2.0,0.6841433620857161,2,13.0,0.4358907518677741,1,18.0,0.3256399767924531,3,33.0
680.0,2,4.0,0.1111111111111111,9.963623759051277,1,6.0,0.7280278805220328,0,9.0,0.7185066519770494,1,4.0,0.7191711585966166,2,19.0
685.0,5,16.0,0.43243243243243246,10.459005440063592,4,11.0,0.6007409863222019,1,8.0,0.798337300838345,0,2.0,0.8207387323608678,5,21.0
690.0,4,24.0,0.6,10.498997967845813,2,21.0,0.6142025543163612,0,2.0,0.8322111385951363,2,5.0,0.6330466582033042,4,28.0
695.0,3,39.0,1.054054054054054,10.637578647636175,2,33.0,0.6603606526845355,0,0.0,0.7691980471136163,1,10.0,0.7578483641939605,3,43.0
700.0,4,15.0,0.4166666666666667,9.067550971826218,2,19.0,0.5955651134594764,1,0.0,0.6555681548896352,1,13.0,0.6246513427671241,4,32.0
705.0,4,14.0,0.3684210526315789,8.257009348756378,3,12.0,0.528472596333995,1,4.0,0.5585614010692815,0,0.0,0.6015128796985556,4,16.0
710.0,6,8.0,0.2222222222222222,7.202798778779101,2,13.0,0.4608666232765026,1,3.0,0.4395475064424443,3,4.0,0.5447119963388799,6,20.0
715.0,6,18.0,0.4864864864864865,7.163861067830739,1,6.0,0.5555364964124959,4,16.0,0.378378579048415,1,5.0,0.36748277560534076,6,27.0
720.0,4,11.0,0.2619047619047619,8.016152817958792,2,1.0,0.5036794648125115,0,15.0,0.6449047827423172,2,10.0,0.4529362475249736,4,26.0
725.0,7,21.0,0.4666666666666667,9.182141572667016,5,21.0,0.5033166452583777,0,2.0,0.790400596243343,2,4.0,0.6769509051218825,7,27.0
730.0,10,60.0,1.3953488372093024,7.320155879863673,7,51.0,0.31580866336433094,1,4.0,0.42971954365399667,2,11.0,0.5482279962871888,10,66.0
735.0,10,35.0,0.875,5.27410533734183,4,59.0,0.19238380902453223,4,14.0,0.2710873583141716,2,9.0,0.5538829721989816,10,82.0
740.0,5,17.0,0.425,6.820344485062572,2,35.0,0.28206230823539225,2,22.0,0.5724685734664526,1,9.0,0.49321454840548973,5,66.0
745.0,2,15.0,0.3409090909090909,9.343269201815131,0,18.0,0.5248029218266488,0,11.0,0.7042188141345974,2,17.0,0.6217313512817314,2,46.0
750.0,2,25.0,0.5813953488372093,10.170090662455216,0,8.0,0.5264097111007829,0,4.0,0.827132014350261,2,27.0,0.66157631892898,2,39.0
755.0,4,38.0,0.9047619047619048,8.582255191521893,0,1.0,0.4101913286097525,2,7.0,0.535308949339278,2,37.0,0.6767692718675172,4,45.0
760.0,10,74.0,1.7619047619047619,7.111568749676804,0,0.0,0.4180315099657054,8,33.0,0.4125685368502066,2,45.0,0.5617699090677502,10,78.0
765.0,8,23.0,0.5111111111111111,5.545588529228617,1,0.0,0.4962633087969614,7,51.0,0.36716395433248933,0,22.0,0.2909640224180738,8,73.0
770.0,7,24.0,0.48,6.64511994906385,3,7.0,0.482514539606599,0,28.0,0.3305285583875095,4,21.0,0.5045739354381299,7,56.0
775.0,4,21.0,0.4117647058823529,7.927770325010604,3,21.0,0.6477535039817098,1,8.0,0.31565032416388017,0,17.0,0.6731820821974537,4,46.0
780.0,7,45.0,0.8490566037735849,7.876134114464214,4,39.0,0.5545511898911254,1,14.0,0.44066762988001257,2,7.0,0.6941132775616301,7,60.0
785.0,12,47.0,0.8245614035087719,7.243590536980986,3,28.0,0.4124027722905701,8,38.0,0.32510692547908626,1,10.0,0.7018251920903792,12,76.0
790.0,14,60.0,1.0344827586206897,6.417028254540039,5,24.0,0.3238598041088553,7,60.0,0.20657126328368933,2,16.0,0.5845264914712205,14,100.0
795.0,8,39.0,0.6842105263157895,6.645896184360301,4,36.0,0.41844723363581754,1,44.0,0.2699748733523359,3,29.0,0.5936082113880481,8,109.0
800.0,5,48.0,0.9056603773584906,8.912434157038229,2,26.0,0.5934391675443169,0,16.0,0.5878443144731637,3,44.0,0.6510386327150708,5,86.0
805.0,4,13.0,0.23214285714285715,8.484165110512942,2,18.0,0.5931868983050356,1,17.0,0.5118409832953021,1,12.0,0.5736132046177778,4,47.0
810.0,14,39.0,0.6610169491525424,6.951156459087988,4,9.0,0.46976000527650497,6,38.0,0.3998197515093218,4,15.0,0.3835585109926445,14,62.0
815.0,11,43.0,0.7413793103448276,4.802898417652323,6,28.0,0.3005364418296668,4,46.0,0.16744088311047486,1,17.0,0.30534536845048843,11,91.0
820.0,9,31.0,0.5535714285714286,6.870911158078597,5,48.0,0.39230558309004376,1,27.0,0.41259681854054653,3,11.0,0.5319174031959637,9,86.0
825.0,7,26.0,0.4406779661016949,8.044351231704505,2,31.0,0.4738358247633506,3,28.0,0.47281387307898354,2,21.0,0.6799902534836926,7,80.0
830.0,13,69.0,1.0952380952380953,8.057812576298469,3,12.0,0.5203275165030888,7,55.0,0.4187856410573462,3,29.0,0.5894041146985666,13,96.0
835.0,16,88.0,1.3333333333333333,6.166709208122705,2,14.0,0.37720506613524823,13,106.0,0.2531881175953487,1,1.0,0.4827587772610174,16,121.0
840.0,26,115.0,1.7692307692307692,4.846680065711828,10,37.0,0.2739688777220553,11,130.0,0.17778412249248984,5,17.0,0.0013884411380227655,26,184.0
845.0,10,43.0,0.7049180327868853,5.084269874112747,5,56.0,0.33296659092734765,5,107.0,0.14468095011118504,0,18.0,0.4840032229058348,10,181.0
850.0,7,17.0,0.288135593220339,6.31581428080218,5,44.0,0.387160178467439,2,120.0,0.3579174824679923,0,2.0,0.7517673186461082,7,166.0
855.0,10,34.0,0.53125,6.03298637213023,2,45.0,0.3303703447750158,7,143.0,0.24593139608765366,1,2.0,0.7146170409343342,10,190.0
860.0,14,57.0,0.9047619047619048,5.466119022106837,8,67.0,0.24660015965903342,6,145.0,0.05438881233528735,0,0.0,0.7740368941620772,14,212.0
865.0,14,40.0,0.6557377049180327,5.388611745948538,8,80.0,0.23524637300962367,5,100.0,0.18620931594260834,1,3.0,0.618056115630817,14,183.0
870.0,9,29.0,0.4603174603174603,7.28530210621013,5,65.0,0.35515291618189715,1,46.0,0.4521351932614341,3,11.0,0.5871738506564033,9,122.0
875.0,7,30.0,0.5,8.412564155393675,4,66.0,0.47373850149241076,1,16.0,0.7392848288033675,2,16.0,0.5844528035601805,7,98.0
880.0,10,47.0,0.7704918032786885,7.930572606283517,4,60.0,0.4997142014265698,2,10.0,0.6467973447654823,4,11.0,0.45237518162630774,10,81.0
885.0,4,6.0,0.09836065573770492,7.319812080330216,1,33.0,0.4514764186939143,0,7.0,0.7325629030516573,3,18.0,0.4048565852865047,4,58.0
890.0,17,58.0,0.8923076923076924,6.068000459244286,7,45.0,0.1773204495475049,3,8.0,0.44840950850444616,7,36.0,0.29647293711876566,17,89.0
895.0,16,54.0,0.9473684210526315,4.616619871945224,7,64.0,0.24293431930511125,2,14.0,0.28953480492381145,7,60.0,0.20770172393637124,16,138.0
900.0,4,13.0,0.22413793103448276,6.347443027045211,0,42.0,0.4079013391361467,2,12.0,0.46626788776136396,2,52.0,0.39363215403645974,4,106.0
905.0,4,24.0,0.38095238095238093,9.605775940058706,0,8.0,0.6624079363064694,2,14.0,0.7069306983192689,2,29.0,0.6004891125597742,4,51.0
910.0,3,4.0,0.058823529411764705,9.1742512157631,0,0.0,0.7334647928887662,1,12.0,0.6679114874935205,2,16.0,0.522832620202594,3,28.0
915.0,13,47.0,0.6911764705882353,7.374831364546488,2,6.0,0.5660063269246589,4,17.0,0.4588131182499544,7,41.0,0.27020373944513065,13,64.0
920.0,10,35.0,0.5737704918032787,4.930965298035526,0,5.0,0.4720505882529264,2,25.0,0.2703594153194034,8,63.0,0.1380456762323748,10,93.0
925.0,7,20.0,0.32786885245901637,6.0798629220843745,2,7.0,0.5103151382731564,1,16.0,0.33917081391909004,4,65.0,0.34799818759272444,7,88.0
930.0,5,14.0,0.208955223880597,7.391966772924637,1,7.0,0.620701162343928,3,18.0,0.3787922305855545,1,38.0,0.4633941637525131,5,63.0
935.0,12,40.0,0.5882352941176471,6.960963434648601,2,13.0,0.5588502516358369,7,44.0,0.40739987610279543,3,30.0,0.42832918646992085,12,87.0
940.0,16,69.0,0.9857142857142858,6.406104486697157,5,29.0,0.5184803024173481,4,52.0,0.40697320720339686,7,54.0,0.20582924984309234,16,135.0
945.0,15,36.0,0.5373134328358209,5.1302167771747875,2,24.0,0.5908439987151831,5,37.0,0.21879534985167395,8,75.0,0.22961960397398815,15,136.0
950.0,10,36.0,0.4931506849315068,6.738595156173521,3,11.0,0.5999751705197036,4,39.0,0.2934849665572068,3,51.0,0.4027057341893282,10,101.0
955.0,7,43.0,0.5733333333333334,7.754268473400148,2,10.0,0.5913307148158196,5,52.0,0.3858846410043866,0,28.0,0.5568602991676155,7,90.0
960.0,7,12.0,0.15384615384615385,8.109569854059767,3,9.0,0.5427594682995902,1,42.0,0.5385273338130524,3,17.0,0.5127141688238259,7,68.0
965.0,9,16.0,0.20253164556962025,7.2636298928455085,3,8.0,0.4558816636047097,5,26.0,0.4473884914588951,1,12.0,0.4538592173574654,9,46.0
970.0,20,60.0,0.7894736842105263,5.815814304729369,7,26.0,0.3411624013017417,5,35.0,0.3138149769675302,8,32.0,0.26874506859729175,20,93.0
975.0,20,101.0,1.4225352112676057,5.029898589916679,5,45.0,0.3243199111654763,3,39.0,0.28978938713436475,12,81.0,0.2139054330621801,20,165.0
980.0,16,67.0,1.046875,4.674388790578846,2,27.0,0.4174498063410115,4,50.0,0.24832441709514838,10,109.0,0.2670167684807704,16,186.0
985.0,15,73.0,1.028169014084507,6.5575806708559865,1,7.0,0.5657314895736468,10,79.0,0.3133366019432501,4,86.0,0.3182874043717243,15,172.0
990.0,15,122.0,1.6712328767123288,7.652452340164252,1,12.0,0.6813733316711866,12,130.0,0.3347559082233328,2,47.0,0.4499707992337732,15,189.0
995.0,15,112.0,1.5342465753424657,6.956984401563871,2,19.0,0.5920195252472406,11,156.0,0.2756232241968105,2,32.0,0.47979296381191694,15,207.0
1000.0,12,84.0,1.2352941176470589,6.737666415535711,0,7.0,0.7049224673269269,10,143.0,0.25922738631219305,2,33.0,0.6620228097461365,12,183.0
1005.0,14,75.0,1.0869565217391304,6.0815404059349705,3,10.0,0.5856100338488538,10,131.0,0.2278758962500732,1,12.0,0.4891040377505326,14,153.0
1010.0,13,88.0,1.2571428571428571,6.697038201980283,1,10.0,0.5742436229703368,8,147.0,0.301406162116963,4,15.0,0.595167563762407,13,172.0
1015.0,5,11.0,0.15492957746478872,6.942790376470266,0,0.0,0.6261603817606386,1,125.0,0.387880503112052,4,22.0,0.47100905640968554,5,147.0
1020.0,14,42.0,0.56,6.939984151488341,2,6.0,0.5713741908001455,6,102.0,0.2892809898599206,6,28.0,0.43791299250538446,14,136.0
1025.0,14,45.0,0.5921052631578947,5.856746141179786,7,29.0,0.28385780422469276,4,109.0,0.3016294667483641,3,28.0,0.400096556896856,14,166.0
1030.0,14,50.0,0.684931506849315,5.646628023223651,6,50.0,0.3360013280638401,1,84.0,0.23008400306215654,7,35.0,0.3832531729314023,14,169.0
1035.0,8,33.0,0.4714285714285714,6.919323859173108,1,32.0,0.5094578607395974,2,51.0,0.4384990787127715,5,49.0,0.3639667872302264,8,132.0
1040.0,6,32.0,0.4507042253521127,8.226181970025966,1,8.0,0.55470652875665,3,43.0,0.5921782700462908,2,36.0,0.5441851482515175,6,87.0
1045.0,4,46.0,0.6052631578947368,9.42593476206378,1,0.0,0.6771751658390347,2,37.0,0.7183003227820227,1,19.0,0.5580585004851963,4,56.0
1050.0,9,66.0,0.7951807228915663,8.68585250361601,3,1.0,0.47003695110978333,2,45.0,0.7138875150150722,4,22.0,0.5995010684278751,9,68.0
1055.0,14,81.0,0.9759036144578314,8.089213617182239,8,23.0,0.33296869533672513,3,56.0,0.6855350868114256,3,9.0,0.5981490036420452,14,88.0
1060.0,15,46.0,0.5609756097560976,6.430344738809811,8,50.0,0.26375437352176706,1,7.0,0.3218474967273345,6,22.0,0.46247287731480763,15,79.0
1065.0,17,52.0,0.7027027027027027,4.734177308371171,5,50.0,0.23441137552037375,6,23.0,0.2483412360402262,6,42.0,0.22875429356006646,17,115.0
1070.0,11,30.0,0.43478260869565216,5.230773767926145,4,61.0,0.2897748287659784,4,42.0,0.3519583646915873,3,36.0,0.20478102675335708,11,139.0
1075.0,14,61.0,0.9104477611940298,6.703695875044828,9,91.0,0.28632387137169285,1,25.0,0.6218880628871927,4,29.0,0.3930424526860365,14,145.0
1080.0,16,77.0,1.1492537313432836,6.90829369294348,9,112.0,0.2776602941929625,4,23.0,0.42114412465303647,3,34.0,0.628330026525185,16,169.0
1085.0,13,42.0,0.65625,6.621175894153534,5,87.0,0.23020477696449096,7,48.0,0.420676765619723,1,13.0,0.6242006444299852,13,148.0
1090.0,11,51.0,0.7846153846153846,7.192173797003624,3,44.0,0.41768603558343237,4,50.0,0.4101341998742348,4,17.0,0.32167065662401495,11,111.0
1095.0,6,41.0,0.6612903225806451,8.51158586970531,2,32.0,0.6045606988535935,1,31.0,0.5871937612606497,3,28.0,0.39226372566334117,6,91.0
1100.0,5,12.0,0.1935483870967742,9.086533523242078,2,22.0,0.5450056522016942,2,18.0,0.6728174492393931,1,7.0,0.6298720938490322,5,47.0
1105.0,9,42.0,0.6774193548387096,9.459244480793092,6,24.0,0.4891356312717445,3,23.0,0.6472152090430464,0,2.0,0.8447884203911488,9,49.0
1110.0,12,62.0,1.0,7.987263471183241,11,65.0,0.3244411363376163,0,6.0,0.7093551922640673,1,0.0,0.6748456981018975,12,71.0
1115.0,13,55.0,0.8333333333333334,6.014162780208847,9,91.0,0.23281127068141008,3,9.0,0.3701532244710343,1,1.0,0.5721143288883782,13,101.0
1120.0,10,32.0,0.47058823529411764,5.801672537279477,5,80.0,0.288419632827962,1,13.0,0.44759842335027283,4,16.0,0.3939276036240528,10,109.0
1125.0,8,28.0,0.4057971014492754,6.956985669365669,5,54.0,0.4588564770795981,0,5.0,0.4583257880970575,3,23.0,0.4042329007615406,8,82.0
1130.0,7,14.0,0.1917808219178082,7.793811976220703,3,47.0,0.4465463015725915,2,12.0,0.6742562194632753,2,15.0,0.47500940579036016,7,74.0
1135.0,12,52.0,0.7123287671232876,6.735117360634812,6,57.0,0.3524015385781024,2,20.0,0.6324436554192461,4,23.0,0.37502481603141574,12,100.0
1140.0,26,147.0,2.0136986301369864,6.176666226106458,14,107.0,0.19235617156823154,2,30.0,0.6352419859810229,10,57.0,0.36635833820378844,26,194.0
1145.0,25,101.0,1.463768115942029,4.295196786993825,16,142.0,0.15971073236886638,2,1.0,0.37098034452053463,7,68.0,0.3182928187392899,25,211.0
1150.0,14,66.0,0.9428571428571428,5.665378292972695,10,143.0,0.24892058771533362,4,18.0,0.4697995765377741,0,25.0,0.426037417620092,14,186.0
1155.0,10,49.0,0.6533333333333333,6.1523859000433605,1,125.0,0.3107615715628149,6,46.0,0.49843308346795,3,32.0,0.3684682050754933,10,203.0
1160.0,17,62.0,0.7848101265822784,5.859471059811712,6,135.0,0.27004448828074434,2,41.0,0.4645024850725508,9,61.0,0.20704006555150958,17,237.0
1165.0,18,49.0,0.6447368421052632,4.806837226072999,9,140.0,0.2252000374934929,1,14.0,0.3703595126184929,8,72.0,0.2953697472441335,18,226.0
1170.0,11,39.0,0.527027027027027,6.35335896764419,5,113.0,0.3229675003645797,4,18.0,0.5649635738086347,2,39.0,0.3876609580652426,11,170.0
1175.0,9,42.0,0.525,6.752423264097655,2,83.0,0.31616141312953333,5,38.0,0.5001503464587277,2,29.0,0.5279532591195664,9,150.0
1180.0,10,48.0,0.5714285714285714,6.709156890127014,6,96.0,0.2636014024946647,2,42.0,0.5280437114418892,2,28.0,0.5046697614607465,10,166.0
1185.0,14,28.0,0.3333333333333333,5.8101463470024655,9,100.0,0.17099698578359918,5,25.0,0.40496549942562393,0,12.0,0.5877969467223677,14,137.0
1190.0,18,42.0,0.5185185185185185,4.922595150409044,7,71.0,0.19950831096356816,5,38.0,0.3158125507110893,6,22.0,0.27839471394922344,18,131.0
1195.0,14,38.0,0.475,4.926941602928432,4,71.0,0.2474203330061039,6,48.0,0.28384068087436454,4,32.0,0.3604239244899683,14,151.0
1200.0,12,43.0,0.5375,5.691738183311506,8,89.0,0.22997813724431646,3,46.0,0.4004661060489406,1,20.0,0.502758572221844,12,155.0
1205.0,16,50.0,0.625,5.446623843578939,9,101.0,0.22717938149080183,5,40.0,0.2969222639392377,2,21.0,0.5001893848173105,16,162.0
1210.0,14,51.0,0.6071428571428571,5.092913585554429,4,80.0,0.2323037029269841,4,48.0,0.30192711629768476,6,38.0,0.2794105118381785,14,166.0
1215.0,17,58.0,0.7073170731707317,5.688480916189877,6,59.0,0.3460001630076712,5,47.0,0.3819465968209263,6,53.0,0.3334794376717585,17,159.0
1220.0,12,56.0,0.6436781609195402,6.3697793484789,5,65.0,0.36834936780416055,1,37.0,0.568403899354563,6,49.0,0.34881763041723046,12,151.0
1225.0,14,45.0,0.4945054945054945,6.793511450839393,4,56.0,0.37159048142856005,4,37.0,0.5244885451771876,6,48.0,0.36697908909091753,14,141.0
1230.0,11,36.0,0.391304347826087,6.012469888335813,6,42.0,0.3142810720688289,2,41.0,0.43822259486303955,3,55.0,0.2915565482257705,11,138.0
1235.0,15,50.0,0.5813953488372093,5.2928171074208,7,58.0,0.25009970308301943,2,29.0,0.3104478356547613,6,65.0,0.35173938154178386,15,152.0
1240.0,24,121.0,1.475609756097561,5.254825791105874,9,74.0,0.2913090058290781,4,30.0,0.39966128630074094,11,91.0,0.2854852942949979,24,195.0
1245.0,18,125.0,1.4705882352941178,4.968361549502221,4,78.0,0.2689326083453548,2,25.0,0.31442797465590805,12,144.0,0.282734589107393,18,247.0
1250.0,27,135.0,1.5340909090909092,4.851926723151181,7,73.0,0.1954280900545495,7,28.0,0.31010734950894686,13,167.0,0.24159118396321186,27,268.0
1255.0,20,100.0,1.1494252873563218,4.663835679258105,5,80.0,0.13367228639801826,4,45.0,0.3533785220524216,11,154.0,0.2606034800361556,20,279.0
1260.0,15,65.0,0.7647058823529411,5.441129392576804,5,68.0,0.25824070088038836,2,32.0,0.5599716619905928,8,170.0,0.31272055157571677,15,270.0
1265.0,14,45.0,0.4945054945054945,6.070423709877437,3,58.0,0.37346135112046974,1,16.0,0.562849295351756,10,209.0,0.2699165664929375,14,283.0
1270.0,19,64.0,0.7191011235955056,5.774247401109493,3,45.0,0.3813541653209897,6,33.0,0.4471846654060966,10,224.0,0.23110567645890304,19,302.0
1275.0,15,44.0,0.5057471264367817,4.983216861827929,5,43.0,0.3058492331062275,4,41.0,0.4317662525089049,6,191.0,0.19079336368498295,15,275.0
1280.0,4,7.0,0.07865168539325842,5.7098525652709675,2,54.0,0.40397598293845405,1,15.0,0.4912488983925205,1,166.0,0.28390781676597365,4,235.0
1285.0,14,43.0,0.44329896907216493,6.295086866362023,5,57.0,0.42356340557151734,2,9.0,0.5011010286748874,7,172.0,0.24932329635864386,14,238.0
1290.0,13,50.0,0.5208333333333334,5.828110473048689,6,71.0,0.3999634225032502,1,12.0,0.5139883513541371,6,169.0,0.23057164081008114,13,252.0
1295.0,14,41.0,0.44086021505376344,4.7151925424342505,9,77.0,0.26890371705707483,1,6.0,0.41534963852349477,4,121.0,0.2749668068164322,14,204.0
1300.0,15,52.0,0.52,5.377319895742184,9,99.0,0.21522113182369226,4,20.0,0.5408814144784564,2,61.0,0.24900751489541667,15,180.0
1305.0,12,72.0,0.7058823529411765,5.685726929395071,6,105.0,0.22311510040329935,6,48.0,0.5034363247759207,0,52.0,0.2504380345248742,12,205.0
1310.0,21,111.0,1.1326530612244898,4.560793206638301,11,128.0,0.20300195137812993,3,47.0,0.30049418458463456,7,73.0,0.1697652625942663,21,248.0
1315.0,20,82.0,0.9111111111111111,4.16193389801476,11,152.0,0.2592948659521986,2,30.0,0.2954827448604026,7,82.0,0.1824952424941579,20,264.0
1320.0,20,85.0,0.9239130434782609,5.1576849514689,12,128.0,0.25426844255408987,3,26.0,0.5488847176830858,5,65.0,0.29771848120111166,20,219.0
1325.0,21,58.0,0.5918367346938775,5.526953372827893,14,169.0,0.24091812864138526,2,17.0,0.5505559986346658,5,62.0,0.36600259994483164,21,248.0
1330.0,19,96.0,0.9696969696969697,5.9779453475579905,11,192.0,0.19959188597630806,4,31.0,0.5384517891279939,4,56.0,0.33126186834297455,19,279.0
1335.0,23,144.0,1.5483870967741935,5.309941177438059,17,252.0,0.09601569071001262,2,27.0,0.5005310338835014,4,65.0,0.3188157775186594,23,344.0
1340.0,23,181.0,1.989010989010989,5.1395796617769065,19,345.0,0.11526151563743742,1,12.0,0.5504957662393759,3,43.0,0.36449912588322014,23,400.0
1345.0,22,187.0,2.101123595505618,5.754704991311457,15,374.0,0.22844928469185233,2,13.0,0.5010603206726336,5,44.0,0.4580256741406801,22,431.0
1350.0,17,83.0,0.9222222222222223,4.376793999191215,10,331.0,0.2209602266811263,3,21.0,0.315259056122075,4,49.0,0.3520187116546995,17,401.0
1355.0,23,98.0,1.0315789473684212,4.225681449435367,11,378.0,0.15925163978607038,8,38.0,0.3821935696128778,4,41.0,0.34259087152981593,23,457.0
1360.0,27,90.0,0.8823529411764706,4.195913493832611,17,440.0,0.11761184512567684,4,54.0,0.4298490800455538,6,35.0,0.24177861121480768,27,529.0
1365.0,26,122.0,1.2448979591836735,4.340604251541704,16,468.0,0.19536530036332952,3,37.0,0.33586919701226453,7,63.0,0.2392734344557071,26,568.0
1370.0,22,110.0,1.134020618556701,4.408645326537161,8,390.0,0.20161955669086476,4,32.0,0.380048151956474,10,108.0,0.19187032003916282,22,530.0
1375.0,22,106.0,1.1041666666666667,4.7104399748001775,6,302.0,0.21783955017069823,7,44.0,0.37298821036899876,9,126.0,0.15481123237818942,22,472.0
1380.0,12,44.0,0.4583333333333333,4.9255265303319815,4,302.0,0.2120376595861134,3,54.0,0.4326126929614576,5,85.0,0.2018064101152359,12,441.0
1385.0,19,57.0,0.5876288659793815,5.486794324472053,10,309.0,0.2038336214309029,3,37.0,0.5267969862445067,6,75.0,0.31533117154670676,19,421.0
1390.0,21,56.0,0.5490196078431373,5.170398578973461,9,302.0,0.2074971709899179,5,37.0,0.4197768119409881,7,86.0,0.3773248448423083,21,425.0
1395.0,21,74.0,0.74,4.743194525815512,9,268.0,0.20330487838481529,8,52.0,0.330487875669946,4,111.0,0.31085623483330166,21,431.0
1400.0,22,64.0,0.6095238095238096,3.955370459724397,6,286.0,0.17485249398582645,10,81.0,0.21552977721954747,6,117.0,0.20375439557513808,22,484.0
1405.0,22,93.0,0.8942307692307693,4.769964221056109,10,305.0,0.21526289974578505,8,94.0,0.24735602080022584,4,108.0,0.33586002290345984,22,507.0
1410.0,20,69.0,0.6509433962264151,3.802477468865921,11,306.0,0.15100913501964533,5,106.0,0.26440857775181015,4,115.0,0.2549028967324205,20,527.0
1415.0,25,102.0,0.9532710280373832,4.142901866051375,12,272.0,0.11303723399376812,9,108.0,0.2261967160278871,4,127.0,0.23569887241753146,25,507.0
1420.0,29,140.0,1.3592233009708738,3.682049400051059,10,283.0,0.14968499178823758,14,159.0,0.18573933548203683,5,130.0,0.13732358136093742,29,572.0
1425.0,29,151.0,1.4660194174757282,3.7887748237342973,10,295.0,0.17081545357304556,11,190.0,0.1852827511266568,8,121.0,0.12207730152737241,29,606.0
1430.0,17,58.0,0.5686274509803921,4.192939129534249,10,294.0,0.19304691763479087,5,154.0,0.34666674101990624,2,130.0,0.2673559297604056,17,578.0
1435.0,18,74.0,0.7115384615384616,4.885169324915145,9,218.0,0.22056543338378679,4,81.0,0.41252929332598487,5,148.0,0.24561477886145938,18,447.0
1440.0,13,36.0,0.34285714285714286,4.212463771181241,5,233.0,0.21222632439491382,2,69.0,0.3748496753490555,6,150.0,0.22330534711172206,13,452.0
1445.0,20,71.0,0.6513761467889908,4.478740952334691,7,242.0,0.15438924863482523,8,92.0,0.3093680922386468,5,132.0,0.19251314198871772,20,466.0
1450.0,19,61.0,0.5596330275229358,3.9555771320275257,9,227.0,0.1526335432154382,6,94.0,0.2962620155985239,4,147.0,0.19008664533730305,19,468.0
1455.0,19,68.0,0.6732673267326733,4.094723416747057,10,186.0,0.16871696251770926,3,62.0,0.3242375862700242,6,169.0,0.21404914092842084,19,417.0
1460.0,17,55.0,0.5238095238095238,3.940762207932567,7,195.0,0.18249219605261818,3,65.0,0.33219720023213156,7,166.0,0.15430318206518642,17,426.0
1465.0,24,85.0,0.8018867924528302,4.116034147191964,8,201.0,0.13126326016243806,10,83.0,0.23912259020315005,6,140.0,0.21988629256496878,24,424.0
1470.0,18,60.0,0.5607476635514018,3.9479267522531947,9,181.0,0.1065491994710679,7,91.0,0.3146072100038776,2,116.0,0.203047566853327,18,388.0
1475.0,14,37.0,0.3557692307692308,4.597061444890143,7,130.0,0.15095106476835443,4,55.0,0.37978117277078005,3,120.0,0.28275406332976544,14,305.0
1480.0,17,55.0,0.5188679245283019,4.874224140529356,4,127.0,0.2603984897035647,8,53.0,0.38218894560240035,5,110.0,0.25937719345827076,17,290.0
1485.0,23,90.0,0.8333333333333334,4.10493244040194,9,147.0,0.1611002626510151,6,71.0,0.3325407882024551,8,97.0,0.24718061563089058,23,315.0
1490.0,23,70.0,0.6140350877192983,4.097028781868936,8,154.0,0.16813656252777795,10,83.0,0.2914337753444248,5,114.0,0.18914016980983986,23,351.0
1495.0,23,120.0,1.0909090909090908,4.245433967248208,7,130.0,0.16025124471969124,9,110.0,0.36673211944823336,7,124.0,0.16415663530121902,23,364.0
1500.0,21,82.0,0.7663551401869159,3.226100917920654,6,143.0,0.15279656817687207,7,122.0,0.25244274818678636,8,131.0,0.12125947972811411,21,396.0
1505.0,23,95.0,0.9047619047619048,4.215118087384245,9,173.0,0.18103218665386303,7,104.0,0.3246254532031189,7,111.0,0.20744220708421784,23,388.0
1510.0,20,73.0,0.6886792452830188,3.5118215136867366,13,194.0,0.11600100802296048,4,99.0,0.2772679070203911,3,105.0,0.251022598196421,20,398.0
1515.0,21,77.0,0.7064220183486238,4.599815113290898,8,170.0,0.13496739734392563,8,89.0,0.31232513255124655,5,99.0,0.24702043107603822,21,358.0
1520.0,17,61.0,0.5700934579439252,4.698477830496305,7,138.0,0.17664749711845104,4,74.0,0.3874265198554107,6,94.0,0.14967209022911587,17,306.0
1525.0,12,33.0,0.3333333333333333,4.9055086512243635,0,125.0,0.3142728788742924,5,50.0,0.4043478470006355,7,73.0,0.16217084359303177,12,248.0
1530.0,14,60.0,0.5607476635514018,5.231805546620437,6,126.0,0.247775150127163,6,60.0,0.3802157366321597,2,72.0,0.303864519904282,14,258.0
1535.0,24,107.0,0.9553571428571429,5.153254012311564,13,174.0,0.2193645911983424,6,57.0,0.3218255615828158,5,69.0,0.3512882158274935,24,300.0
1540.0,27,107.0,1.009433962264151,3.788532755721313,14,199.0,0.1635338375036969,6,52.0,0.25014087143256136,7,70.0,0.2405623883101869,27,321.0
1545.0,30,100.0,0.9433962264150944,3.6994168150524107,14,190.0,0.14962743701592054,8,74.0,0.3114391328871661,8,79.0,0.2070737916171313,30,343.0
1550.0,26,110.0,0.9734513274336283,4.516234761583555,15,175.0,0.20849965535876536,6,75.0,0.43702537754791826,5,98.0,0.22873451089824434,26,348.0
1555.0,23,85.0,0.6910569105691057,4.2771310294425255,11,206.0,0.19193496417423572,4,76.0,0.3236190937217645,8,100.0,0.23587069868713026,23,382.0
1560.0,30,103.0,0.8174603174603174,4.108037550100211,12,238.0,0.21060117657318492,9,67.0,0.2649857683099923,9,103.0,0.14813883972714387,30,408.0
1565.0,26,93.0,0.7560975609756098,3.6817523267632764,10,258.0,0.17501632374627005,7,82.0,0.2332277638105412,9,93.0,0.13837241563828762,26,433.0
1570.0,25,81.0,0.675,3.827643435283038,11,238.0,0.2107339847081147,7,77.0,0.32862252101803663,7,111.0,0.21965481054004377,25,426.0
1575.0,25,75.0,0.5952380952380952,4.051833477382358,11,253.0,0.1620172269349872,5,69.0,0.3487651476842443,9,125.0,0.22747002927201476,25,447.0
1580.0,27,138.0,1.0952380952380953,4.5160691359287615,13,274.0,0.13841447016503577,4,62.0,0.22240806880338856,10,158.0,0.20598580088724014,27,494.0
1585.0,27,113.0,0.9416666666666667,3.2344924256802465,11,291.0,0.14056753592366303,5,68.0,0.08024449953158677,11,177.0,0.08238033641715395,27,536.0
1590.0,28,123.0,1.1081081081081081,3.5864349234123285,12,275.0,0.17291871959811464,7,82.0,0.3300968845134496,9,162.0,0.2009285583511917,28,519.0
1595.0,27,133.0,1.1176470588235294,4.1276234855941745,9,265.0,0.1655285555629105,8,94.0,0.4633568086955227,10,201.0,0.24751316030618922,27,560.0
1600.0,32,202.0,1.6290322580645162,4.535623815873699,10,266.0,0.15061847438458864,9,127.0,0.3933608861617331,13,244.0,0.2670022402176981,32,637.0
1605.0,27,109.0,0.9008264462809917,3.4748446092297054,8,254.0,0.15938686098534993,6,120.0,0.12279421673701742,13,265.0,0.18219111603079954,27,639.0
1610.0,29,93.0,0.808695652173913,3.8060693927305107,12,232.0,0.1356537161238516,8,77.0,0.3794378278521522,9,252.0,0.14850875446840972,29,561.0
1615.0,17,91.0,0.7913043478260869,4.6472420248833926,6,209.0,0.16520522141303262,7,75.0,0.5182720821939446,4,264.0,0.1784451579970195,17,548.0
1620.0,22,71.0,0.6068376068376068,4.165950687828159,7,191.0,0.1558569596953196,4,73.0,0.3657202121609097,11,292.0,0.13047693916903394,22,556.0
1625.0,32,143.0,1.311926605504587,3.4314690483824384,8,194.0,0.17055563595872678,4,45.0,0.270267451119858,20,363.0,0.16132298148628738,32,602.0
1630.0,37,269.0,2.490740740740741,4.104913402286462,11,185.0,0.23560044873155234,5,48.0,0.37867058385876484,21,455.0,0.19689537934661056,37,688.0
1635.0,32,272.0,2.4285714285714284,3.950909136276477,11,189.0,0.22705083520893454,1,31.0,0.421274068099697,20,495.0,0.14991144805907505,32,715.0
1640.0,39,291.0,2.4661016949152543,4.612116444621034,14,226.0,0.22742773956858056,4,19.0,0.5164446283666864,21,476.0,0.13202494335456422,39,721.0
1645.0,31,243.0,2.059322033898305,4.682996637311508,11,228.0,0.20124227370546455,6,47.0,0.45073406747173667,14,498.0,0.18306862113266556,31,773.0
1650.0,37,184.0,1.6,4.299786706323476,11,185.0,0.1949775955406528,9,66.0,0.3345781088618098,17,565.0,0.1458002036042906,37,816.0
1655.0,26,107.0,0.981651376146789,4.283619719128415,6,195.0,0.21336823994257248,8,62.0,0.2504461908966055,12,576.0,0.1929242533642881,26,833.0
1660.0,21,68.0,0.6355140186915887,3.8653635947468667,7,194.0,0.2304165047339894,5,87.0,0.30785276239745735,9,506.0,0.161174292614655,21,787.0
1665.0,21,65.0,0.5855855855855856,4.291700455754571,11,200.0,0.20097229458430746,6,98.0,0.37344496566875346,4,509.0,0.16893954988613955,21,807.0
1670.0,25,88.0,0.7652173913043478,4.235636114965978,10,191.0,0.1874007865883917,5,102.0,0.22329817654357678,10,525.0,0.13834163857995976,25,818.0
1675.0,24,88.0,0.8627450980392157,3.501303086403495,6,178.0,0.1995444994971921,7,78.0,0.1521101211036763,11,509.0,0.18153878979333418,24,765.0
1680.0,23,76.0,0.7307692307692307,3.7095897098793693,8,178.0,0.20852948848732947,7,89.0,0.29084230548306766,8,433.0,0.17498111917941242,23,700.0
1685.0,24,116.0,1.045045045045045,5.215728566787684,8,187.0,0.2576805572037476,7,97.0,0.4028677743542713,9,325.0,0.18962762143000086,24,609.0
1690.0,21,127.0,1.1238938053097345,5.242565071625815,8,194.0,0.22018243962568454,7,98.0,0.3802074247913567,6,269.0,0.26289865218391406,21,561.0
1695.0,19,83.0,0.7280701754385965,4.967811448477555,9,178.0,0.23638439668743697,8,95.0,0.29389480188922845,2,230.0,0.3263968336241699,19,503.0
1700.0,22,98.0,0.8828828828828829,4.6726237849727505,9,168.0,0.2730805350880778,6,87.0,0.22008442576021045,7,212.0,0.286524866234495,22,467.0
1705.0,31,162.0,1.4594594594594594,4.348566659365669,13,183.0,0.23724735540889333,9,72.0,0.19411578092645282,9,211.0,0.2274207647692622,31,466.0
1710.0,38,276.0,2.532110091743119,4.168180234839801,18,242.0,0.18263970694852127,14,118.0,0.24643709889685905,6,168.0,0.24304994771186356,38,528.0
1715.0,34,239.0,2.1339285714285716,3.8293619147662254,17,279.0,0.08166837846218127,13,146.0,0.2905106187496723,4,139.0,0.2586250904608577,34,564.0
1720.0,36,221.0,1.9732142857142858,4.048364223356769,19,285.0,0.15383512308059424,9,147.0,0.2741562612197986,8,155.0,0.26443887964452867,36,587.0
1725.0,37,261.0,2.2695652173913046,4.206066441245699,17,290.0,0.19064031723725555,6,152.0,0.28959702232543966,14,214.0,0.22782333928950083,37,656.0
1730.0,35,215.0,1.7622950819672132,4.033386614630493,13,334.0,0.25923756110859586,8,153.0,0.22663692066855892,14,235.0,0.1777518085563371,35,722.0
1735.0,38,212.0,1.7096774193548387,4.35612366288363,12,346.0,0.2644375404842854,15,188.0,0.2451203998815318,11,200.0,0.17342024763867608,38,734.0
1740.0,35,183.0,1.4758064516129032,4.036163020721317,12,399.0,0.23906591609668768,18,222.0,0.1846037401026848,5,193.0,0.21135002749752368,35,814.0
1745.0,38,213.0,1.7603305785123966,4.233334310313249,14,461.0,0.23445091766068868,14,202.0,0.18472812748460218,10,230.0,0.24928593249193418,38,893.0
1750.0,36,155.0,1.28099173553719,3.390680671684912,14,475.0,0.20831376279744446,9,245.0,0.15985694963268468,13,233.0,0.16418643919781062,36,953.0
1755.0,31,144.0,1.1612903225806452,3.7671973285561626,13,438.0,0.16169447149407049,10,265.0,0.2672530950193441,8,198.0,0.16290776323297634,31,901.0
1760.0,32,149.0,1.192,3.8278599397128006,15,384.0,0.17968903984899098,13,264.0,0.22502996186529653,4,207.0,0.19874828345935927,32,855.0
1765.0,35,138.0,1.104,3.386456205311144,11,420.0,0.18796914051309757,16,238.0,0.13737362725265992,8,225.0,0.18609745736692007,35,883.0
1770.0,36,172.0,1.3870967741935485,3.508427016528389,9,431.0,0.254193883815359,12,264.0,0.13603746648187898,15,287.0,0.07931924237039473,36,982.0
1775.0,30,139.0,1.139344262295082,3.3538683244788356,7,427.0,0.2403373378245736,10,268.0,0.1435131755166523,13,300.0,0.06563242857321185,30,995.0
1780.0,28,102.0,0.8429752066115702,3.3663143384963927,9,388.0,0.16985368676990498,11,272.0,0.2093594518798562,8,248.0,0.15815986489455575,28,908.0
1785.0,33,107.0,0.823076923076923,3.2533587922139353,12,419.0,0.1696307112206105,13,229.0,0.16949050671660817,8,279.0,0.24824082577169937,33,927.0
1790.0,37,145.0,1.0507246376811594,3.7377103013335633,11,429.0,0.20351078464477249,11,237.0,0.11315223890053572,15,341.0,0.2367321172403559,37,1007.0
1795.0,34,174.0,1.3082706766917294,3.7133098467442003,10,454.0,0.20811994498174205,9,235.0,0.15281142354673025,15,354.0,0.14087288562974498,34,1043.0
1800.0,41,258.0,2.031496062992126,4.009992528944616,15,504.0,0.1754197837053771,13,247.0,0.19689041113749484,13,316.0,0.1341251877720188,41,1067.0
1805.0,39,212.0,1.7666666666666666,3.2004387028904664,16,500.0,0.1036937507123296,17,272.0,0.16841604410454206,6,321.0,0.1869058190374958,39,1093.0
1810.0,40,206.0,1.7024793388429753,3.6187539402884292,13,437.0,0.2021086236446829,17,266.0,0.17454684930427697,10,349.0,0.21133839112997987,40,1052.0
1815.0,28,131.0,1.048,4.108991170773216,10,423.0,0.22852332251843263,7,248.0,0.2642034306785492,11,343.0,0.21683815932946104,28,1014.0
1820.0,26,105.0,0.84,4.6199637397104025,14,465.0,0.2286376008290317,5,234.0,0.2856247395860011,7,284.0,0.18953253037920578,26,983.0
1825.0,31,128.0,1.0491803278688525,3.867878953483508,15,536.0,0.1534873531620583,10,232.0,0.17845328218208575,6,290.0,0.18750966823593568,31,1058.0
1830.0,32,139.0,1.1583333333333334,3.548786948137961,11,533.0,0.16716872366880348,12,208.0,0.11340467011003039,9,305.0,0.1950069172169862,32,1046.0
1835.0,33,163.0,1.38135593220339,4.297936912654934,8,440.0,0.2722504116715301,9,225.0,0.21395392105875777,16,361.0,0.19697908893349345,33,1026.0
1840.0,33,181.0,1.4958677685950412,4.134747625897632,9,327.0,0.28170015694749395,10,216.0,0.22862293671824263,14,373.0,0.11301018473753431,33,916.0
1845.0,36,186.0,1.537190082644628,3.7709659704291494,7,341.0,0.19378565144885102,17,265.0,0.22325275645444442,12,333.0,0.15550811576092277,36,939.0
1850.0,36,179.0,1.4672131147540983,3.8095297762626212,9,360.0,0.22961797060855998,18,294.0,0.1652566444485155,9,366.0,0.16216639229979965,36,1020.0
1855.0,39,166.0,1.4188034188034189,3.8808226286614524,8,340.0,0.2811140725070171,16,273.0,0.18093221190343775,15,418.0,0.18455257254509247,39,1031.0
1860.0,36,142.0,1.2678571428571428,3.4087014954185375,9,298.0,0.24028825605214044,12,319.0,0.1922619255865492,15,432.0,0.16516307909296957,36,1049.0
1865.0,22,83.0,0.7410714285714286,3.490307084754832,6,321.0,0.23781701325287163,9,333.0,0.19881570850350844,7,373.0,0.14459634323259443,22,1027.0
1870.0,22,80.0,0.6779661016949152,3.624009603001248,6,319.0,0.22450380839615489,11,311.0,0.13630062748300414,5,393.0,0.16714688341442072,22,1023.0
1875.0,29,138.0,1.2,3.7471152335964937,11,357.0,0.22969506846571344,10,265.0,0.12769870543318942,8,418.0,0.22082602365849233,29,1040.0
1880.0,26,102.0,0.8947368421052632,3.232721201777456,10,347.0,0.20951962826734724,7,265.0,0.16938852561559797,9,396.0,0.16427945135994843,26,1008.0
1885.0,26,96.0,0.8495575221238938,3.7645257999766994,12,294.0,0.2036416768449462,7,277.0,0.2583652468986269,7,323.0,0.14695336289031521,26,894.0
1890.0,19,88.0,0.7787610619469026,4.2989841452276325,7,281.0,0.19710667303466825,6,261.0,0.277084419384203,6,237.0,0.23034130596535887,19,779.0
1895.0,25,66.0,0.5789473684210527,4.189799430504806,12,314.0,0.2250993330037279,9,201.0,0.1842669698048758,4,236.0,0.23688423689989108,25,751.0
1900.0,31,131.0,1.1801801801801801,4.239236168264044,15,375.0,0.23761316166946683,7,141.0,0.2182196351633239,9,240.0,0.242193730236767,31,756.0
1905.0,30,181.0,1.691588785046729,4.115509689676087,12,388.0,0.20263493349364395,5,106.0,0.2945314891615729,13,292.0,0.256759044950378,30,786.0
1910.0,28,119.0,1.091743119266055,4.043991127488717,9,331.0,0.21198219235487437,5,83.0,0.38041498712136135,14,306.0,0.19007980009756065,28,720.0
1915.0,22,111.0,0.9910714285714286,4.241635366907343,7,248.0,0.2372347386467356,5,78.0,0.32863172858654294,10,267.0,0.15187423754865445,22,593.0
1920.0,25,64.0,0.5470085470085471,4.579010245524927,6,252.0,0.2400114148703536,9,79.0,0.3366669920962723,10,196.0,0.18197444731790535,25,527.0
1925.0,22,94.0,0.7833333333333333,5.3142684428801354,8,265.0,0.2431331594927933,5,72.0,0.3175239165760489,9,156.0,0.27835351669992575,22,493.0
1930.0,22,94.0,0.8034188034188035,5.160383985344741,8,270.0,0.2794344536125852,9,79.0,0.2637918618172274,5,165.0,0.3358806697215157,22,514.0
1935.0,24,89.0,0.7807017543859649,4.654866724805886,8,221.0,0.2359590009465688,9,101.0,0.25224675556303006,7,169.0,0.306120488228928,24,491.0
1940.0,30,127.0,1.0854700854700854,4.107522019765138,9,248.0,0.14693820520925102,8,99.0,0.22360558247279957,13,219.0,0.21223899630213097,30,566.0
1945.0,31,134.0,1.1858407079646018,3.5016482096195505,8,269.0,0.1238090189788143,9,117.0,0.15587738422439604,14,248.0,0.19546485576345013,31,634.0
1950.0,32,123.0,1.1181818181818182,3.2945132224496616,11,280.0,0.15164409086117725,10,129.0,0.2554560357281088,11,226.0,0.19449496257099194,32,635.0
1955.0,22,92.0,0.8214285714285714,4.441022126668856,6,243.0,0.26184882697275225,5,128.0,0.2822999950561248,11,177.0,0.2292789168041942,22,548.0
1960.0,18,91.0,0.7711864406779662,4.799295701504726,5,181.0,0.23509574431166316,8,123.0,0.2935672810754626,5,196.0,0.2151948615811673,18,500.0
1965.0,20,64.0,0.5423728813559322,4.210279994118204,3,170.0,0.21939217939607272,8,139.0,0.1942412188097896,9,208.0,0.17376680849948795,20,517.0
1970.0,24,83.0,0.7410714285714286,3.833933207453836,8,150.0,0.19743746793354128,8,139.0,0.13044247122732966,8,206.0,0.2137195231888924,24,495.0
1975.0,21,98.0,0.8909090909090909,4.589822670424404,8,152.0,0.264884032747121,9,141.0,0.2196386245447844,4,149.0,0.3089865250948042,21,442.0
1980.0,17,70.0,0.6481481481481481,5.040750116069683,4,106.0,0.3222292439232256,10,143.0,0.31027752665490804,3,133.0,0.3283050149969748,17,382.0
1985.0,19,86.0,0.7478260869565218,5.236740714080828,6,54.0,0.28829745331502266,8,140.0,0.29651207445666794,5,144.0,0.23717934730062581,19,338.0
1990.0,18,45.0,0.4017857142857143,4.119233046140219,2,52.0,0.23508374447573646,8,159.0,0.22898777082879357,8,145.0,0.13714965992985403,18,356.0
1995.0,25,88.0,0.7787610619469026,4.094158603668382,9,71.0,0.21721891133990487,8,164.0,0.22115539242245535,8,125.0,0.23485860794084926,25,360.0
2000.0,22,112.0,0.9655172413793104,4.24683152898914,11,120.0,0.2713007937626693,7,161.0,0.20478662421655955,4,140.0,0.26000623264632927,22,421.0
2005.0,32,140.0,1.2280701754385965,3.669226497567848,9,134.0,0.18687038900740482,12,161.0,0.11464450567847484,11,152.0,0.15083298552048907,32,447.0
2010.0,28,107.0,1.0,3.1357490084064317,10,112.0,0.16215228685807884,9,186.0,0.1896478740314641,9,151.0,0.08154835955664072,28,449.0
2015.0,25,101.0,0.9528301886792453,4.54446152112939,9,106.0,0.2734940516916034,10,183.0,0.28996748000642514,6,108.0,0.237457838237069,25,397.0
2020.0,18,95.0,0.8482142857142857,4.5945542737601155,9,123.0,0.2599820916306398,7,189.0,0.2819291275020059,2,113.0,0.21480583511710744,18,425.0
2025.0,24,161.0,1.412280701754386,4.491557212591031,8,147.0,0.329831535569045,7,179.0,0.19049373595112687,9,135.0,0.1436514792368639,24,461.0
2030.0,20,91.0,0.8272727272727273,3.8043202246567858,3,136.0,0.3011217633263083,8,165.0,0.13949516250972513,9,141.0,0.11297344441057157,20,442.0
2035.0,17,56.0,0.5436893203883495,4.570139389085996,5,122.0,0.3566331918923,9,151.0,0.1794190602855044,3,102.0,0.2502203080329262,17,375.0
2040.0,17,74.0,0.7115384615384616,5.47180571011711,4,130.0,0.38347753928629424,9,137.0,0.24064253772213762,4,68.0,0.3233873279325493,17,335.0
2045.0,19,101.0,0.9711538461538461,5.550340182189547,8,126.0,0.30842877598823637,8,147.0,0.3596253170461462,3,53.0,0.34920862438489847,19,326.0
2050.0,18,144.0,1.3333333333333333,5.81858199461299,6,133.0,0.3400406092450804,7,168.0,0.374674589425314,5,68.0,0.36168971890289364,18,369.0
2055.0,21,180.0,1.651376146788991,5.43439398130474,7,119.0,0.29443710328344325,9,198.0,0.3750555918132557,5,69.0,0.3373542150173453,21,386.0
2060.0,19,132.0,1.2222222222222223,4.685386711603485,7,129.0,0.22922579514188648,6,180.0,0.4006710489084243,6,71.0,0.2698381844981318,19,380.0
2065.0,19,77.0,0.6875,4.994020413408604,8,120.0,0.17733091366180928,5,139.0,0.4765682828716901,6,73.0,0.24784328343842946,19,332.0
2070.0,18,81.0,0.7043478260869566,4.402401434167562,6,124.0,0.19113238913856478,8,90.0,0.36110237538252615,4,72.0,0.229429047727021,18,286.0
2075.0,30,107.0,0.8842975206611571,4.023529386969388,13,140.0,0.14626542719857252,8,109.0,0.18677489159854124,9,70.0,0.2070370545710421,30,319.0
2080.0,29,106.0,0.9464285714285714,3.7401060712007177,10,160.0,0.2092847165661552,8,108.0,0.1784155218272412,11,100.0,0.20081697030125356,29,368.0
2085.0,25,113.0,1.036697247706422,4.514670328832681,10,152.0,0.23712929833859073,6,115.0,0.35265210903461114,9,106.0,0.2801126963994046,25,373.0
2090.0,17,53.0,0.44166666666666665,4.232427108735233,8,172.0,0.2131287523447521,4,101.0,0.3429147582251263,5,97.0,0.23387872494554188,17,370.0
2095.0,20,74.0,0.5826771653543307,4.5393636676249045,8,173.0,0.16298645996514002,6,100.0,0.3270906391067332,6,94.0,0.19769372474915545,20,367.0
2100.0,27,122.0,1.0338983050847457,3.473193994818913,14,210.0,0.12158019299873198,6,98.0,0.17227300895144637,7,101.0,0.1305926062461679,27,409.0
2105.0,32,143.0,1.3,3.2306510391854313,16,245.0,0.14702649227518164,8,83.0,0.26432223191950543,8,89.0,0.17419988903955416,32,417.0
2110.0,21,96.0,0.8727272727272727,3.961040978777165,15,242.0,0.14877550245289223,3,80.0,0.3727555511549554,3,69.0,0.21699268037937833,21,391.0
2115.0,27,96.0,0.8347826086956521,4.131122286380198,13,278.0,0.10927606659777091,6,89.0,0.34898493194853103,8,72.0,0.13123365486733515,27,439.0
2120.0,29,91.0,0.8125,3.433057522595548,12,316.0,0.12821553836427332,9,98.0,0.12190357900870358,8,85.0,0.12520094892238615,29,499.0
2125.0,27,93.0,0.8773584905660378,3.4288773014169873,14,331.0,0.1437245824037357,10,101.0,0.18204650622999385,3,66.0,0.26344565959833816,27,498.0
2130.0,22,73.0,0.6822429906542056,4.35071418493554,13,285.0,0.1787773480302874,6,110.0,0.33301421415226645,3,55.0,0.32084547206430125,22,450.0
2135.0,21,83.0,0.7410714285714286,4.231762882429019,4,295.0,0.16575988688124968,8,112.0,0.33860231630182436,9,86.0,0.20715674949229892,21,493.0
2140.0,23,83.0,0.7345132743362832,3.641474958071779,9,298.0,0.13383184303174356,7,115.0,0.17329057700815054,7,97.0,0.1775662353182889,23,510.0
2145.0,22,70.0,0.6542056074766355,3.551516827376374,10,302.0,0.1403614959927684,8,104.0,0.24466949269047297,4,72.0,0.2734040854370046,22,478.0
2150.0,19,57.0,0.5181818181818182,4.4111349704493446,9,261.0,0.21615118780093856,5,98.0,0.363276826809601,5,77.0,0.2739570516153699,19,436.0
2155.0,24,121.0,1.043103448275862,4.814737608205682,11,207.0,0.19306972833298794,5,87.0,0.4334954271040679,8,103.0,0.20706321484912227,24,397.0
2160.0,18,58.0,0.5,3.915807988174664,6,203.0,0.20627920417076995,5,85.0,0.20432099558777975,7,103.0,0.1554409206810235,18,391.0
2165.0,19,67.0,0.5929203539823009,4.407479436682566,8,202.0,0.24709610372046223,5,69.0,0.22795473316894183,6,78.0,0.21114383720195523,19,349.0
2170.0,22,101.0,0.9099099099099099,4.4014507751200735,16,246.0,0.19286023692391085,3,57.0,0.27306649272369954,3,85.0,0.2668290748461999,22,388.0
2175.0,32,161.0,1.412280701754386,4.166281014605402,15,269.0,0.12304042702906368,8,73.0,0.17898469097369518,9,103.0,0.23448287972833295,32,445.0
2180.0,28,113.0,1.0660377358490567,3.511569476875156,13,255.0,0.1475098596457232,7,84.0,0.2246582776500174,8,104.0,0.14062637054776,28,443.0
2185.0,21,85.0,0.794392523364486,4.412240574134944,7,223.0,0.2585553160393499,4,62.0,0.3646850798975153,10,98.0,0.21833522804493818,21,383.0
2190.0,19,65.0,0.5752212389380531,4.893162575225058,8,228.0,0.27522699860122407,1,26.0,0.5337217088558703,10,136.0,0.23580378525709614,19,390.0
2195.0,21,89.0,0.7542372881355932,5.257660701626843,11,244.0,0.2693394280806808,2,22.0,0.5011206552698055,8,152.0,0.23030493622626297,21,418.0
2200.0,28,140.0,1.2280701754385965,4.810376486066536,14,292.0,0.24411036889666254,4,28.0,0.4088597971802333,10,170.0,0.1867371354820717,28,490.0
2205.0,36,216.0,2.0,3.366978988286389,21,374.0,0.14839835119112232,2,21.0,0.4162100273808261,13,175.0,0.17691885847161892,36,570.0
2210.0,29,188.0,1.6491228070175439,3.754519211886336,19,402.0,0.12825434441569974,3,22.0,0.4500313205650115,7,169.0,0.1926433666870401,29,593.0
2215.0,30,137.0,1.170940170940171,4.417653033684335,20,379.0,0.13383793007014236,2,25.0,0.5967025773589388,8,159.0,0.2000427046146015,30,563.0
2220.0,35,189.0,1.6293103448275863,4.74350965266217,19,313.0,0.20075554162562737,3,16.0,0.6017750721275957,13,207.0,0.19706058936553153,35,536.0
2225.0,27,126.0,1.0769230769230769,4.150916370628048,10,357.0,0.21657715377446032,3,22.0,0.4758652332541115,14,235.0,0.13823093958655047,27,614.0
2230.0,35,143.0,1.2222222222222223,4.439736726796339,14,390.0,0.22746664527856578,5,35.0,0.3724711897951053,16,228.0,0.13430121563160705,35,653.0
2235.0,31,135.0,1.1946902654867257,3.9930137306732263,15,450.0,0.18686387763732962,4,35.0,0.2843865703474274,12,275.0,0.1498131332826403,31,760.0
2240.0,33,142.0,1.2678571428571428,3.724957828959851,16,459.0,0.15289999772453955,3,17.0,0.3682262737675013,14,311.0,0.15798414365417068,33,787.0
2245.0,29,118.0,1.0727272727272728,3.576642693963757,15,435.0,0.16386073617045888,1,15.0,0.39188943855864833,13,329.0,0.1505780135666099,29,779.0
2250.0,31,97.0,0.8584070796460177,3.6019572501963872,13,484.0,0.15678104935161646,6,34.0,0.44717387308606,12,302.0,0.14438183887161873,31,820.0
2255.0,28,126.0,1.0677966101694916,4.085696947399926,15,528.0,0.15487358941954588,7,65.0,0.41378522533701056,6,289.0,0.1607559503487154,28,882.0
2260.0,30,154.0,1.3508771929824561,4.0517282467679605,19,606.0,0.11326673287147108,3,63.0,0.3388952058879303,8,298.0,0.1625302613794678,30,967.0
2265.0,28,136.0,1.2710280373831775,3.487269735770994,17,621.0,0.11679569483371341,1,29.0,0.32662137428374166,10,297.0,0.16007797429495704,28,947.0
2270.0,25,108.0,1.0909090909090908,4.155796004660912,14,554.0,0.17424565723788832,3,15.0,0.5413795248605615,8,260.0,0.23541439819973414,25,829.0
2275.0,20,54.0,0.5,3.73920879075279,12,606.0,0.14369526327253712,2,9.0,0.5434928045690225,6,277.0,0.17945565983500683,20,892.0
2280.0,27,103.0,0.9279279279279279,4.340869880354253,15,657.0,0.14548192634119106,1,13.0,0.5369439402037918,11,289.0,0.15223678080057362,27,959.0
2285.0,27,102.0,0.9622641509433962,2.976337525749679,15,642.0,0.10629997916747122,2,6.0,0.17073367773603573,10,280.0,0.11033306473998357,27,928.0
2290.0,25,84.0,0.8316831683168316,3.501871444127831,11,550.0,0.18562581259907576,5,26.0,0.49967364729271224,9,211.0,0.14921609791574586,25,787.0
2295.0,19,77.0,0.7129629629629629,3.7882464125178337,7,574.0,0.1871851251322453,6,54.0,0.4250264160824135,6,221.0,0.20187896470353264,19,849.0
2300.0,30,158.0,1.3982300884955752,3.9533333309499876,12,615.0,0.17295932558134716,7,88.0,0.4626748013249744,11,246.0,0.1487318368497347,30,949.0
2305.0,38,253.0,2.2,3.424886387840167,12,587.0,0.16524985792578048,10,124.0,0.3136684028101389,16,306.0,0.16076550532234016,38,1017.0
2310.0,34,192.0,1.7297297297297298,2.8023715922613497,14,504.0,0.15013952449873266,5,118.0,0.3225804762334596,15,324.0,0.13028192155088192,34,946.0
2315.0,31,166.0,1.3833333333333333,4.316879983588674,14,384.0,0.15925614363228258,3,77.0,0.5628787334315668,14,294.0,0.16213486646871297,31,755.0
2320.0,24,133.0,1.0725806451612903,4.838566205157117,11,415.0,0.15465608235633746,3,44.0,0.5978878292787951,10,229.0,0.2043726673233905,24,688.0
2325.0,19,81.0,0.6694214876033058,5.118863185837279,8,408.0,0.1796868483724156,1,28.0,0.5911187457762505,10,207.0,0.22381517519945454,19,643.0
2330.0,26,119.0,1.0258620689655173,5.048590826449215,14,432.0,0.2133027496542443,4,18.0,0.46212980903491835,8,210.0,0.28839506629020206,26,660.0
2335.0,29,128.0,1.1531531531531531,4.521199925353941,18,427.0,0.15657558844645206,1,11.0,0.432623010140714,10,230.0,0.2755877008892541,29,668.0
2340.0,40,143.0,1.2882882882882882,3.686120139461087,20,392.0,0.12446895024428914,8,30.0,0.270709489231652,12,241.0,0.21571341484003456,40,663.0
2345.0,31,115.0,1.055045871559633,3.7975907430716833,15,416.0,0.12991518898823357,7,59.0,0.40445668322984746,9,208.0,0.2361390812037712,31,683.0
2350.0,15,57.0,0.5089285714285714,4.575901819455292,10,440.0,0.17787690763159908,2,46.0,0.4260963623043751,3,198.0,0.2902557748483885,15,684.0
2355.0,25,86.0,0.7678571428571429,4.189214990057926,13,432.0,0.13154249392229883,3,25.0,0.3600490198441903,9,213.0,0.254113558898702,25,670.0
2360.0,27,124.0,1.180952380952381,3.5980542573815284,14,395.0,0.1319178743255108,2,32.0,0.6272760757333066,11,219.0,0.17376004371797818,27,646.0
2365.0,16,65.0,0.6074766355140186,3.824735638528534,6,413.0,0.14321328996641228,1,6.0,0.6178196521628948,9,193.0,0.19155232626903734,16,612.0
2370.0,20,97.0,0.8362068965517241,4.566694422543737,9,415.0,0.1401727542373752,2,14.0,0.6215681162466838,9,157.0,0.17506908491378312,20,586.0
2375.0,19,56.0,0.5,4.20790990583517,15,407.0,0.10691563919459936,2,14.0,0.5418665642320969,2,141.0,0.28272381774174227,19,562.0
2380.0,22,84.0,0.7706422018348624,4.346809355434499,14,352.0,0.13592982928261732,2,17.0,0.47508191075165734,6,134.0,0.2958312356355021,22,503.0
2385.0,18,62.0,0.5585585585585585,3.8959091104184664,9,367.0,0.1444799894108411,2,25.0,0.5374453156568617,7,136.0,0.22143002516496285,18,528.0
2390.0,22,103.0,0.944954128440367,4.224036194845897,11,374.0,0.1543233298036507,2,35.0,0.6327621413924853,9,120.0,0.2168538699318422,22,529.0
2395.0,22,103.0,0.9716981132075472,3.5843594158585796,13,358.0,0.09852155963331292,4,47.0,0.3655452754957623,5,112.0,0.260290322274916,22,517.0
2400.0,19,70.0,0.660377358490566,3.7873406678948687,12,279.0,0.10832639878825237,0,34.0,0.621407129491266,7,116.0,0.18611137127575492,19,429.0
2405.0,19,47.0,0.4351851851851852,3.5631748137645096,8,304.0,0.18005196631940773,1,37.0,0.47253189739601653,9,124.0,0.14358281033903553,18,465.0
2410.0,18,55.0,0.514018691588785,3.8752164440395687,8,324.0,0.14996711399617568,2,49.0,0.4856473838412915,8,99.0,0.17973214966745807,18,472.0
2415.0,19,85.0,0.7870370370370371,4.386473905336847,10,305.0,0.10873214025592899,4,61.0,0.5642169114475439,5,74.0,0.3174725911481291,19,440.0
2420.0,13,38.0,0.35514018691588783,4.227371695755649,10,255.0,0.12393735560661777,0,29.0,0.7097106932169976,3,64.0,0.2650874808487647,13,348.0
2425.0,13,42.0,0.38181818181818183,4.374443179677197,4,256.0,0.16238836645212715,1,12.0,0.4794506239853459,7,68.0,0.2527215957084068,12,336.0
2430.0,19,60.0,0.5607476635514018,4.220089960384518,10,263.0,0.13031120615585967,0,12.0,0.3686105478793752,9,86.0,0.20457319420866474,19,361.0
2435.0,26,134.0,1.3009708737864079,3.990040323740181,14,325.0,0.10049478644829522,3,19.0,0.43103717602848673,9,85.0,0.21298985398204076,26,429.0
2440.0,22,114.0,1.1875,2.8281986231571197,14,342.0,0.09917342761748026,1,13.0,0.6467048317633105,7,109.0,0.16880734086856442,22,464.0
2445.0,24,100.0,1.0,4.084146783046987,13,299.0,0.15592315124570424,1,18.0,0.4808371476649637,9,120.0,0.20253327625241388,23,437.0
2450.0,21,73.0,0.7156862745098039,3.591693383647307,13,320.0,0.1207183570211861,2,9.0,0.4747044683502094,6,126.0,0.07953564907236038,21,455.0
2455.0,26,99.0,0.9801980198019802,3.814823562801013,16,389.0,0.12273718251798009,2,17.0,0.5191996685243847,8,110.0,0.16168637939736255,26,516.0
2460.0,22,95.0,0.9313725490196079,4.041060626839644,15,410.0,0.13394753767814346,1,11.0,0.5111457405932469,6,103.0,0.1957670317491282,22,524.0
2465.0,11,39.0,0.38235294117647056,4.931950238724195,7,360.0,0.1640797163416308,3,21.0,0.5837524767428626,1,85.0,0.2474887547527329,11,466.0
2470.0,12,26.0,0.2549019607843137,4.78041408002524,4,319.0,0.17303510431792793,4,17.0,0.42974130247583403,4,73.0,0.2204720303696007,12,409.0
2475.0,15,57.0,0.57,4.973306678387619,6,335.0,0.21550194527497743,5,26.0,0.4178601756231347,4,74.0,0.24079039538056818,15,435.0
2480.0,19,46.0,0.46938775510204084,3.7637659521474265,9,318.0,0.14017881453919998,5,37.0,0.3579308472013472,5,72.0,0.23987044233308383,19,427.0
2485.0,18,69.0,0.7040816326530612,4.461169688394386,7,268.0,0.17093069338875128,8,46.0,0.43763883134034465,3,62.0,0.26526379814249723,18,376.0
2490.0,14,52.0,0.5252525252525253,4.783745322792504,4,237.0,0.226788395282401,6,62.0,0.43229403971123287,4,50.0,0.2317398848779928,14,349.0
2495.0,11,46.0,0.45544554455445546,5.154393728061987,6,249.0,0.1783730485989967,5,52.0,0.456215602093148,0,34.0,0.33616627549843264,11,335.0
2500.0,17,88.0,0.88,4.943460520230659,8,247.0,0.12586661973059785,6,64.0,0.34427506485883774,3,26.0,0.4007241846354587,17,337.0
2505.0,14,52.0,0.5531914893617021,4.272067763775449,6,201.0,0.1566070222706542,4,53.0,0.328363224334383,4,34.0,0.3862619175071651,14,288.0
2510.0,13,62.0,0.6391752577319587,5.448947027816798,3,134.0,0.2275837284380645,6,54.0,0.42167081209655605,4,31.0,0.34765492462614916,13,219.0
2515.0,9,60.0,0.6,5.641388126237855,4,112.0,0.2592612119910106,3,56.0,0.4586366523917824,2,35.0,0.2501249538036391,9,203.0
2520.0,11,50.0,0.5050505050505051,5.571087683598655,1,73.0,0.27948483986315265,5,45.0,0.42248299292233893,5,42.0,0.2801578916685749,11,160.0
2525.0,15,88.0,0.88,5.630822542168931,5,85.0,0.2707303806163647,6,48.0,0.36157281840664085,4,56.0,0.41055136675501286,15,189.0
2530.0,18,59.0,0.5959595959595959,5.375509605721676,8,93.0,0.283412654761424,9,66.0,0.2524839588069707,1,24.0,0.42179321838514205,18,183.0
2535.0,23,75.0,0.7894736842105263,4.343515921372522,7,79.0,0.21183287257992126,12,99.0,0.13359349867938658,4,16.0,0.3111654272257738,23,194.0
2540.0,14,44.0,0.46808510638297873,4.160602335785352,4,83.0,0.19671548148049556,7,105.0,0.23681476050803632,3,27.0,0.322461548120043,14,215.0
2545.0,18,89.0,0.9081632653061225,5.116907694518449,9,105.0,0.20624718460332536,6,98.0,0.30655058397144797,3,21.0,0.3913917180754148,18,224.0
2550.0,19,103.0,1.0729166666666667,4.638153285477169,11,117.0,0.14431119486582664,5,101.0,0.3967269430865393,3,18.0,0.4159922405882159,19,236.0
2555.0,18,61.0,0.61,4.49857051031002,9,106.0,0.1793957355780958,4,77.0,0.3852973887125205,5,37.0,0.28660790747439174,18,220.0
2560.0,16,69.0,0.6764705882352942,4.807628805280083,7,93.0,0.20183114957141887,5,55.0,0.4170082616984857,4,48.0,0.22741906190659245,16,196.0
2565.0,17,67.0,0.6568627450980392,5.195555921964719,8,99.0,0.24125858142779893,4,50.0,0.46597186694685955,5,44.0,0.18780607752204517,17,193.0
2570.0,8,20.0,0.19607843137254902,5.8275554163140475,4,98.0,0.2667043044908074,1,30.0,0.6391948879975027,3,39.0,0.26155166264919866,8,167.0
2575.0,13,68.0,0.6538461538461539,6.497098874095541,6,91.0,0.2625071952734481,3,27.0,0.6140538086214504,4,44.0,0.39321301077314946,13,162.0
2580.0,15,98.0,0.9423076923076923,6.066581802544541,7,105.0,0.2795162936247799,5,38.0,0.394153551036427,3,52.0,0.4426926397151281,15,195.0
2585.0,14,81.0,0.801980198019802,5.923735731081407,6,85.0,0.2758531751075067,6,65.0,0.43694416075442116,2,22.0,0.43569802854224937,14,172.0
2590.0,11,48.0,0.48484848484848486,5.246583808618472,3,99.0,0.17624719433913721,3,58.0,0.3645920845002236,5,25.0,0.3942663816255442,11,182.0
2595.0,17,54.0,0.5567010309278351,4.551465754233338,8,114.0,0.1446733382680102,4,39.0,0.28618642988030596,5,37.0,0.22837621410567807,17,190.0
2600.0,21,59.0,0.6704545454545454,3.7526584604036204,10,130.0,0.1407381696789876,7,63.0,0.2903493707672304,4,32.0,0.22343782013740793,21,225.0
2605.0,16,52.0,0.5977011494252874,4.037345934186453,9,104.0,0.17049862488543505,4,74.0,0.4609320606598531,3,42.0,0.2397025289691862,16,220.0
2610.0,21,112.0,1.2307692307692308,4.577800798679734,7,88.0,0.2634374163518217,4,82.0,0.4833679725266383,10,74.0,0.17161499594072513,21,244.0
2615.0,16,107.0,1.1630434782608696,4.334517388163613,2,89.0,0.2597914569094494,5,95.0,0.47842484519261236,9,94.0,0.17085646246648906,16,278.0
2620.0,15,43.0,0.44329896907216493,4.422064557675888,10,94.0,0.2059587377732026,2,67.0,0.42687653976238393,3,69.0,0.20384383462349487,15,230.0
2625.0,23,107.0,1.07,5.064857647287926,13,143.0,0.19547973233688196,5,32.0,0.4849446679930718,5,50.0,0.2640435174492718,23,225.0
2630.0,21,102.0,1.0515463917525774,5.239876932240285,13,177.0,0.19187443825094133,4,30.0,0.5150667672243545,4,38.0,0.2798429327589973,21,245.0
2635.0,16,74.0,0.7872340425531915,5.151918503427031,13,182.0,0.1550495248227107,2,19.0,0.5278882114912116,1,41.0,0.45093837755577687,16,242.0
2640.0,20,86.0,0.9052631578947369,5.504662624535369,15,179.0,0.14109531788230287,4,23.0,0.5581218465822007,1,27.0,0.5159711516656921,20,229.0
2645.0,19,113.0,1.202127659574468,5.596917431697357,12,197.0,0.2309654798312901,4,33.0,0.43825858916650395,3,38.0,0.4785411647468725,19,268.0
2650.0,18,154.0,1.673913043478261,5.6177251776597386,7,188.0,0.2959186754836433,8,58.0,0.36300555306159327,3,39.0,0.4043387698968965,18,285.0
2655.0,23,187.0,1.9081632653061225,5.7435723067057465,8,194.0,0.38580177807361576,12,87.0,0.330484954570022,3,22.0,0.30632652140866556,23,303.0
2660.0,15,71.0,0.7319587628865979,5.353363340284264,6,170.0,0.39145163381332065,8,111.0,0.32280937537074716,1,23.0,0.2625039031309325,15,304.0
2665.0,20,61.0,0.6421052631578947,4.608084419271569,8,131.0,0.3171860639905393,4,95.0,0.20347220601458574,8,44.0,0.20707536057253417,20,270.0
2670.0,24,133.0,1.4301075268817205,4.644345617535981,14,167.0,0.25057044270580453,6,78.0,0.2231118105032327,4,54.0,0.258710465550045,24,299.0
2675.0,22,144.0,1.6363636363636365,4.686996897144133,16,206.0,0.16868547819989893,4,85.0,0.45841424055325186,2,35.0,0.379526764511515,22,326.0
2680.0,19,131.0,1.4719101123595506,5.119109202985686,13,211.0,0.16448643274637598,5,101.0,0.5545386050119357,1,26.0,0.42139261467426176,19,338.0
2685.0,17,62.0,0.6666666666666666,5.2400131937084495,13,200.0,0.19866778975688212,1,55.0,0.6025265982121306,3,28.0,0.30153565889259343,17,283.0
2690.0,21,94.0,0.9791666666666666,4.999521288907656,8,185.0,0.27019413524027436,6,27.0,0.38918425861564254,7,51.0,0.19484650457015826,21,263.0
2695.0,18,103.0,1.10752688172043,4.894484725201579,6,159.0,0.3385899951323259,4,40.0,0.39235502122146804,8,73.0,0.1405395302946641,18,272.0
2700.0,12,102.0,1.1590909090909092,5.725765393634287,5,155.0,0.4772724818168592,2,34.0,0.408593115737141,5,74.0,0.26252164040180415,12,263.0
2705.0,13,134.0,1.4725274725274726,6.225473497976718,5,153.0,0.45676384123034763,4,30.0,0.42147472436581696,4,53.0,0.33479058637718534,13,236.0
2710.0,6,40.0,0.4444444444444444,6.246364539417933,3,120.0,0.4228329068702361,1,25.0,0.46610394697719354,2,40.0,0.33827213633047876,6,185.0
2715.0,11,33.0,0.3548387096774194,5.388801423121433,4,70.0,0.23563774471995622,4,35.0,0.3462261775686144,3,28.0,0.2845314312805344,11,133.0
2720.0,20,57.0,0.6477272727272727,4.44353820051989,8,68.0,0.174262308033465,4,43.0,0.2828957184252971,8,57.0,0.25518318639570137,20,168.0
2725.0,15,49.0,0.5833333333333334,5.442321527633295,5,65.0,0.48763069939575954,4,37.0,0.25583836012188754,6,76.0,0.31721295367574953,15,178.0
2730.0,9,20.0,0.22727272727272727,6.022465371388432,3,62.0,0.3542581396502809,3,34.0,0.4220167779710781,3,58.0,0.37374564938060034,9,154.0
2735.0,13,54.0,0.5684210526315789,6.181241171722095,8,84.0,0.2871927293958051,2,30.0,0.4166929966323881,3,36.0,0.3820173170966223,13,150.0
2740.0,14,43.0,0.4673913043478261,5.432611492439605,10,104.0,0.26023687814975544,2,25.0,0.4376437835606628,2,34.0,0.3448233877563678,14,163.0
2745.0,18,71.0,0.7553191489361702,5.141078370508404,5,87.0,0.2422424794904076,5,45.0,0.36591272730809554,8,60.0,0.183789413784246,18,192.0
2750.0,17,63.0,0.6923076923076923,4.985972800924501,4,56.0,0.3516806473672646,6,58.0,0.25265262315231457,7,77.0,0.15297285094825114,17,191.0
2755.0,10,50.0,0.6097560975609756,5.92329529356964,3,55.0,0.5046651740453816,4,48.0,0.3667829971703169,3,69.0,0.25278660329033104,10,172.0
2760.0,10,76.0,0.8837209302325582,6.886094387721787,4,62.0,0.5283460555050902,3,35.0,0.3941357054250229,3,42.0,0.3720652902938601,10,139.0
2765.0,5,45.0,0.5172413793103449,7.4099854458812775,1,31.0,0.497121624116691,2,39.0,0.4583383072199115,2,31.0,0.4226196955575237,5,101.0
2770.0,10,58.0,0.6744186046511628,6.6600025741651345,6,27.0,0.41642110723871406,3,45.0,0.42514373154580815,1,29.0,0.3751318697265473,10,101.0
2775.0,15,84.0,1.0,6.002155247719475,3,34.0,0.3798218933068567,5,59.0,0.45747850014727953,7,40.0,0.3033539559147449,15,133.0
2780.0,13,27.0,0.3375,5.176067176296415,2,26.0,0.3368602384666569,4,21.0,0.38588941854027975,7,55.0,0.2806123380891768,13,102.0
2785.0,12,45.0,0.5555555555555556,5.887288807465958,3,20.0,0.3992763675104548,7,39.0,0.399611805241708,2,44.0,0.24944266045348468,12,103.0
2790.0,10,52.0,0.6341463414634146,6.717472720285158,4,28.0,0.4669386825280447,6,62.0,0.3758961974102419,0,18.0,0.3406895684316604,10,108.0
2795.0,6,14.0,0.16666666666666666,7.034133292044758,1,21.0,0.568583028928649,3,50.0,0.3824610456770585,2,11.0,0.4540078789516271,6,82.0
2800.0,9,32.0,0.38095238095238093,7.998601921419988,5,19.0,0.550604182395378,1,33.0,0.4447955418706104,3,11.0,0.540879759974067,9,63.0
2805.0,8,25.0,0.32051282051282054,7.311991635988595,3,25.0,0.45857431746055055,2,29.0,0.528550778959511,3,5.0,0.5019900078997797,8,59.0
2810.0,10,50.0,0.6756756756756757,7.175323880873745,1,10.0,0.4405768193600098,2,29.0,0.6105273863552431,7,27.0,0.37471968400030653,10,66.0
2815.0,13,65.0,0.8666666666666667,6.250109261911036,1,0.0,0.4976911715408074,3,41.0,0.5477476285079983,9,54.0,0.2424622482186581,13,95.0
2820.0,7,23.0,0.30666666666666664,6.49133166868617,1,4.0,0.5235250337877999,1,13.0,0.4139309437662428,5,61.0,0.29639132378326805,7,78.0
2825.0,14,63.0,0.8513513513513513,6.379205365527174,6,21.0,0.39964075582020514,6,24.0,0.3761232637180758,2,46.0,0.2760273954264518,14,91.0
2830.0,16,114.0,1.5833333333333333,6.295847001414449,4,36.0,0.320792974227833,10,65.0,0.29023190096204554,2,41.0,0.4487959259888883,16,142.0
2835.0,14,96.0,1.352112676056338,6.507770627081661,4,41.0,0.2874206044924167,8,91.0,0.3285929527161479,2,47.0,0.5805363888269796,14,179.0
2840.0,8,79.0,1.082191780821918,7.734189001460852,2,33.0,0.493803171724828,3,72.0,0.39416431304880867,3,57.0,0.5894210792458734,8,162.0
2845.0,5,84.0,1.135135135135135,7.889904419233588,0,27.0,0.503826309674699,2,46.0,0.4336342035294546,3,72.0,0.557875400780496,5,145.0
2850.0,10,122.0,1.7681159420289856,7.897397458588211,4,32.0,0.45884218607940047,3,36.0,0.4768963937696806,3,87.0,0.5939775248016077,10,155.0
2855.0,9,50.0,0.7692307692307693,7.117008463254564,3,35.0,0.43614461314193476,5,45.0,0.3949969623985712,1,41.0,0.6211075133892594,9,121.0
2860.0,3,9.0,0.14754098360655737,6.483955520186645,0,20.0,0.40050689062277633,1,38.0,0.41807358399553696,2,9.0,0.45059041707926106,3,67.0
2865.0,11,32.0,0.5161290322580645,6.168645701144059,0,2.0,0.4202384735295407,8,33.0,0.35741506719088434,3,13.0,0.3284191663828504,11,48.0
2870.0,6,20.0,0.3333333333333333,7.016205841169512,0,0.0,0.6480494255129104,6,54.0,0.3384348475117013,0,6.0,0.3998873276738665,6,60.0
2875.0,3,3.0,0.04918032786885246,8.336991733011384,1,2.0,0.7275199244265976,2,35.0,0.4262325754369367,0,2.0,0.6187172228026311,3,39.0
2880.0,2,5.0,0.07692307692307693,9.20018842310016,1,7.0,0.7645529208388385,0,13.0,0.46265272376559313,1,2.0,0.7499207291417334,2,22.0
2885.0,2,10.0,0.14705882352941177,9.830344792994332,1,10.0,0.7665089792449542,0,6.0,0.6352802441885227,1,2.0,0.7468569444701584,2,18.0
2890.0,3,17.0,0.26153846153846155,10.404101658363816,1,15.0,0.786294381306731,1,1.0,0.6607942880800627,1,1.0,0.7517737527641956,3,17.0
2895.0,6,36.0,0.5806451612903226,10.005276505284433,1,20.0,0.7959522128264482,2,9.0,0.6594630480678388,3,7.0,0.6398105458996702,6,36.0
2900.0,4,31.0,0.5254237288135594,8.398957167421294,2,29.0,0.6002894959493795,2,8.0,0.5426146794698911,0,8.0,0.49574955650635755,4,45.0
2905.0,12,80.0,1.4035087719298245,7.581431094978103,3,43.0,0.38981102164788445,5,21.0,0.46155053771638205,4,17.0,0.48169620233763827,12,81.0
2910.0,11,81.0,1.588235294117647,5.92713095800336,3,58.0,0.4522063100743413,3,28.0,0.30296185558673777,5,30.0,0.18644872567154055,11,116.0
2915.0,7,28.0,0.5833333333333334,7.045764114841707,3,28.0,0.5172412450199726,1,22.0,0.4683638872062616,3,26.0,0.42226150171430954,7,76.0
2920.0,7,62.0,1.2653061224489797,8.819499457696583,4,30.0,0.528303472700926,1,12.0,0.6268678869345058,2,28.0,0.6154029847240461,7,70.0
2925.0,3,24.0,0.4897959183673469,7.9882793058112425,2,33.0,0.5071764444892586,1,17.0,0.6493314449314631,0,18.0,0.5866407663659924,3,68.0
2930.0,2,7.0,0.14285714285714285,8.87011877456403,0,12.0,0.5055412106871494,0,4.0,0.7899992193196522,2,9.0,0.5845338427941094,2,25.0
2935.0,1,2.0,0.041666666666666664,8.221090975423946,0,0.0,0.5779697699103509,1,6.0,0.5366120811601397,0,4.0,0.42890883175110944,1,10.0
2940.0,4,8.0,0.17777777777777778,8.938961635523011,1,5.0,0.7114629571468107,3,11.0,0.5236135262783862,0,0.0,0.5587114129142181,4,16.0
2945.0,2,15.0,0.3191489361702128,10.146594916973134,1,12.0,0.7472964825090417,0,6.0,0.7119628426117738,1,5.0,0.586423454838969,2,23.0
2950.0,7,35.0,0.7291666666666666,9.2350284992011,2,17.0,0.6067725467937293,3,11.0,0.612218695391778,2,15.0,0.606650667735501,7,43.0
2955.0,13,78.0,1.5294117647058822,7.258542384258574,3,23.0,0.5233257325943452,7,38.0,0.3412857987924745,3,25.0,0.4925510197420929,13,86.0
2960.0,12,90.0,1.9565217391304348,6.218840474769013,2,33.0,0.5969789325747918,7,59.0,0.2295274414088219,3,35.0,0.47894435053984735,12,127.0
2965.0,5,49.0,1.0425531914893618,6.293155942745228,1,6.0,0.43841659404564626,2,42.0,0.2805563387998564,2,47.0,0.5606502575739066,5,95.0
2970.0,7,22.0,0.4489795918367347,7.785588484059677,5,20.0,0.4823924480223225,1,18.0,0.5125605040024017,1,3.0,0.5960374576518095,7,41.0
2975.0,4,19.0,0.37254901960784315,8.446365353562452,0,18.0,0.5997739155622042,1,16.0,0.47283542916921967,3,11.0,0.634443172614942,4,45.0
2980.0,4,23.0,0.45098039215686275,8.74591223366315,1,3.0,0.6347027929120256,1,18.0,0.6192519077091309,2,15.0,0.5583985695512332,4,36.0
2985.0,8,52.0,0.9811320754716981,9.278811474456624,4,16.0,0.6194604050648334,2,27.0,0.7323820867168356,2,13.0,0.6035471511837872,8,56.0
2990.0,5,26.0,0.45614035087719296,9.02318306000085,2,9.0,0.5065490512294623,0,10.0,0.8311631906309405,3,23.0,0.6114308785898281,5,42.0
2995.0,9,29.0,0.46774193548387094,7.44356453260367,6,24.0,0.3152401089900686,2,8.0,0.540383457346971,1,14.0,0.5692760489812847,9,46.0
3000.0,10,34.0,0.6071428571428571,5.94254577159291,5,44.0,0.2759877265535951,1,9.0,0.30927000714395186,4,10.0,0.4166480184433777,10,63.0
3005.0,4,14.0,0.2857142857142857,7.299585981224617,2,43.0,0.43212409554177605,0,4.0,0.5407907503653342,2,13.0,0.470703346065936,4,60.0
3010.0,6,21.0,0.42,9.113303588473572,4,31.0,0.552778262355149,0,4.0,0.8649531990447672,2,12.0,0.5758123941662545,6,47.0
3015.0,4,38.0,0.7037037037037037,10.118366570930023,2,26.0,0.6421198547996712,1,6.0,0.8461247001057909,1,13.0,0.6779247194523436,4,45.0
3020.0,7,54.0,0.9642857142857143,8.816465989005165,2,35.0,0.6194042293367086,2,13.0,0.660545491007355,3,10.0,0.4968974199967207,7,58.0
3025.0,12,82.0,1.4642857142857142,6.17654143311169,5,48.0,0.38779164512399233,1,7.0,0.3551820780972162,6,33.0,0.29079372966306,12,88.0
3030.0,9,85.0,1.5740740740740742,6.775055634316368,5,74.0,0.4740394734512488,0,1.0,0.3614309350069574,4,48.0,0.37261512084401177,9,123.0
3035.0,7,14.0,0.2692307692307692,7.299853607240071,3,34.0,0.5370642048239784,3,4.0,0.34734892967396913,1,17.0,0.5249721544232739,7,55.0
3040.0,11,38.0,0.7307692307692307,7.071987999260705,2,21.0,0.5603462851011989,6,27.0,0.3500072249241282,3,24.0,0.42103474639735894,11,72.0
3045.0,17,72.0,1.411764705882353,4.678095291519021,5,23.0,0.24284406996163357,4,36.0,0.29045080237048604,8,56.0,0.2004746723071087,17,115.0
3050.0,12,41.0,0.82,5.023483419161804,1,20.0,0.5043458033029743,3,31.0,0.16930102377281447,8,77.0,0.2592329497114339,12,128.0
3055.0,6,13.0,0.2549019607843137,7.758552017675984,0,2.0,0.7852841305316999,2,35.0,0.5335782677098766,4,58.0,0.34128002580209715,6,95.0
3060.0,6,25.0,0.45454545454545453,8.362898111624602,1,4.0,0.5552426385081287,4,51.0,0.47394628455690146,1,31.0,0.4914738419693103,6,86.0
3065.0,10,39.0,0.6842105263157895,7.537975039477876,6,26.0,0.2919094049105165,4,58.0,0.44131279114634603,0,13.0,0.5902081900368138,10,97.0
3070.0,6,14.0,0.2545454545454545,8.118366071244663,4,40.0,0.3143503383509736,1,42.0,0.5393892054139747,1,9.0,0.6903956326768758,6,91.0
3075.0,3,6.0,0.10909090909090909,9.566855217299413,2,16.0,0.489120155515129,0,17.0,0.7420784134511408,1,8.0,0.7996465353004751,3,41.0
3080.0,2,13.0,0.23636363636363636,10.85456421282615,0,0.0,0.7219993254970322,0,3.0,0.8226295777170125,2,15.0,0.7610658482798726,2,18.0
3085.0,3,24.0,0.42105263157894735,10.621199440970281,1,1.0,0.7119605310145426,0,2.0,0.8215416876185929,2,23.0,0.6960419459132429,3,26.0
3090.0,3,34.0,0.576271186440678,9.921722236315917,1,1.0,0.6312777570012235,0,0.0,0.7604667984665598,2,33.0,0.6780805879896878,3,34.0
3095.0,10,64.0,1.0491803278688525,8.664333751653617,6,17.0,0.4554670563354077,1,4.0,0.7362076525934145,3,43.0,0.5938690336955468,10,64.0
3100.0,9,79.0,1.3166666666666667,7.846468794999066,4,28.0,0.34283165075823396,2,12.0,0.6267993019903946,3,56.0,0.6604672615622645,9,96.0
3105.0,6,97.0,1.7321428571428572,7.489940793665009,1,25.0,0.3184130996382527,2,24.0,0.6212838384884937,3,71.0,0.6276595999075364,6,120.0
3110.0,6,100.0,1.6666666666666667,8.542939851380975,2,18.0,0.40254575906509715,0,15.0,0.7668714993422975,4,91.0,0.517258764339175,6,124.0
3115.0,4,19.0,0.31666666666666665,8.883012286902424,2,18.0,0.4560540282705289,1,3.0,0.6536306096720418,1,27.0,0.6042205616827669,4,48.0
3120.0,10,56.0,0.9824561403508771,8.570295492833596,2,26.0,0.6845653250126362,4,19.0,0.42888926674478384,4,13.0,0.37322196069540653,10,58.0
3125.0,8,47.0,0.8545454545454545,7.00111995362689,3,37.0,0.6135070236247995,2,26.0,0.30201049977935474,3,12.0,0.3078144516635115,8,75.0
3130.0,2,7.0,0.1346153846153846,8.576964879741457,1,18.0,0.5085863715191161,0,12.0,0.5924704509322256,1,10.0,0.6478247239407492,2,40.0
3135.0,7,28.0,0.5384615384615384,9.157632354779052,6,19.0,0.4517872271985497,0,2.0,0.7676185459231623,1,13.0,0.6210466843386998,7,34.0
3140.0,5,28.0,0.56,8.133643317149719,0,21.0,0.5662941281989563,1,4.0,0.5383399471534309,4,26.0,0.5094208224475384,5,51.0
3145.0,6,15.0,0.30612244897959184,8.081517000820394,1,0.0,0.5120298652092078,5,19.0,0.47983838600931633,0,11.0,0.6134256458832694,6,30.0
3150.0,7,21.0,0.42,7.521483665135533,0,0.0,0.688513959104268,2,25.0,0.399276488730801,5,11.0,0.32733806319906317,7,36.0
3155.0,3,4.0,0.08,8.195964115666513,0,2.0,0.7611390965221347,0,13.0,0.543801672129612,3,21.0,0.3951082314053804,3,36.0
3160.0,1,0.0,0.0,8.868795421272031,1,2.0,0.6538793556329333,0,2.0,0.5981821397558527,0,6.0,0.5975940040286525,1,10.0
3165.0,6,16.0,0.3137254901960784,8.970172572449247,2,7.0,0.726931896719008,1,6.0,0.7192850938636906,3,13.0,0.5128283071287414,6,26.0
3170.0,8,42.0,0.8235294117647058,7.941494824083595,2,15.0,0.5781919492770119,0,2.0,0.6826958701822559,6,33.0,0.48793021360412264,8,50.0
3175.0,10,55.0,1.0576923076923077,6.329483219245485,4,30.0,0.42390444246194736,3,13.0,0.4738324218290601,3,37.0,0.3370249722477641,10,80.0
3180.0,1,0.0,0.0,6.492459067858308,1,23.0,0.32075291518974797,0,12.0,0.5989628276437087,0,20.0,0.353013175741151,1,55.0
3185.0,5,12.0,0.21052631578947367,8.506507544482542,4,14.0,0.5758495411342516,0,2.0,0.7402653107325927,1,5.0,0.43443979136470784,5,21.0
3190.0,7,42.0,0.711864406779661,9.592155134209765,5,36.0,0.48998011338265346,1,3.0,0.8257494479607956,1,7.0,0.6738984366309181,7,46.0
3195.0,6,13.0,0.22413793103448276,8.086939022519774,2,31.0,0.5312640235690069,2,9.0,0.7309143566957891,2,4.0,0.5288061925429964,6,44.0
3200.0,10,34.0,0.5666666666666667,7.853804268865377,2,9.0,0.5883449730714954,0,6.0,0.6418828477790262,8,29.0,0.3949618174326671,10,44.0
3205.0,12,45.0,0.7758620689655172,7.007335156361112,1,12.0,0.6247724317444092,2,7.0,0.5711887627794764,9,57.0,0.17953099968413588,12,76.0
3210.0,7,19.0,0.3333333333333333,6.696305128968254,2,6.0,0.38399648248719614,2,16.0,0.6159703535892994,3,53.0,0.2720725393428022,7,75.0
3215.0,10,36.0,0.631578947368421,7.100661704706105,6,31.0,0.3776227001954112,0,7.0,0.7550357578710096,4,54.0,0.29745554366800103,10,92.0
3220.0,12,51.0,0.9107142857142857,6.542646598617101,4,40.0,0.4363717534482735,0,2.0,0.6891381348540935,8,86.0,0.31881220502601626,12,128.0
3225.0,8,37.0,0.6981132075471698,6.706861191461208,0,15.0,0.5240715291256131,1,6.0,0.6733574177925034,7,100.0,0.3612011316016156,8,121.0
3230.0,6,16.0,0.2857142857142857,7.759390592784476,2,0.0,0.6124482841471561,1,13.0,0.7639793496622364,3,70.0,0.3077775825453409,6,83.0
3235.0,5,33.0,0.559322033898305,9.085693321869343,1,4.0,0.7001776148887316,1,16.0,0.8029474443541668,3,38.0,0.38408918080856413,5,58.0
3240.0,5,53.0,0.8983050847457628,9.920299909281105,1,9.0,0.6929536341213712,1,19.0,0.7986275424903166,3,33.0,0.5248560370624041,5,61.0
3245.0,5,76.0,1.2881355932203389,9.912961907281264,2,17.0,0.5529150071035505,1,24.0,0.7862844280018638,2,37.0,0.6173299460947173,5,78.0
3250.0,6,77.0,1.375,9.534839057828455,1,7.0,0.5398495925572505,3,31.0,0.6421949149667483,2,45.0,0.6876434609770953,6,83.0
3255.0,10,114.0,2.150943396226415,9.218086813970277,4,13.0,0.5256213387059018,3,42.0,0.6218263743395936,3,59.0,0.6563390536199892,10,114.0
3260.0,4,5.0,0.1,7.497774604388366,1,14.0,0.5539185913722231,1,6.0,0.4945468940895916,2,10.0,0.4414018341030398,4,30.0
3265.0,12,44.0,0.9166666666666666,6.365621202350021,0,0.0,0.5741734903515996,5,19.0,0.2894047737154117,7,27.0,0.19816355818818504,12,46.0
3270.0,7,29.0,0.6444444444444445,6.469647450569745,0,0.0,0.6978556470497783,4,33.0,0.3382278764455834,3,39.0,0.21025550993571995,7,72.0
3275.0,4,6.0,0.13333333333333333,8.270355798664141,1,2.0,0.7543015672541521,2,36.0,0.5008906008193508,1,14.0,0.39053893227651515,4,52.0
3280.0,1,2.0,0.0425531914893617,10.405827002225013,0,2.0,0.8687850504618635,1,19.0,0.6229000014127695,0,2.0,0.6991047561044181,1,23.0
3285.0,3,8.0,0.16326530612244897,10.2060634558876,1,2.0,0.7394669820413401,1,16.0,0.7340684966604164,1,1.0,0.6575620574753488,3,19.0
3290.0,3,7.0,0.13725490196078433,9.153200426053392,0,2.0,0.6598086715132607,1,7.0,0.6263305282906423,2,6.0,0.6438342985729004,3,15.0
3295.0,11,40.0,0.7692307692307693,6.455180795223527,5,16.0,0.3532542829484389,3,16.0,0.30192754673940203,3,16.0,0.5819840122148252,11,48.0
3300.0,14,55.0,1.0377358490566038,5.980349494864801,6,30.0,0.29150470950439306,5,25.0,0.334032780374418,3,31.0,0.5476261667906782,14,86.0
3305.0,4,14.0,0.25925925925925924,7.207829768502309,2,33.0,0.5195745812675702,0,15.0,0.4674243141687151,2,19.0,0.4296701331315569,4,67.0
3310.0,7,28.0,0.4827586206896552,8.73828216561154,1,28.0,0.6703696069125057,1,8.0,0.5893310796883512,5,20.0,0.45727576498723915,7,56.0
3315.0,5,28.0,0.4827586206896552,9.192976419009026,2,21.0,0.6912167095073859,2,12.0,0.5796944342614161,1,20.0,0.5997091536558175,5,53.0
3320.0,2,28.0,0.49122807017543857,9.37689919705851,1,21.0,0.7177033943149986,0,4.0,0.6003409700358323,1,12.0,0.5819658165696223,2,37.0
3325.0,8,57.0,1.0,9.6008327588129,1,26.0,0.7479883111521055,6,21.0,0.4824699667325704,1,17.0,0.7100091654726711,8,64.0
3330.0,6,23.0,0.41818181818181815,8.214126898125958,1,1.0,0.4868613554384947,3,30.0,0.49706838855321867,2,22.0,0.6075250825336537,6,53.0
3335.0,8,47.0,0.9038461538461539,7.299976107604736,5,22.0,0.31451393750635304,1,8.0,0.40466464509206024,2,32.0,0.5861555635574693,8,62.0
3340.0,7,48.0,0.96,7.1544732247668845,2,32.0,0.43628523587038504,3,12.0,0.3360227495024113,2,42.0,0.6381969857656914,7,86.0
3345.0,8,31.0,0.6595744680851063,6.498431556913505,0,9.0,0.5092962259369911,8,41.0,0.2475777500109442,0,15.0,0.6084856592742403,8,65.0
3350.0,9,33.0,0.6875,6.6799337381086135,1,0.0,0.5388364518696221,6,60.0,0.29046121158525723,2,9.0,0.4061368775563458,9,69.0
3355.0,5,9.0,0.19148936170212766,7.326537355562105,1,2.0,0.6909299029535946,2,47.0,0.3677996508057969,2,11.0,0.44311319540222444,5,60.0
3360.0,5,12.0,0.24,7.754519192182427,1,2.0,0.7339811661029416,2,52.0,0.2934621003838453,2,10.0,0.6180274654174241,5,64.0
3365.0,12,52.0,1.04,7.614712148813457,2,6.0,0.5825120988676138,9,83.0,0.24556767535471286,1,14.0,0.745049211738343,12,103.0
3370.0,10,51.0,1.0408163265306123,6.418941385743524,1,5.0,0.39523962212968594,6,97.0,0.2828302307893295,3,19.0,0.5484198864108519,10,121.0
3375.0,4,6.0,0.12244897959183673,7.150955739116921,1,4.0,0.5479828748821471,3,69.0,0.34726719976915305,0,4.0,0.6609895141974257,4,77.0
3380.0,3,7.0,0.1320754716981132,8.357393666541679,1,3.0,0.5368499507336383,0,18.0,0.46690124745549527,2,6.0,0.6637869979268815,3,27.0
3385.0,5,17.0,0.3333333333333333,8.954934632494261,5,19.0,0.5895813397153193,0,5.0,0.64597470583643,0,6.0,0.6699929251446045,5,30.0
3390.0,4,12.0,0.23076923076923078,8.594625433609151,3,26.0,0.5468710812344341,1,4.0,0.6978771435368487,0,0.0,0.6356436378053647,4,30.0
3395.0,6,16.0,0.2962962962962963,8.177631021190447,2,19.0,0.5326617537491178,1,11.0,0.7763716895681202,3,4.0,0.523172259320671,6,34.0
3400.0,10,51.0,0.864406779661017,7.555132493148813,2,14.0,0.4803334472349197,1,14.0,0.8052393011610859,7,30.0,0.3415807793714533,10,58.0
3405.0,10,62.0,1.0508474576271187,8.316137799101144,2,19.0,0.7054405503397784,1,19.0,0.8229058892801469,7,54.0,0.33401377139808186,10,92.0
3410.0,5,36.0,0.6206896551724138,8.086828892788489,3,30.0,0.6467154173264684,0,2.0,0.7756761639437505,2,44.0,0.26274228289917684,5,76.0
3415.0,6,24.0,0.41379310344827586,7.9724906143452134,2,17.0,0.44017483883279734,2,8.0,0.5557950295304172,2,25.0,0.4803060462401101,6,50.0
3420.0,12,38.0,0.6666666666666666,6.610587683006424,6,26.0,0.19913016774073808,2,18.0,0.44767189929912826,4,21.0,0.36966867948008186,12,65.0
3425.0,11,42.0,0.8076923076923077,6.1530264013182165,3,39.0,0.30159603105264915,1,15.0,0.41199071516928704,7,39.0,0.3037367301472223,11,93.0
3430.0,5,19.0,0.41304347826086957,7.830969713577355,0,14.0,0.6795354590478119,0,9.0,0.6400422331828649,5,53.0,0.4274924861436573,5,76.0
3435.0,8,15.0,0.28846153846153844,7.545733960744604,4,24.0,0.5146154690708644,0,7.0,0.7275269232227766,4,37.0,0.3941934093124485,8,68.0
3440.0,8,40.0,0.7272727272727273,7.780678560241333,6,48.0,0.3148667105798649,1,4.0,0.7926131517767684,1,24.0,0.5257270733600409,8,76.0
3445.0,6,14.0,0.2545454545454545,6.865474110771542,4,47.0,0.32774807856098115,0,4.0,0.6109340278901396,2,20.0,0.4250142330105401,6,71.0
3450.0,13,38.0,0.6551724137931034,6.434597544793029,0,22.0,0.39233727602463797,4,17.0,0.4887179038743787,9,45.0,0.2284988282347124,13,84.0
3455.0,8,29.0,0.5272727272727272,6.309780297957198,2,13.0,0.5297855877978084,0,14.0,0.45852241799240884,6,66.0,0.1799217712016997,8,93.0
3460.0,4,13.0,0.25,8.608528350759638,2,12.0,0.7139405335075543,0,4.0,0.7330388679156371,2,48.0,0.36056322600637875,4,64.0
3465.0,2,17.0,0.3269230769230769,9.556140428619704,1,17.0,0.7906131914722808,0,2.0,0.8339682278612814,1,26.0,0.4550195006616534,2,45.0
3470.0,5,27.0,0.5294117647058824,9.375661815119164,1,22.0,0.7857607475906156,2,7.0,0.6065104661701477,2,19.0,0.5784832388635718,5,48.0
3475.0,8,53.0,1.1041666666666667,8.412586224279655,2,25.0,0.5115926627967908,5,23.0,0.4906632563917332,1,13.0,0.6716468551880664,8,61.0
3480.0,7,54.0,1.1020408163265305,7.6351764973974365,1,30.0,0.5591079538496431,4,34.0,0.4033745286778753,2,12.0,0.6203729215202707,7,76.0
3485.0,4,59.0,1.1568627450980393,8.073217080306403,2,40.0,0.5950016101754448,1,21.0,0.41529476907046137,1,19.0,0.7283622205475383,4,80.0
3490.0,4,79.0,1.462962962962963,8.49952298106067,2,50.0,0.69941317115337,1,11.0,0.4349202370642936,1,24.0,0.6790692566847003,4,85.0
3495.0,5,99.0,1.8679245283018868,8.739295596074008,2,60.0,0.7192726298831152,1,14.0,0.4238676438657593,2,27.0,0.7121869324257627,5,101.0
3500.0,3,20.0,0.39215686274509803,8.893344170214851,1,0.0,0.6640491487710738,1,19.0,0.4719145513253068,1,1.0,0.7434392375352675,3,20.0
3505.0,10,50.0,0.9433962264150944,7.544987341315182,5,15.0,0.45558987231111975,1,24.0,0.6304365593087182,4,11.0,0.3913884146559739,10,50.0
3510.0,7,41.0,0.7735849056603774,6.892772994124356,4,26.0,0.4298734942699828,1,29.0,0.7636227388370639,2,16.0,0.37987567473268835,7,71.0
3515.0,3,35.0,0.6730769230769231,7.363930432479284,2,10.0,0.4086993686145393,1,38.0,0.7740026631150989,0,10.0,0.4457267274454516,3,58.0
3520.0,2,39.0,0.6964285714285714,8.238982453804866,0,3.0,0.40688305281552917,1,43.0,0.7228276998457204,1,3.0,0.591294864881386,2,49.0
3525.0,1,44.0,0.7457627118644068,8.52224165584742,0,1.0,0.4792337289774694,1,48.0,0.6978684939185413,0,3.0,0.4283872801969124,1,52.0
3530.0,6,66.0,1.1379310344827587,8.247354202923852,0,0.0,0.5355285605738768,1,49.0,0.6637026512506893,5,20.0,0.33466067977648467,6,69.0
3535.0,8,66.0,1.1785714285714286,8.201754405291684,2,3.0,0.6691014204556529,2,56.0,0.6024114224956906,4,30.0,0.409770231712715,8,89.0
3540.0,2,9.0,0.16071428571428573,8.728434064297598,1,8.0,0.7185223285934477,1,3.0,0.5001457866817618,0,10.0,0.511107203895816,2,21.0
3545.0,8,25.0,0.44642857142857145,8.686534380642863,1,1.0,0.650845538348331,6,23.0,0.4733725781869199,1,5.0,0.6132844549793285,8,29.0
3550.0,10,36.0,0.6428571428571429,7.260873964409603,5,15.0,0.2873275240283479,3,31.0,0.4022911796671916,2,14.0,0.6405066971232036,10,60.0
3555.0,6,32.0,0.6274509803921569,8.154822047488707,3,25.0,0.41432058009741607,1,19.0,0.5156281225378712,2,26.0,0.7096560923471189,6,70.0
3560.0,3,32.0,0.6666666666666666,9.381695097975937,0,16.0,0.6726788961704683,0,8.0,0.6812344373886793,3,34.0,0.5953824130774393,3,58.0
3565.0,4,8.0,0.15384615384615385,9.443918849060156,2,8.0,0.5824486924646171,2,10.0,0.7581535854998104,0,19.0,0.6934790324970665,4,37.0
3570.0,8,31.0,0.5636363636363636,8.335715726661023,3,7.0,0.5180489797361959,2,19.0,0.5913324357921578,3,9.0,0.5794767697714288,8,35.0
3575.0,4,21.0,0.42,7.6548453932775615,2,17.0,0.6189655552201403,1,5.0,0.5268303527472279,1,10.0,0.4135731963335365,4,32.0
3580.0,9,51.0,0.9622641509433962,7.513873728671847,4,30.0,0.4787045925691664,4,23.0,0.379991492266063,1,3.0,0.4008736117862139,9,56.0
3585.0,5,18.0,0.33962264150943394,8.606090989929966,2,20.0,0.4944874317756299,1,20.0,0.614936981151662,2,7.0,0.516649699479467,5,47.0
3590.0,7,40.0,0.8163265306122449,9.628386788271623,6,30.0,0.265283067831691,0,7.0,0.8567678685982875,1,14.0,0.7788236591321017,7,51.0
3595.0,5,36.0,0.8372093023255814,8.142626259720453,3,41.0,0.3018329594673449,1,3.0,0.44482286199317117,1,19.0,0.8168275299838941,5,63.0
3600.0,6,43.0,1.0,7.953141845049049,0,23.0,0.4047717102806099,5,23.0,0.39192666574596313,1,24.0,0.7537287480089444,6,70.0
