step,system_total_stopped,system_total_waiting_time,system_mean_waiting_time,system_mean_speed,A0_stopped,A0_accumulated_waiting_time,A0_average_speed,B0_stopped,B0_accumulated_waiting_time,B0_average_speed,C0_stopped,C0_accumulated_waiting_time,C0_average_speed,agents_total_stopped,agents_total_accumulated_waiting_time
5.0,1,0.0,0.0,3.6918507599562873,0,0.0,0.41073660212401647,0,0.0,0.39490299382719496,1,0.0,0.0,1,0.0
10.0,0,0.0,0.0,8.7640754676744,0,0.0,0.7801208838677431,0,0.0,0.9529104921330356,0,0.0,0.44044504478576035,0,0.0
15.0,0,0.0,0.0,10.628462764715957,0,0.0,0.8357652229437196,0,0.0,1.0,0,0.0,0.8832820818050463,0,0.0
20.0,0,0.0,0.0,11.403596988318704,0,0.0,0.8583268682857639,0,0.0,1.0,0,0.0,0.9419203648973936,0,0.0
25.0,0,0.0,0.0,10.459099995408641,0,0.0,0.7650613799403931,0,0.0,0.813822059709499,0,0.0,0.9720223919648594,0,0.0
30.0,0,0.0,0.0,9.289299977410524,0,0.0,0.8618030345499798,0,0.0,0.8529843267688374,0,0.0,0.11779911507828365,0,0.0
35.0,3,4.0,0.26666666666666666,6.523366809801694,1,0.0,0.2681607993073452,1,0.0,0.7225682931577558,1,4.0,0.32495934890563644,3,4.0
40.0,2,8.0,0.5,7.5372044155079605,2,8.0,0.35192604175393766,0,0.0,0.7669335003322327,0,0.0,0.4156934801960264,2,8.0
45.0,3,7.0,0.4375,6.736796334709446,0,10.0,0.5408317375439755,1,6.0,0.33563893039651205,2,3.0,0.32273875812231784,3,19.0
50.0,2,10.0,0.5882352941176471,8.028894345347032,1,2.0,0.5954006419290007,0,7.0,0.5359815495699861,1,8.0,0.5796899463996033,2,17.0
55.0,3,3.0,0.16666666666666666,8.289055308024192,2,4.0,0.4395217628796318,0,4.0,0.7464605824319279,1,3.0,0.7101615020606982,3,11.0
60.0,4,17.0,0.8947368421052632,8.75224288496845,2,12.0,0.44560329429752277,1,3.0,0.6203353576677726,1,8.0,0.7561485217429141,4,23.0
65.0,3,18.0,0.9473684210526315,7.420039371626974,0,8.0,0.6321561368737821,1,6.0,0.3112154077220085,2,14.0,0.6148885823995592,3,28.0
70.0,7,37.0,1.7619047619047619,7.917808844118797,1,0.0,0.7958880396772575,2,16.0,0.5340667281996873,4,25.0,0.4073678150661188,7,41.0
75.0,7,66.0,2.64,6.664851353096932,1,0.0,0.4694149207411243,2,26.0,0.4985666650561457,4,44.0,0.37137109756428965,7,70.0
80.0,5,42.0,1.6153846153846154,7.395045396482725,2,3.0,0.46571214892002216,3,41.0,0.5360644613988654,0,25.0,0.4002543725790505,5,69.0
85.0,3,12.0,0.4444444444444444,7.305439681444745,1,8.0,0.47635990484483154,1,15.0,0.5066664401894482,1,1.0,0.4697787896156823,3,24.0
90.0,6,18.0,0.6206896551724138,7.535807723979212,2,1.0,0.535837700490431,3,20.0,0.5093857089289059,1,1.0,0.25306452779885247,6,22.0
95.0,5,22.0,0.7857142857142857,8.080243571833375,1,6.0,0.503820216048338,1,17.0,0.2617621571831664,3,14.0,0.3842757917616203,5,37.0
100.0,6,45.0,1.9565217391304348,7.996624450056354,2,16.0,0.5511140904104005,0,2.0,0.45475525387440074,4,31.0,0.3802683726657697,6,49.0
105.0,5,49.0,2.227272727272727,6.843544730338948,0,10.0,0.6421605146355741,2,7.0,0.0014639986293753782,3,46.0,0.4167973913544767,5,63.0
110.0,3,15.0,0.7142857142857143,8.205252025668157,0,0.0,0.9266097343015364,2,19.0,0.5299036020303663,1,21.0,0.5428624550760388,3,40.0
115.0,2,4.0,0.18181818181818182,9.095766902290531,1,1.0,0.0054242318697206166,0,13.0,0.8272440438430229,1,3.0,0.45155832372638366,2,17.0
120.0,2,8.0,0.34782608695652173,10.16111278068958,1,6.0,0.11855549536064576,0,2.0,0.9041673141408925,1,7.0,0.6778744329338827,2,15.0
125.0,3,14.0,0.6363636363636364,9.220191022450916,0,0.0,0.8944721716151626,0,2.0,0.5806549402260652,3,16.0,0.5338370463721883,3,18.0
130.0,4,9.0,0.47368421052631576,5.698161305566395,1,0.0,0.0,3,11.0,0.2158517560343895,0,10.0,0.33038616842585083,4,21.0
135.0,4,27.0,1.4210526315789473,6.487102398962376,0,0.0,0.41788493515470554,4,32.0,0.35474200544770956,0,0.0,0.403832252014384,4,32.0
140.0,0,0.0,0.0,9.793354939997077,0,0.0,0.5313838196840416,0,23.0,0.656428957195645,0,0.0,0.7629473197286084,0,23.0
145.0,0,0.0,0.0,10.488690604722377,0,2.0,0.7723657842243153,0,2.0,0.7156906707759325,0,2.0,0.7491672256114972,0,6.0
150.0,1,5.0,0.18518518518518517,9.860444204531639,0,2.0,0.8115814286825004,1,5.0,0.406847355500087,0,2.0,0.720828979566766,1,9.0
155.0,0,0.0,0.0,10.903200591610478,0,2.0,0.925556913902339,0,0.0,0.8830734038424004,0,2.0,0.7751969835204492,0,4.0
160.0,1,3.0,0.125,11.29722688939834,0,0.0,0.8303731638582788,0,2.0,0.9272628657502002,1,3.0,0.656421679817027,1,5.0
165.0,2,2.0,0.07692307692307693,8.111739815463451,1,1.0,0.32173415941341327,0,2.0,0.9056678599876408,1,1.0,0.3427409614546383,2,4.0
170.0,10,29.0,1.16,7.189642002544249,6,18.0,0.14079677978679098,1,3.0,0.6819799105576082,3,10.0,0.35834892919094574,10,31.0
175.0,7,41.0,1.8636363636363635,5.816244550360457,2,20.0,0.3494207028191822,2,12.0,0.31981862970737923,3,25.0,0.27728552285216346,7,57.0
180.0,9,70.0,3.5,5.322359795130173,0,0.0,0.8536066916239335,6,34.0,0.1251669230610307,3,40.0,0.20291881014077673,9,74.0
185.0,4,59.0,2.5652173913043477,7.565612121286219,0,0.0,0.6324106168760801,0,26.0,0.3362799443155489,4,59.0,0.23058919200356562,4,85.0
190.0,0,0.0,0.0,9.991008922555025,0,0.0,0.7126250831315983,0,2.0,0.7292225990255117,0,30.0,0.6185962618289662,0,32.0
195.0,1,3.0,0.12,9.652056389920709,1,3.0,0.6265120336704121,0,2.0,0.6024539329290798,0,2.0,0.7243571833788367,1,7.0
200.0,2,1.0,0.037037037037037035,9.488192281152132,1,3.0,0.4988147081328361,0,2.0,0.802893955769599,1,3.0,0.7668367835038093,2,8.0
205.0,1,6.0,0.2,9.84848664571693,0,0.0,0.5053987925868915,0,4.0,0.8264488347845328,1,6.0,0.5956233278118575,1,10.0
210.0,4,7.0,0.21212121212121213,8.251225311975542,2,4.0,0.5481506273018514,1,6.0,0.5878797983842424,1,1.0,0.44998794029145944,4,11.0
215.0,6,30.0,0.8571428571428571,7.781252112755934,3,14.0,0.5214420064554831,0,5.0,0.5149882886647486,3,16.0,0.3929094050720706,6,35.0
220.0,4,31.0,0.9393939393939394,8.373759628169317,4,33.0,0.5454543356453698,0,0.0,0.48208430177783423,0,10.0,0.6676436707424002,4,43.0
225.0,7,58.0,2.0,9.009258759249919,6,59.0,0.4491282064456436,0,2.0,0.9574832198897327,1,1.0,0.7318989364041885,7,62.0
230.0,9,99.0,3.3,8.134946329984007,8,95.0,0.3662459703929195,0,2.0,0.9559129294216764,1,6.0,0.7094735021481964,9,103.0
235.0,7,45.0,1.5,5.726957113678442,5,80.0,0.31133492392675133,0,2.0,0.73615876307159,2,1.0,0.3222896945908923,7,83.0
240.0,4,14.0,0.4375,5.907156459446467,1,56.0,0.3210442332765831,0,2.0,0.49594724682334335,3,12.0,0.23720427455495996,4,70.0
245.0,6,41.0,1.28125,9.283048001876955,1,24.0,0.6295611493078864,0,2.0,0.9253991516734543,5,34.0,0.375588218561844,6,60.0
250.0,2,9.0,0.2571428571428571,8.751168728446649,1,19.0,0.5611372408227381,0,2.0,0.7606878539005745,1,25.0,0.44335214030773773,2,46.0
255.0,8,19.0,0.5428571428571428,8.298339828457399,3,29.0,0.5346952291010174,2,6.0,0.43933166982720934,3,10.0,0.4394295507280229,8,45.0
260.0,6,29.0,0.9666666666666667,7.103887068278658,0,18.0,0.3355182220653401,5,23.0,0.14270264416283038,1,8.0,0.5412948071720843,6,49.0
265.0,5,29.0,1.0740740740740742,7.96638622409642,1,0.0,0.386770414637504,3,35.0,0.5084213026539892,1,13.0,0.5187816864159022,5,48.0
270.0,1,0.0,0.0,10.212287417559699,1,0.0,0.5547132557185109,0,21.0,0.6910567582363508,0,3.0,0.7823670848474454,1,24.0
275.0,0,0.0,0.0,11.11910986557988,0,0.0,0.7730632791009947,0,2.0,0.8046140110628602,0,2.0,0.7475955795169704,0,4.0
280.0,1,3.0,0.12,9.825736568112932,0,0.0,0.7937841168815116,0,0.0,0.7400081707910113,1,5.0,0.6007066010372409,1,5.0
285.0,0,0.0,0.0,8.790687016908679,0,0.0,0.7766149092319644,0,0.0,1.0,0,4.0,0.613889359964933,0,4.0
290.0,0,0.0,0.0,10.015985626164854,0,0.0,0.645502499300259,0,2.0,0.916215587178255,0,0.0,0.6386052159098723,0,2.0
295.0,1,5.0,0.19230769230769232,10.534747031846734,1,5.0,0.6181304029291442,0,2.0,0.7916036165392676,0,0.0,0.6620780865175724,1,7.0
300.0,1,10.0,0.37037037037037035,10.953835391603809,1,10.0,0.6354371619580973,0,2.0,0.9370002141768579,0,0.0,0.6348088125130062,1,12.0
305.0,2,2.0,0.07407407407407407,7.866280696137478,1,1.0,0.4360145484206494,0,0.0,0.5905747114338021,1,1.0,0.4011711333165559,2,2.0
310.0,7,32.0,1.103448275862069,7.792075024780951,3,14.0,0.5166949878381644,1,3.0,0.4240060519102733,3,15.0,0.45159775417537934,7,32.0
315.0,4,30.0,1.0344827586206897,7.954717753279627,0,9.0,0.6723347454523082,0,0.0,0.6310699698383482,4,30.0,0.40286190001168826,4,39.0
320.0,6,55.0,2.037037037037037,8.197965728917563,1,4.0,0.6493534780384206,0,2.0,0.8331345114076001,5,51.0,0.2738423394520316,6,57.0
325.0,2,14.0,0.5,8.121340873943792,2,14.0,0.4537919171029503,0,2.0,0.8945758469557518,0,33.0,0.31841406455501553,2,49.0
330.0,5,31.0,1.0333333333333334,9.283248074388323,3,28.0,0.364509068317972,0,4.0,0.8191386220079505,2,3.0,0.4408676650968329,5,35.0
335.0,4,44.0,1.4193548387096775,10.412175831892663,3,43.0,0.39396002098061444,0,2.0,0.9125703602536387,1,1.0,0.7375601888689307,4,46.0
340.0,5,65.0,2.096774193548387,9.605330366673035,3,58.0,0.47276339874172724,0,0.0,0.7181481855344938,2,7.0,0.680226469171437,5,65.0
345.0,5,74.0,2.466666666666667,7.5408636143126015,4,73.0,0.46901705621012624,1,1.0,0.48009908453405803,0,4.0,0.5684343869927942,5,78.0
350.0,8,106.0,3.7857142857142856,8.283384980401406,4,90.0,0.4838608658535217,4,18.0,0.4782205058710383,0,0.0,0.7645958817165368,8,108.0
355.0,3,1.0,0.03225806451612903,7.915119368142609,0,32.0,0.4891082498876057,1,18.0,0.559092279832022,2,0.0,0.35726704595331304,3,50.0
360.0,3,10.0,0.3125,10.130712751923527,2,7.0,0.5958594457795884,1,8.0,0.6272443547568436,0,2.0,0.7788366200408282,3,17.0
365.0,2,10.0,0.3448275862068966,9.897442490477077,1,2.0,0.7041688618538939,1,10.0,0.4840901880114072,0,2.0,0.8304777546591582,2,14.0
370.0,2,16.0,0.6153846153846154,10.218999792125755,1,3.0,0.6668855552422744,1,17.0,0.6864185045080382,0,2.0,0.7776460752292216,2,22.0
375.0,4,7.0,0.25,7.25032588727695,1,4.0,0.4941487884579756,0,2.0,0.6778968992773816,3,7.0,0.31768513620618827,4,13.0
380.0,4,21.0,0.7241379310344828,7.444635059195081,3,18.0,0.4213597994453883,1,7.0,0.46859064365436026,0,3.0,0.43466298568581274,4,28.0
385.0,4,16.0,0.5517241379310345,7.162171005910553,2,20.0,0.33681587593833084,2,16.0,0.4109262941360505,0,0.0,0.6943143311669934,4,36.0
390.0,1,2.0,0.06896551724137931,9.724854885089544,0,6.0,0.6876097379576053,0,6.0,0.6944528064937765,1,2.0,0.5986624504138799,1,14.0
395.0,2,2.0,0.06896551724137931,10.765986139682505,1,3.0,0.7137410612590388,0,2.0,0.9117806967640988,1,4.0,0.6612342717248538,2,9.0
400.0,1,7.0,0.25,10.78712590848299,0,2.0,0.6461694016582634,0,0.0,0.710020401624862,1,9.0,0.7071187639308568,1,11.0
405.0,7,28.0,1.12,6.249495841368522,2,7.0,0.4307990310326944,2,6.0,0.30910524855856003,3,19.0,0.4049962281474419,7,32.0
410.0,7,43.0,1.5357142857142858,5.065525837003119,0,4.0,0.4107562492969416,1,11.0,0.46387239794382457,6,42.0,0.18529307773099238,7,57.0
415.0,4,17.0,0.5862068965517241,7.533309861931422,1,6.0,0.7273713623849973,1,7.0,0.5294609155124352,2,39.0,0.4635361870818838,4,52.0
420.0,4,12.0,0.36363636363636365,8.954928867452523,2,11.0,0.5936511206051953,1,10.0,0.7148538232012518,1,12.0,0.5893293816845305,4,33.0
425.0,4,13.0,0.38235294117647056,9.027519741251904,1,2.0,0.6934136613971436,1,15.0,0.7396080881686569,2,17.0,0.4835195353695913,4,34.0
430.0,8,29.0,0.8529411764705882,6.376555491524737,1,5.0,0.39396792384595397,1,2.0,0.45818287413241926,6,38.0,0.32299141393299935,8,45.0
435.0,4,19.0,0.5757575757575758,7.206660906921755,0,6.0,0.553142034152646,0,0.0,0.8288973655590169,4,42.0,0.37062024026798646,4,48.0
440.0,3,6.0,0.1875,9.471308248837163,0,2.0,0.8957718477992229,1,5.0,0.707961948929295,2,33.0,0.41368213082459226,3,40.0
445.0,4,10.0,0.2777777777777778,8.713321158979419,1,0.0,0.7363622815443682,2,13.0,0.6067407926028983,1,24.0,0.3954108666096688,4,37.0
450.0,11,41.0,1.025,8.06302651300138,3,5.0,0.4553823763164501,2,21.0,0.7563869629569502,6,40.0,0.20081292712720866,11,66.0
455.0,13,98.0,2.6486486486486487,6.936168680055733,2,15.0,0.49889033301800373,3,31.0,0.4270141501040003,8,75.0,0.36250313098172204,13,121.0
460.0,15,146.0,3.8421052631578947,6.319974550698248,0,12.0,0.6709435736165459,5,52.0,0.3963847694653964,10,117.0,0.27348358416322704,15,181.0
465.0,12,133.0,3.325,6.0103002571101065,0,0.0,0.6697584995161333,6,78.0,0.0007218666824032549,6,116.0,0.34169651276538526,12,194.0
470.0,4,18.0,0.46153846153846156,7.072998147636474,2,8.0,0.19713206092633714,0,45.0,0.40254986312736535,2,79.0,0.5177513803803196,4,132.0
475.0,2,4.0,0.10810810810810811,8.786134632606501,1,8.0,0.28749815848026616,0,2.0,0.851868332139148,1,48.0,0.5126201879964704,2,58.0
480.0,1,8.0,0.2222222222222222,10.311072895304441,0,1.0,0.4162671480216371,0,2.0,0.8621668074714284,1,20.0,0.4962221866252913,1,23.0
485.0,5,7.0,0.22580645161290322,9.358795285512096,1,0.0,0.6815221813186771,0,2.0,0.8654085766117647,4,19.0,0.3707293693144468,5,21.0
490.0,7,29.0,0.90625,8.442375397174622,0,0.0,0.8415680552862073,0,2.0,0.8489698362403892,7,41.0,0.167488124928894,7,43.0
495.0,3,17.0,0.5483870967741935,7.995507104558936,0,0.0,0.684070336215674,0,0.0,0.635227550501356,3,42.0,0.35695462583010557,3,42.0
500.0,2,2.0,0.06451612903225806,8.527878455889192,1,2.0,0.657583146139608,0,2.0,0.8385209341439875,1,23.0,0.3672969861157626,2,27.0
505.0,1,5.0,0.16129032258064516,10.286650364765908,0,0.0,0.7292796246332531,0,2.0,0.8046838135368475,1,8.0,0.6512405891924855,1,10.0
510.0,3,6.0,0.1875,8.183320429414747,2,5.0,0.48174897096346037,0,2.0,0.7622992108207481,1,4.0,0.3984348386411168,3,11.0
515.0,11,40.0,1.3333333333333333,5.052129176453641,6,25.0,0.13671245052588468,0,0.0,0.5869444999158779,5,18.0,0.27841034820192095,11,43.0
520.0,5,22.0,0.7586206896551724,5.723962764777301,2,34.0,0.31519110694281893,1,4.0,0.4996076849337915,2,22.0,0.3683644619573754,5,60.0
525.0,3,10.0,0.3225806451612903,8.782184530950689,0,14.0,0.700393685594323,2,11.0,0.5097976827126559,1,9.0,0.526840125514919,3,34.0
530.0,4,30.0,0.8571428571428571,9.68183234160212,0,0.0,0.7418391387272752,3,26.0,0.6593878331934396,1,8.0,0.5438741389722505,4,34.0
535.0,3,14.0,0.3783783783783784,8.598954228120387,2,1.0,0.5097203282548962,0,24.0,0.6323939768436094,1,13.0,0.42245874727223853,3,38.0
540.0,5,2.0,0.05555555555555555,8.283218091691275,2,3.0,0.6701363020949147,1,3.0,0.48307646891208617,2,0.0,0.45628426428299573,5,6.0
545.0,7,12.0,0.3157894736842105,7.4968823342142565,3,9.0,0.5107070624800346,3,7.0,0.158800024960665,1,0.0,0.5791439754497671,7,16.0
550.0,7,31.0,0.9117647058823529,8.30208155970614,1,3.0,0.63786331717096,6,33.0,0.2580288700184059,0,0.0,0.8016121128996038,7,36.0
555.0,5,21.0,0.7,7.4799580517908835,0,0.0,0.8205305426947164,4,41.0,0.25029439571148226,1,1.0,0.5562358295889411,5,42.0
560.0,5,21.0,0.65625,8.697227100594178,0,2.0,0.7301323853194146,3,35.0,0.4895921405441532,2,13.0,0.40309605857380515,5,50.0
565.0,2,0.0,0.0,8.836526510146538,1,2.0,0.7773928571664572,0,21.0,0.5745152794701802,1,2.0,0.4420028215222904,2,25.0
570.0,4,15.0,0.4411764705882353,8.828487656533055,1,3.0,0.6773759423823194,2,25.0,0.3105620262148444,1,7.0,0.6103368861062809,4,35.0
575.0,6,23.0,0.8846153846153846,6.089667788836199,4,12.0,0.1903971675311769,0,16.0,0.4895113464665945,2,15.0,0.509584129387208,6,43.0
580.0,2,3.0,0.125,7.312645562447845,1,13.0,0.4979841191822668,0,0.0,0.6090142271091549,1,3.0,0.5987807655324262,2,16.0
585.0,2,6.0,0.25,9.682773703038237,1,4.0,0.6423623098650373,0,4.0,0.7461407363713728,1,7.0,0.5673535951144771,2,15.0
590.0,2,16.0,0.5925925925925926,10.594773906644186,0,2.0,0.7396336901726727,1,9.0,0.7898264591204626,1,12.0,0.5409144173898843,2,23.0
595.0,2,26.0,1.0,10.216916819396507,0,0.0,0.787533352864087,1,14.0,0.5633047447136516,1,16.0,0.39625539899954004,2,30.0
600.0,7,44.0,1.76,6.840523742332898,0,0.0,0.6640914494178758,4,25.0,0.2193219602963404,3,23.0,7.726305086187275e-05,7,48.0
605.0,9,82.0,3.037037037037037,6.198495108191675,1,0.0,0.5062521312145246,6,53.0,0.2781826311069738,2,33.0,0.2485382249027407,9,86.0
610.0,10,85.0,2.7419354838709675,6.545427988361094,2,5.0,0.45207817909034614,7,85.0,0.17809845152892725,1,10.0,0.5600701522414908,10,100.0
615.0,11,136.0,5.44,5.293172338947263,2,15.0,0.45967783887752783,9,126.0,0.08981275157865912,0,0.0,0.655217868847295,11,141.0
620.0,13,196.0,7.0,5.550417915831083,4,30.0,0.371157578383794,9,171.0,0.0,0,0.0,0.8488231780231132,13,201.0
625.0,14,262.0,8.733333333333333,5.197486277207402,5,51.0,0.40900359395229063,9,216.0,0.17662658452240618,0,0.0,0.574953255524578,14,267.0
630.0,12,166.0,5.1875,5.802772365870899,8,80.0,0.20761536327763983,4,176.0,0.3948363033915589,0,0.0,0.7398416614776514,12,256.0
635.0,9,118.0,3.806451612903226,6.995236737593065,7,114.0,0.32759357342086454,0,93.0,0.5370167865319866,2,9.0,0.5878022645107274,9,216.0
640.0,11,167.0,4.911764705882353,6.220577581488771,8,153.0,0.38697319550644343,0,64.0,0.37889548570815057,3,19.0,0.5375187899984978,11,236.0
645.0,11,100.0,2.7777777777777777,6.145167562081192,7,153.0,0.314558857608858,4,75.0,0.1308003259550288,0,13.0,0.6623355922785691,11,241.0
650.0,13,57.0,1.3902439024390243,6.5328812612216325,5,92.0,0.2241908112136683,6,104.0,0.37598387095640645,2,2.0,0.6557685259589641,13,198.0
655.0,3,3.0,0.06521739130434782,6.924752126872574,1,92.0,0.3248525871476952,1,74.0,0.5739377551076673,1,2.0,0.4282324351346783,3,168.0
660.0,7,25.0,0.5,8.501577879752737,5,105.0,0.393951831179613,0,4.0,0.794696164267026,2,11.0,0.5815613306214905,7,120.0
665.0,9,38.0,0.76,6.786000666541861,5,90.0,0.34424635688037863,1,5.0,0.2801693367281359,3,26.0,0.5625747571460623,9,121.0
670.0,12,34.0,0.6938775510204082,6.538411208755367,4,61.0,0.34440024900363,5,27.0,0.39986602768186774,3,14.0,0.41804609506619567,12,102.0
675.0,12,80.0,1.6326530612244898,6.89251603632853,5,39.0,0.27673311654117305,6,58.0,0.5357516255742506,1,7.0,0.47474719275166,12,104.0
680.0,13,127.0,2.4423076923076925,7.271249255904973,5,51.0,0.43418614550569,6,88.0,0.47810966592311643,2,3.0,0.4995644474572493,13,142.0
685.0,19,204.0,3.923076923076923,5.926427121463309,6,66.0,0.4359358373399435,9,127.0,0.32467508095920716,4,19.0,0.3505041508095071,19,212.0
690.0,22,225.0,4.326923076923077,3.197710867962146,2,43.0,0.3215977459227792,14,187.0,0.06421676360186206,6,43.0,0.15249519242002293,22,273.0
695.0,19,133.0,2.66,3.8005372328653952,4,18.0,0.3406743160431813,12,201.0,0.08735532895095209,3,36.0,0.1429047535496748,19,255.0
700.0,14,90.0,1.836734693877551,5.951090082132115,7,50.0,0.3452825247503476,6,128.0,0.25424800659634283,1,21.0,0.5500019080035101,14,199.0
705.0,11,108.0,2.297872340425532,7.129104850368521,8,88.0,0.36220359743263886,3,97.0,0.4427146724859812,0,12.0,0.6486144246618019,11,197.0
710.0,11,92.0,1.84,7.494185617821623,6,108.0,0.41141882050442385,2,60.0,0.5396857783006088,3,23.0,0.5969859937489483,11,191.0
715.0,8,54.0,1.0188679245283019,7.947778455741426,5,95.0,0.43335582523256055,1,44.0,0.732454613247749,2,27.0,0.5220093455392257,8,166.0
720.0,5,5.0,0.09090909090909091,7.185058045566652,2,103.0,0.4108664606100679,2,24.0,0.5592219102391227,1,11.0,0.49409250915302083,5,138.0
725.0,13,49.0,0.8305084745762712,6.367939566540121,8,129.0,0.2493956054663738,3,38.0,0.49031999894637074,2,15.0,0.3387985431192325,13,182.0
730.0,17,55.0,0.9016393442622951,4.709622221860915,9,139.0,0.2119896751151637,0,22.0,0.38392833430002604,8,38.0,0.16897105268884877,17,199.0
735.0,10,34.0,0.5862068965517241,6.348237982312314,2,97.0,0.43837707306694224,0,2.0,0.7040647649981882,8,61.0,0.2768924430360086,10,160.0
740.0,5,22.0,0.3728813559322034,8.40789620688236,2,43.0,0.5612035693056148,0,4.0,0.8049109267026958,3,46.0,0.43314919671699736,5,93.0
745.0,8,36.0,0.5538461538461539,9.06550729916616,3,27.0,0.5067182904252981,2,9.0,0.7268132983447776,3,25.0,0.4649907033273365,8,61.0
750.0,2,4.0,0.06349206349206349,7.93465961931154,0,3.0,0.47359118259787,0,7.0,0.612648009541267,2,30.0,0.4380812736900351,2,40.0
755.0,18,55.0,0.9166666666666666,6.28523281552435,5,11.0,0.26003289607906244,5,14.0,0.42202608705811345,8,55.0,0.2655110275226664,18,80.0
760.0,20,81.0,1.4727272727272727,3.595601587560617,1,18.0,0.26365515408516876,10,48.0,0.06957404716498941,9,76.0,0.1608332821638248,20,142.0
765.0,11,49.0,0.9074074074074074,5.6709542711327225,0,4.0,0.6376939218485739,7,75.0,0.3787003343995773,4,54.0,0.24723170840820896,11,133.0
770.0,2,18.0,0.3103448275862069,8.436836125160628,0,2.0,0.760148318490271,0,51.0,0.5715625603766151,2,46.0,0.4705993355167999,2,99.0
775.0,6,13.0,0.21311475409836064,7.701044233642484,1,6.0,0.7970462775524488,4,59.0,0.4233358230430246,1,32.0,0.48529264277424256,6,97.0
780.0,16,68.0,1.096774193548387,6.222842392219169,1,9.0,0.6301226878239808,9,92.0,0.26503542224032867,6,41.0,0.34623723053393396,16,142.0
785.0,21,118.0,2.0701754385964914,4.356459273294999,3,3.0,0.4705412413513601,14,153.0,0.10855738035398303,4,41.0,0.2501892406122769,21,197.0
790.0,21,119.0,2.1636363636363636,4.497764789296521,4,18.0,0.4365905522263618,14,186.0,0.13750830606879672,3,26.0,0.2878038729084714,21,230.0
795.0,11,80.0,1.4285714285714286,6.197818347741555,4,40.0,0.3476977268597796,6,139.0,0.3251712941533265,1,24.0,0.4798173476083293,11,203.0
800.0,10,84.0,1.4736842105263157,7.397844285777748,6,66.0,0.5136205538786787,3,94.0,0.41907331534314574,1,19.0,0.5502250859922343,10,179.0
805.0,14,131.0,2.381818181818182,7.254579191427097,7,97.0,0.4919038487536403,3,69.0,0.4880995069124793,4,31.0,0.45107030802157444,14,197.0
810.0,12,75.0,1.3636363636363635,6.201630844572435,5,80.0,0.3744728896051324,3,54.0,0.523477993357833,4,41.0,0.4358604188897225,12,175.0
815.0,2,6.0,0.10526315789473684,6.5548050910349085,1,31.0,0.3716041872551652,1,29.0,0.41036208398996793,0,30.0,0.5353903528919722,2,90.0
820.0,9,23.0,0.3709677419354839,7.209493103753375,3,30.0,0.2833305379343833,5,39.0,0.5277402317566661,1,8.0,0.6084762529867533,9,77.0
825.0,13,40.0,0.6153846153846154,6.9865179390543695,12,66.0,0.22279022172301788,1,30.0,0.6171637166250451,0,0.0,0.7251231287103136,13,96.0
830.0,12,43.0,0.671875,6.946143908384829,10,89.0,0.32924238844278514,1,6.0,0.5671464967248281,1,2.0,0.656341492432187,12,97.0
835.0,8,23.0,0.3709677419354839,6.97866448572211,5,77.0,0.31057687822072644,2,9.0,0.5285717761573507,1,6.0,0.7189714914666161,8,92.0
840.0,10,32.0,0.5079365079365079,6.101537109278376,3,85.0,0.29793382245504685,5,30.0,0.41727319547506053,2,6.0,0.5050475095876295,10,121.0
845.0,17,74.0,1.15625,6.088726509741055,9,111.0,0.23688325354814793,4,44.0,0.36344822117010334,4,14.0,0.45330563986068345,17,169.0
850.0,17,74.0,1.2758620689655173,4.7241799101916335,12,134.0,0.18063935655085517,0,33.0,0.36844579012781065,5,34.0,0.45961002778309706,17,201.0
855.0,16,95.0,1.5573770491803278,5.55955628039104,10,130.0,0.2600117470421291,0,26.0,0.5433189008047342,6,62.0,0.4095334814000253,16,218.0
860.0,13,44.0,0.6666666666666666,5.334031634202987,5,158.0,0.20716134175292047,3,36.0,0.34491240402392037,5,49.0,0.4944343353350084,13,243.0
865.0,19,81.0,1.173913043478261,5.181479480823734,11,180.0,0.15524380775962107,5,62.0,0.411777837237475,3,28.0,0.4102885486232134,19,270.0
870.0,27,195.0,3.0,4.680311600960749,16,248.0,0.14533347913431072,7,92.0,0.3626795618079742,4,20.0,0.4592548509946537,27,360.0
875.0,29,255.0,3.8636363636363638,3.723070247640912,16,277.0,0.11678595567178304,8,128.0,0.3310540673074002,5,45.0,0.22856968846962955,29,450.0
880.0,24,194.0,2.8529411764705883,4.548796217124789,13,258.0,0.19356788613380735,5,122.0,0.3562784602043113,6,75.0,0.2739054974900137,24,455.0
885.0,19,148.0,2.176470588235294,4.900864037259081,8,277.0,0.2269858298291076,4,82.0,0.44740837438343845,7,107.0,0.34475978951656033,19,466.0
890.0,12,91.0,1.318840579710145,5.989865157430506,8,312.0,0.1953936254587739,2,46.0,0.533848126375943,2,80.0,0.5915506731571234,12,438.0
895.0,11,36.0,0.5454545454545454,4.738924931996635,9,302.0,0.1357551595644245,1,27.0,0.3909642987179566,1,39.0,0.43855999546777624,11,368.0
900.0,16,45.0,0.6818181818181818,4.588622031193744,7,242.0,0.19238988817481115,8,53.0,0.2126259596092996,1,39.0,0.4198654082768047,16,334.0
905.0,14,49.0,0.765625,6.110950672331045,5,147.0,0.29195749080356775,6,68.0,0.36504649105155357,3,53.0,0.47811837682935227,14,268.0
910.0,2,6.0,0.09090909090909091,6.946096328765277,1,139.0,0.33067884912978307,1,42.0,0.565983955260463,0,34.0,0.5951187187501088,2,215.0
915.0,10,34.0,0.5151515151515151,6.39553791454836,6,154.0,0.25517128209764744,2,22.0,0.6070727053716949,2,8.0,0.622115908914239,10,184.0
920.0,12,26.0,0.3939393939393939,4.238952945028023,7,150.0,0.2215373155346717,3,17.0,0.22410096125621545,2,12.0,0.39599318615052603,12,179.0
925.0,16,59.0,0.9076923076923077,4.989682598836248,5,115.0,0.2340277635142324,8,45.0,0.35553199790859036,3,17.0,0.3937423003504844,16,177.0
930.0,9,36.0,0.5294117647058824,6.565698734832896,4,66.0,0.23564453381491807,4,58.0,0.5444853877238858,1,17.0,0.36424214407577515,9,141.0
935.0,10,16.0,0.2318840579710145,6.363988580456552,4,71.0,0.3148006415374092,3,27.0,0.443902834067446,3,11.0,0.563733426041505,10,109.0
940.0,11,46.0,0.647887323943662,5.101249538545035,7,93.0,0.22551917117995143,2,30.0,0.2524628857801625,2,21.0,0.6039483866371773,11,144.0
945.0,15,53.0,0.7464788732394366,4.618194229091968,8,103.0,0.18826777786653534,7,50.0,0.2147062407303234,0,13.0,0.5853504575982539,15,166.0
950.0,10,34.0,0.4722222222222222,5.219268677644725,4,85.0,0.1862359104631148,5,62.0,0.36885430922603796,1,6.0,0.5128182862719753,10,153.0
955.0,8,16.0,0.2191780821917808,5.998362604876086,2,51.0,0.3226804379068946,3,44.0,0.45845215317501314,3,11.0,0.3953961890085276,8,106.0
960.0,9,26.0,0.3333333333333333,6.041127032927415,3,53.0,0.25632758476934797,2,36.0,0.4323458677332831,4,24.0,0.4944788509900964,9,113.0
965.0,19,92.0,1.2105263157894737,4.9323539340136415,7,77.0,0.19593006380001168,6,52.0,0.18547497663385593,6,46.0,0.4711433428782435,19,175.0
970.0,19,113.0,1.486842105263158,3.6257703679973297,7,89.0,0.14116017730542027,5,56.0,0.1635138790670301,7,78.0,0.3271462285832929,19,223.0
975.0,13,39.0,0.5064935064935064,4.766615188479583,4,69.0,0.2489835261131717,3,37.0,0.34509453838010284,6,81.0,0.3708608285532598,13,187.0
980.0,6,13.0,0.16455696202531644,5.705374186167956,2,59.0,0.22720236172657535,2,41.0,0.4039930986447764,2,42.0,0.5414591944059266,6,142.0
985.0,18,66.0,0.7857142857142857,4.942528464302646,6,79.0,0.1372638860558709,7,61.0,0.287577073120215,5,23.0,0.38487744775157073,18,163.0
990.0,25,172.0,2.123456790123457,4.395159906823197,13,130.0,0.09968169132087297,8,96.0,0.30036499253470716,4,39.0,0.4283571750583277,25,265.0
995.0,30,191.0,2.4177215189873418,3.407169093632251,19,208.0,0.05464959676729355,9,102.0,0.298720083131443,2,20.0,0.2828331593072674,30,330.0
1000.0,25,190.0,2.345679012345679,4.826742056711538,17,258.0,0.13471390278193518,4,78.0,0.3925887437146409,4,19.0,0.47554260710179636,25,355.0
1005.0,15,90.0,1.139240506329114,5.848934612932749,11,240.0,0.22135617845519365,2,52.0,0.4728233982854048,2,18.0,0.6007962678230458,15,310.0
1010.0,16,77.0,1.0,6.010862018416322,9,249.0,0.19145618216716592,5,54.0,0.5245241421215366,2,10.0,0.6678485361662813,16,313.0
1015.0,19,116.0,1.5064935064935066,5.553801151768929,13,303.0,0.11009632602058281,5,56.0,0.4778823448249342,1,12.0,0.7468438442281221,19,371.0
1020.0,26,193.0,2.539473684210526,4.934436702449736,18,381.0,0.0890165341666468,6,82.0,0.49131847529582545,2,18.0,0.6152943536895163,26,481.0
1025.0,24,196.0,2.5128205128205128,4.428712754249063,17,413.0,0.13282862264879594,6,112.0,0.35494502382083826,1,1.0,0.5888872258521938,24,526.0
1030.0,15,72.0,0.9,5.355860912885596,10,364.0,0.19744726192028567,2,84.0,0.41880261053631884,3,11.0,0.5407009327186768,15,459.0
1035.0,15,44.0,0.5641025641025641,4.637217869097156,12,393.0,0.10394980656569212,1,21.0,0.4620765186769319,2,14.0,0.36453479214918993,15,428.0
1040.0,20,73.0,0.9240506329113924,4.744418087974096,15,450.0,0.09844306081164417,3,21.0,0.5352927028464649,2,12.0,0.323543954289507,20,483.0
1045.0,15,48.0,0.631578947368421,4.558239064107326,10,451.0,0.13285966676941036,0,17.0,0.690937594834473,5,20.0,0.3593767578925147,15,488.0
1050.0,16,54.0,0.7297297297297297,5.226029693823591,7,382.0,0.20069758941380977,1,4.0,0.6560295783341191,8,47.0,0.4308909338565976,16,433.0
1055.0,17,100.0,1.3157894736842106,4.470563459956972,6,409.0,0.1301861663406959,0,4.0,0.6124323956305875,11,93.0,0.3181397699247359,17,506.0
1060.0,30,199.0,2.4875,3.713858120286671,12,457.0,0.11962535515439478,3,12.0,0.4122949145850307,15,152.0,0.1838068479929743,30,621.0
1065.0,31,298.0,3.7721518987341773,2.5019017023903896,10,451.0,0.09777651291700004,4,30.0,0.1443442341945637,17,230.0,0.18540435234550207,31,711.0
1070.0,27,241.0,2.835294117647059,3.7593873784391696,8,388.0,0.11639259605751427,6,61.0,0.3783189567601217,13,258.0,0.222226488334833,27,707.0
1075.0,22,136.0,1.511111111111111,4.808277857708627,7,395.0,0.13870999902676995,7,93.0,0.4671271321737348,8,187.0,0.2576562641165098,22,675.0
1080.0,15,147.0,1.6333333333333333,5.132561629567079,8,426.0,0.15344435627164735,6,123.0,0.5214029053421155,1,173.0,0.30380437308063835,15,722.0
1085.0,24,112.0,1.2444444444444445,3.9002087313956704,13,484.0,0.10835377620195658,3,96.0,0.2789834419062592,8,190.0,0.2001290039781836,24,770.0
1090.0,35,259.0,2.9431818181818183,3.819034653590447,20,572.0,0.12331610457872003,3,23.0,0.34669036212185234,12,243.0,0.2738587133916816,35,838.0
1095.0,31,228.0,2.590909090909091,3.400301710120829,19,589.0,0.14738402491221492,3,11.0,0.325968714283037,9,234.0,0.273039697284671,31,834.0
1100.0,27,148.0,1.6444444444444444,3.979869523970947,14,508.0,0.1236857536467376,6,30.0,0.49949649046045685,7,164.0,0.2107621581612958,27,702.0
1105.0,27,152.0,1.6344086021505377,5.033040822007752,14,542.0,0.19183057615677918,7,63.0,0.5153837730637612,6,89.0,0.22797551458579432,27,694.0
1110.0,22,98.0,1.0425531914893618,4.41763393438874,15,609.0,0.1376544845328562,1,58.0,0.44404705830601665,6,101.0,0.15977925184434377,22,768.0
1115.0,23,88.0,1.0,3.8403611967639764,15,606.0,0.14776623629918417,1,17.0,0.39530368154418455,7,136.0,0.19579032818717199,23,759.0
1120.0,20,110.0,1.3095238095238095,4.1465282747020575,7,508.0,0.1811944160952613,3,17.0,0.3982956762296506,10,182.0,0.23783435440002199,20,707.0
1125.0,23,173.0,2.011627906976744,3.609401611211229,6,517.0,0.20336683198306466,4,37.0,0.5005974392639874,13,241.0,0.19851767577261895,23,795.0
1130.0,30,249.0,2.7065217391304346,2.9378181922418016,9,558.0,0.15081892781623682,2,29.0,0.3837290012917786,19,322.0,0.12518419283617,30,909.0
1135.0,39,273.0,2.814432989690722,2.5645961666902712,16,622.0,0.11144619112700599,3,12.0,0.27832549922919747,20,354.0,0.05382386277017815,39,988.0
1140.0,33,226.0,2.3541666666666665,3.243374444655243,15,605.0,0.08560987169262162,5,26.0,0.45481171187246555,13,322.0,0.16529630576483204,33,953.0
1145.0,33,217.0,2.2142857142857144,4.442341031791365,15,518.0,0.09035558127894248,4,48.0,0.5687563959501133,14,271.0,0.22878131384242056,33,837.0
1150.0,29,213.0,2.13,4.427098949669068,12,547.0,0.14087883848132435,5,72.0,0.5456563315268418,12,318.0,0.15724785966319918,29,937.0
1155.0,31,227.0,2.316326530612245,4.109503459314751,13,607.0,0.15228901439075948,7,100.0,0.2605529208098374,11,375.0,0.14863902960241662,31,1082.0
1160.0,33,184.0,2.021978021978022,2.867676911479175,16,675.0,0.09183321795667428,7,87.0,0.16731734055800443,10,427.0,0.11361185236906719,33,1189.0
1165.0,29,207.0,2.3793103448275863,3.198606150421874,15,672.0,0.1512471612634643,2,48.0,0.3968935551175909,12,485.0,0.19726347234945948,29,1205.0
1170.0,25,144.0,1.6,3.3711092591610963,11,567.0,0.12277023275236171,2,32.0,0.4007363620949081,12,481.0,0.24875714515757572,25,1080.0
1175.0,29,129.0,1.372340425531915,3.946013226234787,12,569.0,0.09561043383717222,6,52.0,0.45463701213920765,11,386.0,0.20989140554977215,29,1007.0
1180.0,28,125.0,1.3020833333333333,3.8155438159480917,15,634.0,0.08763565552175506,3,50.0,0.46102682407669476,10,363.0,0.1325254159767552,28,1047.0
1185.0,22,96.0,1.032258064516129,3.8793165562675425,11,627.0,0.1533041843897342,3,19.0,0.42442566776494234,8,398.0,0.19462725540099288,22,1044.0
1190.0,18,63.0,0.7078651685393258,4.4466820126001085,8,534.0,0.1553473413862625,1,9.0,0.5109423515926675,9,439.0,0.2386177534631124,18,982.0
1195.0,20,89.0,1.0348837209302326,4.799937691412448,5,414.0,0.21329350781162718,7,28.0,0.379794323497974,8,481.0,0.21329924262760674,20,923.0
1200.0,13,62.0,0.7126436781609196,4.1528392779918635,3,392.0,0.1958212794592633,3,36.0,0.27942680425089705,7,473.0,0.17071038660927318,13,901.0
1205.0,18,59.0,0.6704545454545454,5.01727624271094,9,419.0,0.2250143415406972,1,17.0,0.5185539147986326,8,419.0,0.25087608284065016,18,855.0
1210.0,23,113.0,1.313953488372093,4.484023202587904,14,477.0,0.17603233731478599,2,9.0,0.4728368887100845,7,448.0,0.2526070039794289,23,934.0
1215.0,37,231.0,2.566666666666667,3.3551465436210197,20,567.0,0.1242582301254988,8,30.0,0.19669654715200077,9,489.0,0.17175143436204307,37,1086.0
1220.0,49,430.0,4.831460674157303,1.97015402660241,28,690.0,0.07859782572651942,10,73.0,0.15545669656162084,11,539.0,0.11399372711868223,49,1302.0
1225.0,47,484.0,5.318681318681318,2.189090864961859,26,736.0,0.0726017176246637,10,123.0,0.1859536393346029,11,540.0,0.10682418043313732,47,1399.0
1230.0,45,443.0,4.520408163265306,3.0781468079556893,24,682.0,0.07566709415272226,12,177.0,0.3117478544583351,9,480.0,0.13722210975226132,45,1339.0
1235.0,35,315.0,3.118811881188119,4.039965931231682,22,783.0,0.10946970076967605,4,166.0,0.5100705048765571,9,379.0,0.17836250418808183,35,1328.0
1240.0,31,195.0,1.8932038834951457,4.328564978595608,19,885.0,0.14455351691786394,2,64.0,0.5080682552769382,10,340.0,0.2728010466304538,31,1289.0
1245.0,24,160.0,1.5686274509803921,3.9373613958786224,12,863.0,0.13330200599721354,2,44.0,0.4274259224733613,10,266.0,0.34627074917092177,24,1173.0
1250.0,20,87.0,0.8529411764705882,4.304637831835075,9,731.0,0.15759511596986683,8,67.0,0.39262165640496227,3,263.0,0.38059310488211257,20,1061.0
1255.0,19,70.0,0.6666666666666666,4.728079933765753,9,556.0,0.19061282230206794,5,50.0,0.3784595914701034,5,246.0,0.30365761973301836,19,852.0
1260.0,20,68.0,0.6355140186915887,4.300741326188474,2,557.0,0.1688831687616602,5,41.0,0.3109196963476506,13,283.0,0.2571840453542609,20,881.0
1265.0,19,76.0,0.7102803738317757,4.292343417325569,7,559.0,0.1908657824345861,2,43.0,0.2725014383612853,10,285.0,0.2544181273209633,19,887.0
1270.0,28,147.0,1.4271844660194175,4.573074409260177,12,608.0,0.1583763995727186,6,62.0,0.28485911377561834,10,240.0,0.2753174968614715,28,910.0
1275.0,27,116.0,1.1372549019607843,3.5952524846079994,12,591.0,0.12832746307124787,7,77.0,0.19488651621538863,8,260.0,0.21549415321245344,27,928.0
1280.0,25,95.0,0.9223300970873787,4.42522209837969,10,492.0,0.16965410046090507,3,70.0,0.4116795268061287,12,300.0,0.22805899641638797,25,862.0
1285.0,27,130.0,1.2871287128712872,4.058250349024747,12,469.0,0.15450635863960951,1,51.0,0.4135154322578818,14,366.0,0.2314195110088119,27,886.0
1290.0,31,141.0,1.3428571428571427,3.446151476824827,16,537.0,0.10811480539162951,5,69.0,0.3158216065844649,10,364.0,0.18054759991623892,31,970.0
1295.0,31,150.0,1.4285714285714286,3.539167464116769,11,521.0,0.14075579050132575,10,112.0,0.21169527070393618,10,300.0,0.20801269763845906,31,933.0
1300.0,28,173.0,1.7128712871287128,3.0829007057705455,3,408.0,0.17982641185032133,14,178.0,0.23936363274661415,11,337.0,0.1462760209710596,28,923.0
1305.0,36,290.0,2.7358490566037736,3.3855996486793436,3,275.0,0.18495801001476866,17,258.0,0.21153655129563073,16,405.0,0.1435498096441348,36,938.0
1310.0,39,437.0,4.08411214953271,4.27820909338159,2,193.0,0.27918562350703063,19,347.0,0.2850697704277318,18,492.0,0.12442096265586061,39,1032.0
1315.0,42,595.0,5.891089108910891,3.70824229114856,1,153.0,0.34838573186374455,23,451.0,0.18743517295524392,18,584.0,0.04438446687472305,42,1188.0
1320.0,43,607.0,5.893203883495145,3.1945484982546506,4,167.0,0.32394721121403497,18,479.0,0.0941126274744276,21,678.0,0.06688056783012811,43,1324.0
1325.0,45,448.0,4.392156862745098,3.2705759603383875,11,207.0,0.23871426956677255,16,389.0,0.16476234236116963,18,680.0,0.16598144782000424,45,1276.0
1330.0,40,343.0,3.298076923076923,3.581518800356968,18,279.0,0.21236525542053578,8,432.0,0.214283941632828,14,592.0,0.2574815938679413,40,1303.0
1335.0,45,375.0,3.5046728971962615,3.5713700714540715,23,372.0,0.15228095415569878,8,457.0,0.22239649683132942,14,465.0,0.22888960521572163,45,1294.0
1340.0,49,418.0,3.834862385321101,3.535029795213105,21,407.0,0.12416342716361058,15,514.0,0.1616588145960333,13,402.0,0.19364456548167408,49,1323.0
1345.0,42,382.0,3.537037037037037,3.6072120339003115,15,368.0,0.15710658239429853,21,604.0,0.13985187526926326,6,430.0,0.2613704653896324,42,1402.0
1350.0,45,402.0,3.7222222222222223,3.5198320628591353,16,435.0,0.1136177930332364,25,724.0,0.11007808271549553,4,445.0,0.32225750087610916,45,1604.0
1355.0,47,414.0,4.099009900990099,2.495065469738478,17,509.0,0.08770029576071273,25,742.0,0.022127230184440332,5,424.0,0.2829325263818684,47,1675.0
1360.0,46,357.0,3.5346534653465347,2.5277566086791348,20,603.0,0.09558904475478912,21,660.0,0.12243578017453045,5,372.0,0.25951151785785936,46,1635.0
1365.0,29,215.0,2.0476190476190474,3.0558411917685255,14,601.0,0.16281301393779588,13,725.0,0.14349476357413954,2,372.0,0.3130318609814636,29,1698.0
1370.0,24,121.0,1.1203703703703705,4.262856531579245,7,510.0,0.21005947922659024,13,785.0,0.18592235446802788,4,379.0,0.31711573426435896,24,1674.0
1375.0,33,157.0,1.4537037037037037,3.4136854351020074,9,518.0,0.1742147756536719,16,862.0,0.08878917114594675,8,364.0,0.19633335191595644,33,1744.0
1380.0,36,185.0,1.7289719626168225,2.7614847151747077,12,569.0,0.09003746207475348,15,838.0,0.12199640007246984,9,315.0,0.1656823193873907,36,1722.0
1385.0,35,183.0,1.7102803738317758,3.0599654956647817,18,652.0,0.08331416095266739,12,698.0,0.14421446709333025,5,293.0,0.24011271416291308,35,1643.0
1390.0,28,141.0,1.330188679245283,3.5577195145710947,13,651.0,0.21260268818528838,10,475.0,0.14720620199992324,5,294.0,0.25429265408904844,28,1420.0
1395.0,21,96.0,0.8807339449541285,4.622207881270376,8,541.0,0.24464667792312558,7,473.0,0.3035102310144267,6,309.0,0.2784689349059024,21,1323.0
1400.0,22,109.0,1.028301886792453,4.334050478594292,9,408.0,0.20473598397308812,7,506.0,0.28120495915742605,6,295.0,0.2122975825772349,22,1209.0
1405.0,23,75.0,0.6944444444444444,3.6796314293024657,10,445.0,0.2092819887571393,5,459.0,0.22136783295002868,8,291.0,0.17356281656195263,23,1195.0
1410.0,26,101.0,0.8938053097345132,4.272592220885145,13,491.0,0.20518750676225836,3,332.0,0.2882392019374939,10,251.0,0.1918959642579612,26,1074.0
1415.0,24,125.0,1.1061946902654867,3.9713430193417842,13,561.0,0.1850425840286031,3,310.0,0.21347927886894325,8,273.0,0.24952173749560075,24,1144.0
1420.0,32,223.0,1.9391304347826086,3.8489354931702424,18,634.0,0.13744656428308344,8,338.0,0.15276021802422915,6,278.0,0.2702832807208912,32,1250.0
1425.0,36,276.0,2.4424778761061945,3.566369128012655,15,635.0,0.16122114432303564,14,397.0,0.1608780260509211,7,297.0,0.19274666609890018,36,1329.0
1430.0,45,354.0,3.2777777777777777,3.2134322821115098,10,554.0,0.17264653400042312,20,489.0,0.1395750743626485,15,356.0,0.11621659643863122,45,1399.0
1435.0,60,558.0,4.982142857142857,2.895813493280081,13,466.0,0.1635721751342864,28,614.0,0.09877554637627853,19,436.0,0.07735139051612533,60,1516.0
1440.0,52,511.0,4.603603603603603,2.447335401087632,9,459.0,0.19627931593083064,27,656.0,0.09459096903553195,16,448.0,0.09622411479503044,52,1563.0
1445.0,49,426.0,3.6724137931034484,3.695266221783126,11,503.0,0.2689368824947377,23,606.0,0.1698282052064371,15,388.0,0.19571855738423893,49,1497.0
1450.0,37,291.0,2.5086206896551726,3.5618873310410635,5,477.0,0.2944552383106096,16,645.0,0.11638249707338857,16,453.0,0.2179125962087726,37,1575.0
1455.0,36,233.0,1.9745762711864407,4.114477709333067,7,404.0,0.28105193488948055,15,720.0,0.1809510042206268,14,521.0,0.18720406161598419,36,1645.0
1460.0,28,156.0,1.368421052631579,3.1710683894303275,9,307.0,0.1903314340753935,9,696.0,0.15886507369084504,10,505.0,0.14029677214943825,28,1508.0
1465.0,20,61.0,0.5258620689655172,3.75817336321096,6,320.0,0.2568596841017915,6,564.0,0.192464017269982,8,440.0,0.2099369585582311,20,1324.0
1470.0,18,84.0,0.7,4.675507390158403,7,300.0,0.31091020761421245,5,416.0,0.1891923238564152,6,404.0,0.3162153455539146,18,1120.0
1475.0,22,139.0,1.1680672268907564,4.4185659328427045,5,268.0,0.36143968249783703,8,356.0,0.19477970544500517,9,372.0,0.27647641524973193,22,996.0
1480.0,19,77.0,0.6416666666666667,4.44626217045104,8,214.0,0.33026790111028254,4,303.0,0.2808695085722685,7,379.0,0.25384422353995584,19,896.0
1485.0,19,82.0,0.6612903225806451,4.503479422501879,7,187.0,0.2852466232709737,5,291.0,0.24882753880677108,7,361.0,0.22064901115156213,19,839.0
1490.0,23,101.0,0.7952755905511811,4.179097800041628,8,198.0,0.21020394562844813,7,269.0,0.25499498304516954,8,357.0,0.20772409539313236,23,824.0
1495.0,23,83.0,0.6693548387096774,3.861000360238853,8,197.0,0.2320983028459184,5,218.0,0.2442573283220954,10,324.0,0.24041878901700525,23,739.0
1500.0,29,155.0,1.1923076923076923,4.445087703669714,7,186.0,0.29637550450686145,10,150.0,0.22260953818623946,12,287.0,0.2446719245843458,29,623.0
1505.0,27,219.0,1.6343283582089552,4.593871086200703,9,199.0,0.30448161371341154,8,147.0,0.2723274407189729,10,307.0,0.23000180047885263,27,653.0
1510.0,34,263.0,2.0076335877862594,4.32427277746815,10,203.0,0.22692395991108735,12,193.0,0.3024511883554649,12,307.0,0.20627627525684475,34,703.0
1515.0,39,241.0,1.8257575757575757,3.627137938509255,14,194.0,0.20851825338598437,13,215.0,0.3079749636214708,12,321.0,0.1642583000307005,39,730.0
1520.0,40,207.0,1.5681818181818181,3.7350705502357053,12,245.0,0.1834729767647983,14,205.0,0.3016606301191296,14,315.0,0.15557390337543425,40,765.0
1525.0,41,200.0,1.4705882352941178,3.632762854737018,16,296.0,0.1223799513573584,13,197.0,0.22386554803186565,12,331.0,0.1120189778418739,41,824.0
1530.0,47,251.0,1.9307692307692308,3.32129111293649,20,374.0,0.12612832097826815,15,244.0,0.17038913794284652,12,325.0,0.1520406161012574,47,943.0
1535.0,43,255.0,2.0901639344262297,2.965883673248128,14,409.0,0.1553715957141197,13,249.0,0.1682083349838104,16,328.0,0.1706984487803184,43,986.0
1540.0,32,180.0,1.4516129032258065,3.6851644499173735,9,351.0,0.2397514053158723,7,248.0,0.30355124461678545,16,349.0,0.1659518613006999,32,948.0
1545.0,31,161.0,1.2578125,4.19185326380921,10,287.0,0.2270262597956974,6,228.0,0.3270951887484578,15,320.0,0.14636209817343585,31,835.0
1550.0,36,188.0,1.4461538461538461,4.341810054631283,9,258.0,0.2556160341210988,11,239.0,0.24242817182501414,16,259.0,0.1718715048187255,36,756.0
1555.0,31,122.0,0.9457364341085271,3.8269717133671843,5,259.0,0.27495220409669663,12,213.0,0.16298697872245668,14,294.0,0.19375338664437047,31,766.0
1560.0,35,163.0,1.2635658914728682,4.437979648296824,7,248.0,0.3515363484308244,14,217.0,0.14241000440006787,14,318.0,0.22954339780231375,35,783.0
1565.0,34,246.0,1.9838709677419355,4.629184357517248,8,278.0,0.3921541984399695,13,236.0,0.22030970355008556,13,327.0,0.21149143721972222,34,841.0
1570.0,32,175.0,1.4462809917355373,3.8856013981765254,9,278.0,0.28734565232371323,12,237.0,0.282273102384503,11,302.0,0.139754731188151,32,817.0
1575.0,31,158.0,1.264,4.45290176937128,10,241.0,0.21068561775689462,10,187.0,0.30173395650620494,11,271.0,0.18429494778009503,31,699.0
1580.0,33,251.0,1.9307692307692308,5.109948253022708,10,207.0,0.22460182288525865,14,188.0,0.26350447185187964,9,266.0,0.24579969288419015,33,661.0
1585.0,30,149.0,1.1640625,4.098499308393685,8,221.0,0.19987842568426795,13,221.0,0.19096325885648052,9,245.0,0.1834845826702565,30,687.0
1590.0,32,113.0,0.8968253968253969,4.257106394541816,9,239.0,0.2111301797284945,15,227.0,0.13298851021020094,8,198.0,0.2379554932659404,32,664.0
1595.0,33,178.0,1.5213675213675213,4.649077508509387,13,281.0,0.2447597554907866,14,239.0,0.16995074951926645,6,187.0,0.3134928368988654,33,707.0
1600.0,31,281.0,2.4867256637168142,4.5192244199064575,14,348.0,0.24195846720992528,11,270.0,0.30364885710338385,6,164.0,0.3158032826459385,31,782.0
1605.0,40,331.0,2.7583333333333333,3.556037675441318,22,441.0,0.1322442064075857,10,252.0,0.2727317344566002,8,145.0,0.26071120432434025,40,838.0
1610.0,42,304.0,2.393700787401575,3.660880466875095,23,481.0,0.10709009100033387,10,219.0,0.19070337676607954,9,133.0,0.23042761397717634,42,833.0
1615.0,40,223.0,1.7983870967741935,3.796325000834406,20,446.0,0.14663729579886636,11,214.0,0.18408474763948643,9,137.0,0.17396036996398065,40,797.0
1620.0,35,198.0,1.6638655462184875,3.43616760381146,16,527.0,0.14794118484785365,10,211.0,0.2990832306401091,9,137.0,0.14495856481111974,35,875.0
1625.0,35,185.0,1.4453125,4.102374682487314,19,614.0,0.20731694874668333,8,186.0,0.2724791684275679,8,140.0,0.2209368544490355,35,940.0
1630.0,35,222.0,1.7209302325581395,4.242016582864518,20,708.0,0.21095586253173865,7,144.0,0.2219724644921201,8,138.0,0.23171382134815932,35,990.0
1635.0,48,364.0,2.935483870967742,3.653050542646112,24,815.0,0.11509361876581756,10,155.0,0.29141432610875706,14,176.0,0.24391526589533832,48,1146.0
1640.0,62,616.0,4.775193798449612,3.218215671256865,27,940.0,0.1068701173871272,14,199.0,0.2976035271618896,21,242.0,0.13438723015032336,62,1381.0
1645.0,65,691.0,5.3984375,2.4046870072282003,30,975.0,0.10620060337015039,15,268.0,0.16972376936561892,20,290.0,0.12861696403324382,65,1533.0
1650.0,63,575.0,4.4921875,2.4475051971095985,30,913.0,0.11001470402831919,13,291.0,0.18319847365758396,20,288.0,0.11763749183016488,63,1492.0
1655.0,53,397.0,2.9191176470588234,3.852681207288202,26,1006.0,0.11718983520123732,6,238.0,0.4215889164700777,21,294.0,0.14781808339827401,53,1538.0
1660.0,44,330.0,2.462686567164179,4.9212944639879534,23,1114.0,0.1338028087698115,2,148.0,0.5362775229473327,19,309.0,0.23569254640315082,44,1571.0
1665.0,42,331.0,2.5859375,4.574048310800636,19,1107.0,0.12157541915597381,5,121.0,0.43305461500046094,18,320.0,0.22254534836231663,42,1548.0
1670.0,30,200.0,1.680672268907563,3.923003384363639,11,988.0,0.13349421333223738,9,110.0,0.38209732507556127,10,342.0,0.20550404113444865,30,1440.0
1675.0,30,126.0,1.0161290322580645,4.502619742792847,12,811.0,0.16534012836834103,9,124.0,0.31881494398514676,9,313.0,0.27203528432533647,30,1248.0
1680.0,20,104.0,0.8188976377952756,4.970504436761139,7,840.0,0.19386459987477944,3,97.0,0.340678241878818,10,300.0,0.31523551788582577,20,1237.0
1685.0,29,166.0,1.3495934959349594,4.51145720036051,10,848.0,0.18018494856280184,5,56.0,0.2623639724180265,14,305.0,0.19063708810652155,29,1209.0
1690.0,44,339.0,2.8728813559322033,4.487273723394453,13,879.0,0.20061292954008436,12,90.0,0.10769391984296872,19,368.0,0.15371377501297528,44,1337.0
1695.0,52,523.0,4.711711711711712,3.5291799059336744,20,963.0,0.1375394726089915,10,116.0,0.16225643833610853,22,469.0,0.09374851477058702,52,1548.0
1700.0,57,721.0,6.554545454545455,2.856832787894857,26,1083.0,0.12301606911506348,5,92.0,0.241647633523083,26,588.0,0.1679325239916851,57,1763.0
1705.0,64,830.0,7.345132743362832,2.6577009408177554,33,1237.0,0.09592921367411562,8,67.0,0.19345756359607186,23,623.0,0.20978408208441024,64,1927.0
1710.0,63,791.0,6.647058823529412,2.328061992822503,35,1285.0,0.07455747007720255,11,108.0,0.19022913871995809,17,558.0,0.21334105076781745,63,1951.0
1715.0,68,772.0,6.176,2.5626881257195095,34,1224.0,0.09889163322794571,17,179.0,0.2230745327718804,17,642.0,0.13484833285152212,68,2045.0
1720.0,57,598.0,4.496240601503759,3.0534940345615653,28,1322.0,0.1047638817284439,12,209.0,0.24432090095522718,17,721.0,0.11820231208532973,57,2252.0
1725.0,47,456.0,3.5348837209302326,3.6119368807073684,24,1444.0,0.15163297708006396,8,172.0,0.2395588489463715,15,728.0,0.11184195764561923,47,2344.0
1730.0,37,268.0,2.09375,3.2484997086157295,18,1424.0,0.12393186829382423,7,210.0,0.19717185630502687,12,657.0,0.14258304678375094,37,2291.0
1735.0,34,160.0,1.2903225806451613,3.327988714604147,14,1266.0,0.13251176178298155,10,227.0,0.30154663102542484,10,691.0,0.214595959302007,34,2184.0
1740.0,30,98.0,0.7368421052631579,3.604536402311208,12,1246.0,0.14727676506099138,6,222.0,0.2902400377257408,12,732.0,0.1897687770803143,30,2200.0
1745.0,36,174.0,1.288888888888889,3.9693079129437323,11,1262.0,0.1643965182974204,9,201.0,0.28963132133649294,16,788.0,0.14351391182903797,36,2251.0
1750.0,45,269.0,2.1015625,3.3819478249204122,17,1313.0,0.12637934615751586,10,184.0,0.2585493455193791,18,795.0,0.08096838070263702,45,2292.0
1755.0,48,386.0,3.190082644628099,3.663554638030764,22,1405.0,0.12224757863201104,11,202.0,0.35017824193964464,15,669.0,0.14485023261485325,48,2276.0
1760.0,47,454.0,3.8151260504201683,3.473083368983845,30,1536.0,0.07989104410601643,7,178.0,0.3870169155417729,10,690.0,0.18979696221142953,47,2404.0
1765.0,54,561.0,4.488,3.640035278274472,36,1702.0,0.12051853686743239,7,96.0,0.2698944742593169,11,714.0,0.22444357718999536,54,2512.0
1770.0,56,763.0,6.203252032520325,3.3067729440735594,39,1890.0,0.0610195182793201,7,89.0,0.2883457713980049,10,680.0,0.22976789398462757,56,2659.0
1775.0,50,728.0,6.222222222222222,2.60196321929079,40,1920.0,0.04953422581735469,5,95.0,0.27273980028858114,5,563.0,0.19988988704954327,50,2578.0
1780.0,46,615.0,5.040983606557377,4.0370979258086885,37,1773.0,0.09024725091805508,5,76.0,0.3630591444769628,4,412.0,0.26752074117016267,46,2261.0
1785.0,41,525.0,4.166666666666667,4.274147903397808,31,1460.0,0.1472512888538918,7,85.0,0.33450381970484977,3,395.0,0.24512654118159807,41,1940.0
1790.0,37,423.0,3.411290322580645,4.001630150936085,21,1507.0,0.1591989832750471,8,108.0,0.2995416523595171,8,402.0,0.21538632155278703,37,2017.0
1795.0,37,313.0,2.504,3.604629379794915,16,1576.0,0.1718871863309234,14,165.0,0.19560347052997784,7,384.0,0.2277984476328976,37,2125.0
1800.0,40,246.0,1.968,3.659629536076942,13,1478.0,0.16930455484920479,21,241.0,0.1799214528614466,6,306.0,0.3137939490651448,40,2025.0
1805.0,37,319.0,2.5317460317460316,4.177363993344956,10,1192.0,0.20240604980046661,21,325.0,0.20965993405956973,6,239.0,0.35406672964033153,37,1756.0
1810.0,33,269.0,2.0225563909774436,3.8814908247869506,11,1214.0,0.16221344130702595,17,360.0,0.17013939674669595,5,156.0,0.2864269881175517,33,1730.0
1815.0,27,133.0,0.9779411764705882,3.836163558371305,12,1221.0,0.15135587482250393,10,295.0,0.19515337676691366,5,149.0,0.19614735038467465,27,1665.0
1820.0,25,84.0,0.6461538461538462,3.710160003490366,13,1122.0,0.13934056399067035,5,308.0,0.16765215881598164,7,130.0,0.24480945439097815,25,1560.0
1825.0,34,163.0,1.304,3.581511965167565,12,948.0,0.15854611044952638,11,317.0,0.2092558198737459,11,170.0,0.25096712347158423,34,1435.0
1830.0,44,318.0,2.544,3.8184147803526214,14,688.0,0.15891743653452328,16,350.0,0.1967814788029847,14,233.0,0.24925784114836824,44,1271.0
1835.0,40,262.0,2.096,3.1389559961062248,12,717.0,0.1413111395278768,14,363.0,0.23694460163165898,14,238.0,0.14559584909345114,40,1318.0
1840.0,34,172.0,1.3650793650793651,4.097222703459654,10,702.0,0.17909030927011857,11,311.0,0.2823527782389301,13,198.0,0.16079325843962017,34,1211.0
1845.0,29,136.0,1.088,3.9499254918160216,10,635.0,0.1650696154164089,11,228.0,0.23824345931876312,8,214.0,0.17370402930004922,29,1077.0
1850.0,37,212.0,1.7377049180327868,4.268391153109327,11,499.0,0.15714055835704868,16,203.0,0.25525269273548956,10,253.0,0.1700322481062071,37,955.0
1855.0,32,162.0,1.35,3.660951136744464,7,476.0,0.15048115168737172,15,241.0,0.1677234774113139,10,265.0,0.18531865060145722,32,982.0
1860.0,23,112.0,0.9739130434782609,4.086198582577978,6,454.0,0.1994856882026473,13,239.0,0.21525818360367896,4,241.0,0.2744237203326691,23,934.0
1865.0,23,128.0,1.0847457627118644,4.016628397335013,9,404.0,0.16481764225315446,11,229.0,0.2347635496384062,3,253.0,0.31716272417515234,23,886.0
1870.0,27,113.0,0.9495798319327731,3.996641583226976,13,323.0,0.16818843124871544,9,216.0,0.24233186706026907,5,271.0,0.28486768740315227,27,810.0
1875.0,26,116.0,0.9830508474576272,4.2957601776841825,8,294.0,0.14609053387382587,8,182.0,0.28378500604004997,10,305.0,0.23542249889301095,26,781.0
1880.0,22,95.0,0.8260869565217391,3.6232505480602013,9,291.0,0.15846157449692216,5,152.0,0.18267470877685862,8,307.0,0.09217366068456166,22,750.0
1885.0,23,89.0,0.8090909090909091,4.113024291782046,9,279.0,0.2058843355756958,6,124.0,0.2876511358825432,8,283.0,0.24683256060744171,23,686.0
1890.0,21,56.0,0.5,3.9367758950039757,9,196.0,0.16642210229549262,4,102.0,0.34990942980307166,8,304.0,0.22824983719249856,21,602.0
1895.0,24,121.0,1.0254237288135593,4.753602289018624,7,160.0,0.18881222312642104,7,108.0,0.32156671089238925,10,352.0,0.2368649395911166,24,620.0
1900.0,26,137.0,1.1512605042016806,4.119001548706439,8,160.0,0.2059567065976609,3,99.0,0.2827310714804558,15,417.0,0.09989997549498937,26,676.0
1905.0,24,112.0,1.018181818181818,4.054454186057954,9,160.0,0.2165388691604579,5,70.0,0.26143787058228757,10,429.0,0.1789109034588006,24,659.0
1910.0,32,140.0,1.2173913043478262,3.9533887427661307,14,181.0,0.21839863960756745,8,80.0,0.21540122582324892,10,368.0,0.21864520040320612,32,629.0
1915.0,40,254.0,2.2280701754385963,4.162057306885714,21,253.0,0.16479518283925693,9,98.0,0.2519153712770672,10,291.0,0.20359145150931188,40,642.0
1920.0,38,221.0,1.9557522123893805,3.53566384053847,24,303.0,0.10551031006574355,8,110.0,0.2332285377896256,6,310.0,0.1578928923585318,38,723.0
1925.0,34,166.0,1.537037037037037,4.048950185413875,19,300.0,0.18104559176315427,7,91.0,0.23456554815899638,8,334.0,0.20145316581073583,34,725.0
1930.0,26,118.0,1.1346153846153846,3.9924053891262403,14,261.0,0.16041703659738316,7,90.0,0.2657642597724182,5,322.0,0.2512244067090068,26,673.0
1935.0,22,83.0,0.7757009345794392,4.448572801420053,10,295.0,0.17000571520202676,8,102.0,0.3333743424222478,4,266.0,0.2868942602057824,22,663.0
1940.0,27,147.0,1.3867924528301887,5.232176751197012,13,326.0,0.20011315448100953,12,142.0,0.3202786951347352,2,185.0,0.3458999866767493,27,653.0
1945.0,32,161.0,1.5631067961165048,3.693201522426617,16,394.0,0.1600740490384417,12,157.0,0.14875643084004725,4,176.0,0.15201947061269375,32,727.0
1950.0,33,164.0,1.64,3.587912505700986,16,420.0,0.18193876871436981,11,142.0,0.157630169208348,6,199.0,0.2597457342745611,33,761.0
1955.0,29,147.0,1.4134615384615385,4.298023186281215,13,389.0,0.21716754067887628,11,141.0,0.27462814565425175,5,186.0,0.32451600361039207,29,716.0
1960.0,22,115.0,1.055045871559633,4.747975102673065,10,304.0,0.20830296289097314,8,166.0,0.3104831062042639,4,142.0,0.33948892868732133,22,612.0
1965.0,25,132.0,1.1379310344827587,5.221901107544356,10,273.0,0.24215330480769617,9,183.0,0.34871124788465824,6,119.0,0.2933215640647664,25,575.0
1970.0,20,72.0,0.6206896551724138,4.816241201833916,6,261.0,0.2429369051970531,5,188.0,0.2853948485765977,9,104.0,0.24675252824614294,20,553.0
1975.0,23,135.0,1.1538461538461537,4.603374614002479,9,266.0,0.2566077614106879,5,172.0,0.23555025042113062,9,112.0,0.21927322268518015,23,550.0
1980.0,20,87.0,0.7435897435897436,4.244504374937753,9,270.0,0.28516273617484394,4,165.0,0.17817986549216733,7,120.0,0.2719197641694661,20,555.0
1985.0,24,82.0,0.7130434782608696,4.695051294760278,10,235.0,0.23351827785846332,9,163.0,0.2177220736943168,5,89.0,0.39660262709899713,24,487.0
1990.0,24,109.0,0.923728813559322,4.833267380251138,9,187.0,0.2156432291816061,7,168.0,0.24951073097771323,8,106.0,0.3039724350624258,24,461.0
1995.0,27,159.0,1.3140495867768596,5.099911818642707,10,178.0,0.3257758906651692,7,160.0,0.269962325344316,10,114.0,0.2736525556044527,27,452.0
2000.0,29,144.0,1.170731707317073,4.374683023002996,8,165.0,0.2787310283149518,8,155.0,0.22195514907208902,13,150.0,0.2515356715141744,29,470.0
2005.0,24,107.0,0.84251968503937,4.2980994806017785,7,130.0,0.24880935438924903,10,151.0,0.15353712479114637,7,150.0,0.24969469924164853,24,431.0
2010.0,24,80.0,0.6451612903225806,3.9190666129717986,8,123.0,0.18043743837176923,10,168.0,0.1358281009653091,6,106.0,0.19050327013215146,24,397.0
2015.0,28,84.0,0.711864406779661,3.4941592263742445,9,121.0,0.22145673385238157,10,171.0,0.19361729917474688,9,127.0,0.19754081216606081,28,419.0
2020.0,29,135.0,1.0887096774193548,4.389859987270902,9,122.0,0.352546858996482,9,184.0,0.22046650428704972,11,149.0,0.23081486379475002,29,455.0
2025.0,29,108.0,0.8503937007874016,3.945735513530788,7,124.0,0.2534255274412123,12,191.0,0.16710794781962646,10,162.0,0.225397390057169,29,477.0
2030.0,26,130.0,0.9848484848484849,4.574513498310188,6,80.0,0.23381060852023403,14,232.0,0.13907493325730466,6,139.0,0.20332546124072778,26,451.0
2035.0,38,250.0,2.0833333333333335,4.029416969770444,9,98.0,0.1596624361946871,20,308.0,0.14322144559311872,9,120.0,0.2208666072176134,38,526.0
2040.0,42,320.0,2.807017543859649,3.8326495186489518,7,92.0,0.18751431646246688,22,365.0,0.13322411019332175,13,163.0,0.21843578339937467,42,620.0
2045.0,46,349.0,2.9327731092436973,3.904920316613896,4,78.0,0.3186613760176353,24,383.0,0.13555468873352883,18,241.0,0.17588209311318814,46,702.0
2050.0,43,273.0,2.275,3.7393283800543955,7,69.0,0.38639219232429184,19,464.0,0.10129049308908648,17,276.0,0.16992946836678058,43,809.0
2055.0,36,256.0,2.169491525423729,4.014807616527785,9,104.0,0.29827228952024837,13,505.0,0.1788706397436634,14,251.0,0.13951657788904057,36,860.0
2060.0,35,236.0,2.0,3.7386099672580104,8,106.0,0.17685853265055956,15,561.0,0.15567175088972246,12,285.0,0.17162210818812917,35,952.0
2065.0,42,236.0,2.017094017094017,3.7620602859454397,7,84.0,0.2469652823381541,18,576.0,0.13322024478556352,17,348.0,0.186423150235104,42,1008.0
2070.0,37,185.0,1.5677966101694916,3.5984321220695774,7,94.0,0.2965234206576826,20,534.0,0.09870877757601133,10,380.0,0.24468356382433273,37,1008.0
2075.0,30,131.0,1.1101694915254237,3.9369056594428136,7,125.0,0.2861450223177619,16,571.0,0.17023047152092535,7,355.0,0.25826442772066094,30,1051.0
2080.0,31,149.0,1.2314049586776858,3.639138128712508,10,171.0,0.21757258641033733,17,637.0,0.14406054973435703,4,366.0,0.262055839434079,31,1174.0
2085.0,32,207.0,1.7107438016528926,3.4816879667475056,15,235.0,0.18247831232253758,12,633.0,0.13247014559698744,5,367.0,0.22464985678613708,32,1235.0
2090.0,32,165.0,1.3636363636363635,2.9593090962660358,14,261.0,0.19610154749090258,11,546.0,0.12576890135164848,7,356.0,0.18070898485332781,32,1163.0
2095.0,29,122.0,1.0166666666666666,3.6183385220894935,11,224.0,0.2805166700817683,11,543.0,0.18799058332399768,7,322.0,0.2651680769689327,29,1089.0
2100.0,25,102.0,0.816,3.6411577933549633,10,181.0,0.22539521586130964,9,544.0,0.1648131297466442,6,337.0,0.17928656290577097,25,1062.0
2105.0,34,182.0,1.4444444444444444,4.118819348163123,10,189.0,0.2586175547584065,14,578.0,0.16352629039905667,10,367.0,0.12428378025159802,34,1134.0
2110.0,40,268.0,2.2333333333333334,3.6082712339954677,9,196.0,0.28109527430794423,21,657.0,0.13503124759986448,10,372.0,0.10616852274656417,40,1225.0
2115.0,33,206.0,1.7758620689655173,3.4713006823374792,4,196.0,0.366225721929631,24,667.0,0.10961265483269836,5,321.0,0.182368079796962,33,1184.0
2120.0,30,183.0,1.525,4.341598239893305,5,194.0,0.4138009168485987,21,560.0,0.11016058787218633,4,246.0,0.2698605999296856,30,1000.0
2125.0,41,244.0,1.983739837398374,4.30299522557776,9,220.0,0.3458496241551068,24,479.0,0.13550217579528123,8,268.0,0.2899401955804969,41,967.0
2130.0,42,294.0,2.352,3.6957374334789104,10,268.0,0.2569218517850179,19,559.0,0.1539044224933964,13,317.0,0.2437832693647355,42,1144.0
2135.0,51,408.0,3.2125984251968505,3.297822099287244,17,335.0,0.2217549368824518,16,605.0,0.16616279780397714,18,394.0,0.18325413233605567,51,1334.0
2140.0,51,470.0,3.5606060606060606,3.419586146468962,17,376.0,0.19056841418667628,11,587.0,0.18282201864840056,23,457.0,0.12569439272232538,51,1420.0
2145.0,56,481.0,3.562962962962963,3.0482320360460964,17,370.0,0.21050487269216075,13,501.0,0.1797478989842551,26,530.0,0.14151222397859636,56,1401.0
2150.0,53,411.0,2.8943661971830985,3.4645946639423024,14,436.0,0.23987736799796197,19,424.0,0.15353960849907977,20,582.0,0.16727193792986453,53,1442.0
2155.0,54,391.0,2.734265734265734,3.9047184371541355,19,506.0,0.20859018320603248,19,424.0,0.1830271007015969,16,558.0,0.2056197716178107,54,1488.0
2160.0,43,258.0,1.8297872340425532,3.705041999201909,15,537.0,0.17097113512435821,15,444.0,0.215293397122643,13,547.0,0.22558055338908764,43,1528.0
2165.0,35,161.0,1.2105263157894737,3.8828965733944485,9,496.0,0.20345905238514406,13,433.0,0.26093970122643306,13,516.0,0.19020333188717503,35,1445.0
2170.0,32,130.0,0.9774436090225563,3.5278236305314388,3,459.0,0.19265310841345923,12,429.0,0.23100011825808484,17,476.0,0.16243948677934505,32,1364.0
2175.0,33,135.0,1.007462686567164,3.5808887571458903,8,484.0,0.25192339397628977,12,405.0,0.15183166325910408,13,488.0,0.169151968250346,33,1377.0
2180.0,32,147.0,1.0808823529411764,3.757264653751522,7,470.0,0.18194683111491955,16,370.0,0.11722581405628323,9,441.0,0.23993443518059893,32,1281.0
2185.0,28,194.0,1.4923076923076923,4.672377784036073,5,357.0,0.26738779947410013,18,398.0,0.2466196139799848,5,386.0,0.3037016594855256,28,1141.0
2190.0,31,288.0,2.3225806451612905,4.470459557088553,3,358.0,0.2834044716549842,21,456.0,0.3069817088027255,7,328.0,0.24500458134630634,31,1142.0
2195.0,33,309.0,2.4330708661417324,4.04058427103941,7,382.0,0.14963290025118545,17,469.0,0.2435071272510223,9,292.0,0.2536637572621493,33,1143.0
2200.0,34,240.0,1.889763779527559,3.9141654738103893,8,361.0,0.1201640797518883,15,404.0,0.1898954880212941,11,306.0,0.2616215219874908,34,1071.0
2205.0,19,100.0,0.78125,3.8791540531757454,2,280.0,0.17256067606124878,9,405.0,0.21543326671745683,8,283.0,0.2129018422297128,19,968.0
2210.0,28,74.0,0.5692307692307692,4.177411497606256,5,285.0,0.24459800462079326,13,415.0,0.19618615683122892,10,208.0,0.2543868486790444,28,908.0
2215.0,31,104.0,0.8,3.3269800224935158,9,315.0,0.1347713220452786,13,389.0,0.14513387592921603,9,219.0,0.2345912073801369,31,923.0
2220.0,39,165.0,1.2790697674418605,3.180129890632209,17,374.0,0.1250709277300658,10,271.0,0.16013856204843463,12,216.0,0.18554107216592952,39,861.0
2225.0,34,162.0,1.2461538461538462,3.160715974610961,14,377.0,0.15460423934206405,7,262.0,0.18479376182693466,13,225.0,0.1349521276236831,34,864.0
2230.0,35,133.0,1.023076923076923,3.4083589066119298,14,329.0,0.17939555959763134,11,231.0,0.1686710760305664,10,201.0,0.1942118095226624,35,761.0
2235.0,30,117.0,0.9,3.412907633066938,12,352.0,0.13408041270206447,8,214.0,0.23266077515005226,10,212.0,0.22133715090765155,30,778.0
2240.0,32,115.0,0.8712121212121212,3.940956839510733,15,405.0,0.12966394344257512,5,148.0,0.3245582975128848,12,184.0,0.1698133242986121,32,737.0
2245.0,39,191.0,1.4692307692307693,4.125320196193107,18,489.0,0.1204705575955704,11,131.0,0.3036184538803047,10,189.0,0.19671345832280762,39,809.0
2250.0,36,177.0,1.3937007874015748,3.2833446618429063,15,505.0,0.10867956022787661,11,144.0,0.1278098974167525,10,183.0,0.17365292610712874,36,832.0
2255.0,37,132.0,1.0393700787401574,3.377800197325327,14,446.0,0.17655099559339782,11,130.0,0.16901004370415043,12,194.0,0.1666265012062487,37,770.0
2260.0,27,119.0,0.9596774193548387,4.233193957538519,13,347.0,0.1820427152008754,3,137.0,0.37913281951343075,11,186.0,0.21192409204093055,27,670.0
2265.0,23,90.0,0.72,4.2638967393499385,8,379.0,0.1630389294341199,7,137.0,0.3657347309756971,8,182.0,0.17425670571620436,23,698.0
2270.0,32,140.0,1.1382113821138211,4.040421248276067,12,406.0,0.17050666274275392,11,180.0,0.19222414111115035,9,176.0,0.15138786184393557,32,762.0
2275.0,35,202.0,1.7565217391304349,2.912886854555277,9,392.0,0.16411952743434416,17,253.0,0.09319412074045676,9,189.0,0.11689550158295425,35,834.0
2280.0,32,187.0,1.7314814814814814,2.971388147190032,8,330.0,0.16523112818823563,16,292.0,0.2266540993205005,8,176.0,0.1448268308483249,32,798.0
2285.0,24,129.0,1.1415929203539823,4.067408641911634,5,246.0,0.2597902357910454,9,253.0,0.2897461718052192,10,182.0,0.16680807281494794,24,681.0
2290.0,22,130.0,1.1016949152542372,4.627927981270793,5,200.0,0.281088829903646,7,258.0,0.2671925509868607,10,164.0,0.1677950972613368,22,622.0
2295.0,22,126.0,1.105263157894737,3.74433743676405,6,174.0,0.30020046429596553,8,299.0,0.17163168720918068,8,170.0,0.12394955572167232,22,643.0
2300.0,21,141.0,1.2589285714285714,4.587525863533598,7,139.0,0.36985867217877116,7,290.0,0.24457368716222255,7,142.0,0.15830204807965328,21,571.0
2305.0,17,45.0,0.40540540540540543,4.240098134828113,4,111.0,0.4391246413685926,5,207.0,0.16386673111202724,8,166.0,0.14992346951790067,17,484.0
2310.0,20,67.0,0.5826086956521739,4.963499408989093,5,65.0,0.41319890843100426,3,134.0,0.22784957388047689,12,193.0,0.21517444134856747,20,392.0
2315.0,17,50.0,0.45454545454545453,4.94800094934262,5,68.0,0.36994632500369784,2,85.0,0.36743954313908134,10,197.0,0.1954484216553701,17,350.0
2320.0,16,58.0,0.5370370370370371,4.364568449309213,6,53.0,0.27180519302062967,2,80.0,0.3326753276148571,8,173.0,0.2016734318078102,16,306.0
2325.0,22,100.0,0.8771929824561403,4.94831475660238,5,52.0,0.23794309524964138,6,101.0,0.314328893782017,11,189.0,0.2561389082073544,22,342.0
2330.0,25,110.0,0.9649122807017544,4.51114823316602,10,62.0,0.20985005165166282,6,104.0,0.3038853054230199,9,194.0,0.17580269896587328,25,360.0
2335.0,21,72.0,0.6486486486486487,4.300260472673373,10,87.0,0.20810029693714419,4,76.0,0.23419040097785054,7,192.0,0.1798691183215694,21,355.0
2340.0,16,46.0,0.4339622641509434,4.318350126571231,7,86.0,0.27589752188842187,3,81.0,0.25305736168054693,6,185.0,0.23351378415067794,16,352.0
2345.0,19,52.0,0.48598130841121495,4.368562839580809,6,91.0,0.2700184933811257,9,112.0,0.26215687436587126,4,160.0,0.22118681838008353,19,363.0
2350.0,25,81.0,0.7168141592920354,4.285320058366137,9,123.0,0.20806751783049596,11,129.0,0.22654756284036093,5,134.0,0.2150706668135313,25,386.0
2355.0,24,121.0,1.1,4.382902470956118,13,184.0,0.18140700537786222,6,121.0,0.17332267606679624,5,114.0,0.2815865636978774,24,419.0
2360.0,24,118.0,1.0727272727272728,4.437581734346011,15,217.0,0.20112710618727409,5,89.0,0.24427674044319786,4,98.0,0.2811500598755051,24,404.0
2365.0,21,70.0,0.6542056074766355,4.561600009163767,12,206.0,0.23425033056427444,2,84.0,0.397048211360729,7,86.0,0.2630496827836872,21,376.0
2370.0,25,115.0,1.0,4.685504258460925,9,206.0,0.19436969918746996,8,103.0,0.3222270060205743,8,96.0,0.2594334576267841,25,405.0
2375.0,32,157.0,1.3305084745762712,4.010343603293549,10,242.0,0.1621128657701196,14,159.0,0.1991158414784394,8,95.0,0.1717049916910684,32,496.0
2380.0,41,242.0,2.18018018018018,3.274142853935233,12,260.0,0.11912954665004177,20,247.0,0.04377628611472687,9,92.0,0.17115804034678359,41,599.0
2385.0,34,269.0,2.5865384615384617,3.4838618514439896,6,208.0,0.12821308691991398,19,300.0,0.14978988309130978,9,106.0,0.2112531089321878,34,614.0
2390.0,29,240.0,2.4,4.030964618653412,5,210.0,0.26695176718570596,11,277.0,0.23596845028713123,13,158.0,0.20092943886173237,29,645.0
2395.0,29,260.0,2.5242718446601944,4.197776614672885,7,218.0,0.2656585585747972,6,206.0,0.24089845774880045,16,226.0,0.1695638962314513,29,650.0
2400.0,36,387.0,3.9489795918367347,4.47860920835182,12,256.0,0.2588232392919768,4,167.0,0.39940484423178113,20,311.0,0.16529505281001713,36,734.0
2405.0,35,319.0,3.2222222222222223,3.541820321424739,10,260.0,0.20771410191507064,7,125.0,0.348562005746885,18,341.0,0.1868899871722715,35,726.0
2410.0,25,188.0,1.898989898989899,4.106666333478667,6,217.0,0.18036485122249946,4,112.0,0.4293413689312883,15,294.0,0.2001234155555952,25,623.0
2415.0,28,166.0,1.6116504854368932,4.557371523053367,4,138.0,0.17631900065804065,6,91.0,0.4620692255843355,18,372.0,0.11091381653390976,28,601.0
2420.0,27,174.0,1.7227722772277227,4.170374198939176,4,143.0,0.21540482886963916,5,78.0,0.37706251974966615,18,459.0,0.07965904814111129,27,680.0
2425.0,35,238.0,2.4791666666666665,3.40605708459922,8,178.0,0.21224803580735294,6,69.0,0.2468325460389807,21,561.0,0.1229924446137756,35,808.0
2430.0,34,239.0,2.5698924731182795,2.994932196302297,15,241.0,0.20777252328940563,3,71.0,0.24770390620487773,16,587.0,0.1323574328696483,34,899.0
2435.0,31,156.0,1.6082474226804124,3.32799265918388,15,270.0,0.12627142904314992,6,70.0,0.3703938292623469,10,536.0,0.15044861986926178,31,876.0
2440.0,28,154.0,1.54,4.83194482995371,14,233.0,0.15962446493186933,8,96.0,0.4545476121890865,6,433.0,0.23717805377077916,28,762.0
2445.0,29,139.0,1.3495145631067962,4.599882129256882,13,279.0,0.14970248593347507,7,109.0,0.4361652062022904,9,389.0,0.2381434580904426,29,777.0
2450.0,26,128.0,1.28,4.935928790729707,10,332.0,0.13414962118864968,5,88.0,0.4273339053265892,11,355.0,0.2611411350271364,26,775.0
2455.0,22,145.0,1.5425531914893618,5.218438654345481,11,345.0,0.1531861482521047,4,68.0,0.4910894216093973,7,343.0,0.3624777867880285,22,756.0
2460.0,14,88.0,0.946236559139785,5.800739501852129,5,291.0,0.20159604220825447,4,61.0,0.586374171058799,5,312.0,0.49563618172761004,14,664.0
2465.0,16,95.0,1.0,5.595055685303268,6,296.0,0.22683429620888865,5,76.0,0.5576409926706325,5,300.0,0.4320346503623859,16,672.0
2470.0,19,68.0,0.7010309278350515,3.8746145564730927,9,334.0,0.12849248965594248,3,57.0,0.3240579787546191,7,289.0,0.2491584033166742,19,680.0
2475.0,24,135.0,1.3775510204081634,4.337849488484451,14,395.0,0.0849125588273477,5,37.0,0.3305920274102276,5,248.0,0.26737516317602045,24,680.0
2480.0,29,214.0,2.2291666666666665,3.533902424724539,21,484.0,0.06924772130264271,4,50.0,0.3628934088506507,4,224.0,0.25997522417302354,29,758.0
2485.0,34,238.0,2.5052631578947366,3.6997411981998054,22,517.0,0.12091419984129295,4,46.0,0.4097681188982284,8,222.0,0.2604319337095822,34,785.0
2490.0,31,186.0,1.9578947368421054,3.49692128417072,21,475.0,0.10354251496841799,2,39.0,0.3063567651416766,8,211.0,0.2710852967377355,31,725.0
2495.0,29,160.0,1.6842105263157894,4.895216748104145,18,395.0,0.15285978979835493,5,41.0,0.523913774281249,6,149.0,0.2177714895949197,29,585.0
2500.0,21,106.0,1.1041666666666667,5.183537025331044,14,463.0,0.1630735983278883,3,34.0,0.5616803157330665,4,157.0,0.25655067119037217,21,654.0
2505.0,22,110.0,1.1702127659574468,5.123126783032273,14,535.0,0.21389583108466192,0,15.0,0.556066903925567,8,171.0,0.23431114681842108,22,721.0
2510.0,21,85.0,0.9444444444444444,4.398591695244123,11,534.0,0.16607362761170016,0,2.0,0.5139450108114407,10,161.0,0.27032596274296344,21,697.0
2515.0,14,43.0,0.48863636363636365,4.976113988456258,6,460.0,0.22347873486314837,2,9.0,0.6391080834078164,6,114.0,0.2952814062605533,14,583.0
2520.0,13,47.0,0.5222222222222223,4.7175081138001635,5,354.0,0.19459845023223515,2,19.0,0.6984794980707456,6,101.0,0.18728993826744408,13,474.0
2525.0,15,72.0,0.7272727272727273,5.446510912326489,4,297.0,0.25235763564833347,1,4.0,0.7167310938065783,10,134.0,0.16899067663529843,15,435.0
2530.0,15,48.0,0.48484848484848486,4.991055259890715,1,264.0,0.2678002260404618,3,10.0,0.5016608907562043,11,145.0,0.17532781063265476,15,419.0
2535.0,22,77.0,0.8105263157894737,4.793281018868447,8,278.0,0.25380390318765433,7,37.0,0.3201397540084469,7,110.0,0.15885160496750705,22,425.0
2540.0,23,127.0,1.3804347826086956,4.401372534459279,14,328.0,0.1679142463940212,4,50.0,0.3118423815441402,5,89.0,0.24141400633583995,23,467.0
2545.0,21,88.0,0.9361702127659575,4.600748064780869,14,343.0,0.1902873395010796,2,36.0,0.502423208270136,5,91.0,0.2665303873798188,21,470.0
2550.0,20,81.0,0.826530612244898,5.110648842164669,10,289.0,0.23477711209112773,2,25.0,0.47815991249814116,8,94.0,0.24938200648303369,20,408.0
2555.0,21,77.0,0.7777777777777778,4.277680782197778,7,304.0,0.16875391514873755,7,49.0,0.3148188188563379,7,108.0,0.17403792622768932,21,461.0
2560.0,27,127.0,1.2959183673469388,4.076317507506914,11,347.0,0.13532851218848252,11,97.0,0.2828342218702114,5,89.0,0.2350416112508022,27,533.0
2565.0,28,140.0,1.4141414141414141,3.830371202193388,17,419.0,0.08764664329825285,7,109.0,0.3105863120041157,4,63.0,0.2594040483934925,28,591.0
2570.0,29,200.0,1.9801980198019802,3.9159543519742193,21,521.0,0.11597359748793602,2,63.0,0.29066352326229705,6,85.0,0.25725219524868004,29,669.0
2575.0,38,261.0,2.6363636363636362,3.564982860201024,21,543.0,0.1604302531385094,4,70.0,0.23585201240391077,13,138.0,0.18105829942580198,38,751.0
2580.0,46,316.0,3.2916666666666665,2.7764885800962453,19,461.0,0.10942489041844966,10,107.0,0.20061105460584427,17,212.0,0.1048031457180013,46,780.0
2585.0,43,414.0,4.3125,2.734696538886739,10,503.0,0.11976412596576222,11,159.0,0.27190702507211956,22,313.0,0.09817962574029294,43,975.0
2590.0,49,501.0,5.112244897959184,2.942874227494596,15,562.0,0.1291046023403838,6,148.0,0.23802175648525756,28,438.0,0.05010309998874972,49,1148.0
2595.0,48,632.0,6.652631578947369,2.661099889866222,18,650.0,0.15413908385091518,1,72.0,0.26978684101455913,29,579.0,0.08198946519346753,48,1301.0
2600.0,55,857.0,9.315217391304348,2.8433472808186355,21,750.0,0.18596476615445579,2,24.0,0.4018944404919442,32,732.0,0.1327445880542463,55,1506.0
2605.0,54,807.0,8.40625,2.2113799817464432,19,756.0,0.14700834121180295,4,27.0,0.2513580715145065,31,802.0,0.1112398702277097,54,1585.0
2610.0,48,572.0,5.607843137254902,2.7706962364497367,17,661.0,0.09936446632169792,6,50.0,0.38189855694874913,25,770.0,0.09973215717863501,48,1481.0
2615.0,35,419.0,4.148514851485149,3.7824382130209155,16,732.0,0.08309666702227278,0,33.0,0.5664537880444357,19,651.0,0.15882766079989347,35,1416.0
2620.0,26,322.0,3.156862745098039,4.402642450967536,15,807.0,0.09640616632703931,0,2.0,0.7161095615626641,11,714.0,0.18174920907237516,26,1523.0
2625.0,34,283.0,2.9789473684210526,4.06722056103843,21,902.0,0.1068083089936867,1,4.0,0.6425752682355439,12,764.0,0.1909636724643175,34,1670.0
2630.0,33,262.0,2.977272727272727,2.8662354624482806,22,1011.0,0.12324066775945032,3,11.0,0.1727596313468387,8,735.0,0.17862079924741106,33,1757.0
2635.0,29,219.0,2.5172413793103448,2.712241787342759,22,1006.0,0.08636485586781525,2,5.0,0.4930610028004735,5,615.0,0.18810094086477366,29,1626.0
2640.0,27,191.0,2.053763440860215,4.359333176981458,23,905.0,0.09021087513400355,2,10.0,0.6963070596426396,2,489.0,0.25494002167470814,27,1404.0
2645.0,22,151.0,1.556701030927835,5.140686869391742,19,738.0,0.139027532651002,0,4.0,0.7611348812779257,3,488.0,0.25111208593797485,22,1230.0
2650.0,23,123.0,1.28125,4.402717122053802,13,796.0,0.19430641286393666,2,4.0,0.6080829352066296,8,517.0,0.12329046527966497,23,1317.0
2655.0,34,185.0,1.989247311827957,3.9084103978004436,14,866.0,0.15403167516279692,4,16.0,0.5004941380027405,16,583.0,0.14770012229225485,34,1465.0
2660.0,27,175.0,1.9444444444444444,3.1936357511574562,9,829.0,0.15586639642421155,5,39.0,0.21414994244432276,13,585.0,0.1998242464649646,27,1453.0
2665.0,18,66.0,0.7252747252747253,4.037892869303164,6,690.0,0.19471709427517114,5,47.0,0.3444915977301514,7,495.0,0.203461663594342,18,1232.0
2670.0,16,67.0,0.7127659574468085,5.39985536261732,4,481.0,0.18301283423311993,5,44.0,0.5289689704451385,7,344.0,0.22040733599045248,16,869.0
2675.0,14,79.0,0.8061224489795918,6.016362474990747,2,362.0,0.2617175655085328,5,51.0,0.6392273780490422,7,372.0,0.17944348269037036,14,785.0
2680.0,15,59.0,0.6210526315789474,5.631450548777585,1,217.0,0.38843332453839435,2,37.0,0.4105499700132013,12,417.0,0.12816397984121689,15,671.0
2685.0,11,65.0,0.7647058823529411,6.024035155566684,2,131.0,0.47806080610658236,2,10.0,0.41214557159208715,7,406.0,0.24122912110625222,11,547.0
2690.0,4,5.0,0.05952380952380952,6.189480642535634,0,94.0,0.45137864245802656,2,2.0,0.348109689393409,2,305.0,0.32822214225947827,4,401.0
2695.0,16,50.0,0.6024096385542169,5.398594441815828,6,112.0,0.3066020845950064,7,26.0,0.26772282961778027,3,264.0,0.2575174786075763,16,402.0
2700.0,27,118.0,1.475,3.6208066383892152,8,117.0,0.15949498838753623,12,73.0,0.08118414729775754,7,292.0,0.20200278420410897,27,482.0
2705.0,25,163.0,2.08974358974359,2.985508865439539,2,73.0,0.17777295539348442,19,154.0,0.09370198692987126,4,257.0,0.13661430041837289,25,484.0
2710.0,20,151.0,1.8875,3.8913779735110454,3,83.0,0.2113081834652403,14,206.0,0.22762513043062585,3,161.0,0.2047037683696491,20,450.0
2715.0,20,109.0,1.345679012345679,4.478035681027907,9,121.0,0.22384972561087538,8,188.0,0.2683947561795622,3,112.0,0.24693243041710858,20,421.0
2720.0,23,161.0,1.9166666666666667,4.931608613366024,14,182.0,0.24107016239246876,4,143.0,0.38893387354180753,5,96.0,0.33364811076539813,23,421.0
2725.0,24,219.0,2.5172413793103448,5.147463600598634,18,260.0,0.22812301106636756,3,86.0,0.4739769316564467,3,98.0,0.38524217504712815,24,444.0
2730.0,28,231.0,2.595505617977528,4.839836146455501,18,296.0,0.207032626029334,5,68.0,0.44721200873667327,5,93.0,0.34812020218879525,28,457.0
2735.0,30,197.0,2.188888888888889,4.451027561799351,14,258.0,0.17239398697887318,8,90.0,0.3320644312662552,8,105.0,0.31832704573342163,30,453.0
2740.0,19,111.0,1.1935483870967742,4.665149906875136,11,220.0,0.20686977790006278,2,72.0,0.45555154894215555,6,91.0,0.2537185536709777,19,383.0
2745.0,16,81.0,0.84375,5.7244515048617854,8,238.0,0.20301634110608438,2,29.0,0.6041757145408881,6,90.0,0.25063796703247976,16,357.0
2750.0,15,95.0,1.021505376344086,5.497737159773928,10,282.0,0.15416730148753005,2,18.0,0.5727174025957592,3,79.0,0.27221099645320074,15,379.0
2755.0,18,82.0,0.9425287356321839,4.268920120354119,15,346.0,0.1527345241329083,1,7.0,0.4524103677508403,2,53.0,0.252272560673012,18,406.0
2760.0,30,194.0,2.3373493975903616,4.313259166794107,20,433.0,0.14264375775902974,1,3.0,0.5734346192616683,9,63.0,0.28799938735396685,30,499.0
2765.0,29,204.0,2.4878048780487805,3.600086915479212,19,477.0,0.13144319025946738,2,6.0,0.42035841533872187,8,88.0,0.2965366404370971,29,571.0
2770.0,25,118.0,1.372093023255814,3.9371320943158774,19,461.0,0.11713451006585483,2,5.0,0.562511664745424,4,68.0,0.2655437328759749,25,534.0
2775.0,22,106.0,1.2045454545454546,5.490151812313803,18,403.0,0.1241951328237383,1,10.0,0.7850917823070211,3,29.0,0.26824299735373774,22,442.0
2780.0,18,110.0,1.264367816091954,6.227374609410027,14,379.0,0.21870349132600278,1,15.0,0.773317273390666,3,37.0,0.2546986057693851,18,431.0
2785.0,18,83.0,0.9880952380952381,5.2642908909031805,8,387.0,0.26355358585360933,3,24.0,0.5092128764032964,7,62.0,0.156409064197618,18,473.0
2790.0,27,155.0,1.8902439024390243,4.230840896526394,7,414.0,0.27078844229771204,8,51.0,0.21418325775299954,12,113.0,0.17819744752963473,27,578.0
2795.0,29,176.0,2.2,3.385212096401993,7,396.0,0.24144743906064706,13,101.0,0.08451351852266198,9,132.0,0.16671774630303293,29,629.0
2800.0,17,83.0,1.0246913580246915,4.069256337032165,2,315.0,0.21630892269292434,9,116.0,0.3219632680624078,6,105.0,0.15643525073203446,17,536.0
2805.0,11,32.0,0.38095238095238093,5.404013652087256,3,324.0,0.2319567435850599,2,84.0,0.5502779707413571,6,91.0,0.2524172782056716,11,499.0
2810.0,16,50.0,0.5747126436781609,4.4384232800218095,8,352.0,0.15891511810012374,3,82.0,0.34824121691213805,5,95.0,0.27061645997787204,16,529.0
2815.0,29,144.0,1.7349397590361446,3.0714432905973155,15,407.0,0.07506813432522268,8,112.0,0.13544776179589532,6,123.0,0.22862126231363367,29,642.0
2820.0,34,195.0,2.4683544303797467,1.7578432911180513,14,411.0,0.07879549912404113,15,172.0,0.009225802502058865,5,131.0,0.1813628845663078,34,714.0
2825.0,30,229.0,2.792682926829268,3.4203462598229573,12,347.0,0.1355257025957189,17,256.0,0.18694506945242806,1,112.0,0.23604803726862342,30,715.0
2830.0,22,169.0,1.9651162790697674,4.034333220215131,9,385.0,0.15688705711495674,11,270.0,0.3132279480361739,2,82.0,0.24261662076769727,22,737.0
2835.0,19,80.0,0.898876404494382,3.858390319138594,13,439.0,0.12568819278513493,5,191.0,0.2780901241466776,1,82.0,0.2905681222685201,19,712.0
2840.0,27,131.0,1.5411764705882354,3.1712672515913005,18,517.0,0.08357919499861502,5,209.0,0.1735844976772264,4,95.0,0.312379340608182,27,821.0
2845.0,33,254.0,2.9195402298850577,2.578210547988709,20,616.0,0.06668287399775769,9,244.0,0.10505289749063176,4,99.0,0.2547057919575758,33,959.0
2850.0,31,235.0,2.7011494252873565,2.9373475978483485,19,622.0,0.08396784487008607,10,236.0,0.20082579666637013,2,83.0,0.22050522008860668,31,941.0
2855.0,19,120.0,1.3636363636363635,3.8667986973509176,14,535.0,0.15085415234789964,4,161.0,0.3380303583634227,1,70.0,0.28631954937940074,19,766.0
2860.0,15,77.0,0.8369565217391305,5.197457715041486,9,374.0,0.24527907382732456,2,74.0,0.3891285751280331,4,82.0,0.27808109206956566,15,530.0
2865.0,15,86.0,0.9555555555555556,5.9731321802040815,10,292.0,0.336337485744116,2,50.0,0.5364472052281033,3,81.0,0.2614751150647212,15,423.0
2870.0,11,77.0,0.8953488372093024,6.42887310973905,7,221.0,0.4011053473590546,2,40.0,0.5295362101698484,2,58.0,0.3077790916489181,11,319.0
2875.0,11,47.0,0.5402298850574713,6.259232870604583,3,217.0,0.34798680781156804,6,54.0,0.4639741123777103,2,34.0,0.2698782430424924,11,305.0
2880.0,18,90.0,1.0465116279069768,4.761306689888071,6,218.0,0.2568951708414553,11,96.0,0.22178319037395455,1,23.0,0.2809744782318875,18,337.0
2885.0,24,91.0,1.1097560975609757,3.3864879069566265,8,225.0,0.1821895673227616,10,116.0,0.08216361548486849,6,41.0,0.2200349934949105,24,382.0
2890.0,20,87.0,1.1012658227848102,3.806922411245333,3,191.0,0.24804254942549722,7,105.0,0.2012092644322835,10,81.0,0.19930420622552233,20,377.0
2895.0,19,134.0,1.6341463414634145,5.054393240669732,4,196.0,0.30662200894019853,2,80.0,0.37096600494804854,13,142.0,0.25000817586113755,19,418.0
2900.0,20,133.0,1.6024096385542168,5.122832664240624,8,227.0,0.2970390789457124,2,45.0,0.49753111890222196,10,163.0,0.256723982972423,20,435.0
2905.0,26,167.0,2.0120481927710845,4.733383835981404,14,282.0,0.24096721918245326,3,30.0,0.5278313348321914,9,148.0,0.27970904241792277,26,460.0
2910.0,30,225.0,2.6470588235294117,4.348942499645887,21,368.0,0.15788282636011433,0,19.0,0.5547613297373419,9,134.0,0.2927917020204602,30,521.0
2915.0,37,336.0,3.8181818181818183,3.715530949416834,25,482.0,0.062283647002998266,2,23.0,0.5170540615140268,10,175.0,0.1980708499229744,37,680.0
2920.0,42,352.0,4.0,2.8204828990052055,26,547.0,0.06716922857843355,2,23.0,0.41131880612173477,14,234.0,0.12298688466283854,42,804.0
2925.0,35,294.0,3.4186046511627906,2.970059677204044,22,525.0,0.14215043155058035,0,8.0,0.3578874975762066,13,302.0,0.12399507339640733,35,835.0
2930.0,38,342.0,3.8863636363636362,3.7743758823356726,17,441.0,0.12725572954335593,3,14.0,0.4974248478112351,18,386.0,0.1146352440196012,38,841.0
2935.0,34,300.0,3.3707865168539324,3.892806190026042,13,502.0,0.17211380679612198,5,34.0,0.43349259086792247,16,425.0,0.09258285210308549,34,961.0
2940.0,28,186.0,2.1882352941176473,3.6870315647759138,13,559.0,0.15015164023895067,3,40.0,0.4856903840864348,12,394.0,0.10731295465211653,28,993.0
2945.0,21,128.0,1.5421686746987953,4.63606097226118,10,551.0,0.1948550604048631,2,26.0,0.5775247880838138,9,312.0,0.21693896438146912,21,889.0
2950.0,18,78.0,0.9176470588235294,5.4910563768337575,4,457.0,0.25436553552284613,4,22.0,0.5668030883064131,10,282.0,0.27890431507832686,18,761.0
2955.0,16,103.0,1.1444444444444444,5.958838926564181,3,416.0,0.1836729066840256,5,40.0,0.5415497159620194,8,253.0,0.35960456518555045,16,709.0
2960.0,12,37.0,0.43529411764705883,4.923904579550826,7,441.0,0.1696490226080321,2,34.0,0.3774482716058532,3,255.0,0.2910774957522964,12,730.0
2965.0,14,41.0,0.5061728395061729,4.613452793600832,7,409.0,0.18552544412318706,2,14.0,0.2845352504306599,5,256.0,0.3445514383025726,14,679.0
2970.0,15,66.0,0.825,4.572827479461145,4,286.0,0.22965945917253464,4,16.0,0.32480607985483756,7,288.0,0.2889662891995184,15,590.0
2975.0,21,145.0,1.7261904761904763,4.5027407764487695,1,209.0,0.2689772781424996,8,46.0,0.3550389550058983,12,337.0,0.10537991534491654,21,592.0
2980.0,19,123.0,1.4137931034482758,4.717051696915969,1,133.0,0.2725478010324674,6,61.0,0.3301766353436188,12,340.0,0.19480889615257377,19,534.0
2985.0,19,119.0,1.367816091954023,6.064736079862323,4,108.0,0.4134777482525794,5,57.0,0.39100021503487997,10,304.0,0.3183761952221337,19,469.0
2990.0,15,115.0,1.3068181818181819,7.081289178547291,3,88.0,0.5728328275230123,4,53.0,0.45762373379918664,8,303.0,0.3156371307877159,15,444.0
2995.0,9,24.0,0.27586206896551724,6.516023994142102,1,46.0,0.5749698497164311,2,50.0,0.3453453236983419,6,331.0,0.30703512128139127,9,427.0
3000.0,25,93.0,1.1204819277108433,4.701542827005834,6,54.0,0.3171866191937058,9,50.0,0.16111278679433594,10,372.0,0.15984209329370996,25,476.0
3005.0,24,98.0,1.240506329113924,2.678957829933426,7,60.0,0.08895874642617015,8,77.0,0.11474651881033046,9,367.0,0.10377872325424052,24,504.0
3010.0,11,43.0,0.589041095890411,4.9023841978243405,2,40.0,0.3522733654365383,3,57.0,0.3751592477432326,6,308.0,0.2358373659885093,11,405.0
3015.0,13,38.0,0.4810126582278481,6.164173847908306,5,47.0,0.3514428773031192,2,39.0,0.4632033345777137,6,213.0,0.3105732046867913,13,299.0
3020.0,15,71.0,0.8658536585365854,6.786667428390036,11,86.0,0.36937810064074783,2,30.0,0.548837169395905,2,170.0,0.3880815397082153,15,286.0
3025.0,20,142.0,1.775,5.708198012762635,14,144.0,0.23245554322473616,4,39.0,0.4644460859095294,2,94.0,0.40636695470187373,20,277.0
3030.0,21,102.0,1.2592592592592593,4.537636613940641,15,175.0,0.14944151755187893,3,30.0,0.38372935947126846,3,97.0,0.3595193742606632,21,302.0
3035.0,26,103.0,1.2409638554216869,4.586267343428117,10,160.0,0.17002280552723167,8,44.0,0.2923021998411086,8,122.0,0.2763787316433071,26,326.0
3040.0,19,86.0,1.036144578313253,4.879344648112628,5,116.0,0.24417774363037356,7,68.0,0.31339064779391257,7,130.0,0.22824683545435215,19,314.0
3045.0,13,54.0,0.6506024096385542,6.222427729314678,5,103.0,0.4090650990925524,3,57.0,0.47361362442247684,5,103.0,0.2805921900623094,13,263.0
3050.0,11,66.0,0.7857142857142857,6.934448768407197,3,81.0,0.4875527519649363,3,45.0,0.4605783564486963,5,64.0,0.33473763704475284,11,190.0
3055.0,11,32.0,0.36363636363636365,5.833553627826092,1,59.0,0.42533003401077857,6,61.0,0.28015247596059334,4,64.0,0.32445644772185694,11,184.0
3060.0,16,57.0,0.6477272727272727,5.265368142161033,4,54.0,0.2751665170568643,6,69.0,0.16531145260656774,6,76.0,0.2658085440007975,16,199.0
3065.0,20,84.0,1.0769230769230769,4.267971824342029,10,97.0,0.2239994683199697,3,38.0,0.12865212101660606,7,86.0,0.21134156191070047,20,221.0
3070.0,16,74.0,1.0,5.034981021489882,8,111.0,0.27854839228468514,2,29.0,0.426904005207292,6,82.0,0.2928368600105905,16,222.0
3075.0,11,39.0,0.5,6.883600277351279,5,88.0,0.40212911841459276,1,25.0,0.6223841527136479,5,76.0,0.39575077308347306,11,189.0
3080.0,13,61.0,0.7530864197530864,7.483009022337591,3,60.0,0.4509776271925252,3,28.0,0.6206265758015799,7,97.0,0.377025444394215,13,185.0
3085.0,12,70.0,0.8974358974358975,5.570352219957529,2,70.0,0.3614526887564532,0,14.0,0.4585844872938079,10,138.0,0.21759487130148034,12,222.0
3090.0,23,93.0,1.2077922077922079,3.860842073117266,7,95.0,0.23056570718318892,6,20.0,0.22504657999344785,10,158.0,0.17654608816839798,23,273.0
3095.0,19,63.0,0.8289473684210527,3.8998966779272295,8,110.0,0.1456108733263217,4,36.0,0.34388925882483573,7,133.0,0.1831460588554108,19,279.0
3100.0,14,33.0,0.42857142857142855,4.902574579035047,5,98.0,0.2878826333440734,2,22.0,0.4498926910809168,7,162.0,0.20473762178008548,14,282.0
3105.0,19,68.0,0.85,5.4126989155451035,5,114.0,0.34985768332492556,3,22.0,0.5608105082369462,11,209.0,0.18137183921034997,19,345.0
3110.0,21,94.0,1.175,4.2955248011129274,8,145.0,0.2874228871718786,4,34.0,0.4307331910539218,9,224.0,0.1772178148752728,21,403.0
3115.0,16,44.0,0.5569620253164557,3.826811376335809,10,158.0,0.1608179870136655,2,17.0,0.5362076607516096,4,188.0,0.19827345138971675,16,363.0
3120.0,13,45.0,0.5421686746987951,4.573388275022226,6,114.0,0.1480555553797923,3,21.0,0.6214806347449198,4,178.0,0.1548871706319648,13,313.0
3125.0,13,38.0,0.4470588235294118,4.640785814905511,5,129.0,0.17102832991126846,0,11.0,0.7788290515620059,8,206.0,0.11684713506760158,13,346.0
3130.0,26,128.0,1.5058823529411764,3.988848058784574,10,162.0,0.20663597358331345,1,2.0,0.5828943990245596,15,268.0,0.13397205884051555,26,432.0
3135.0,30,212.0,2.617283950617284,2.919150365313508,9,166.0,0.23614705558319057,3,11.0,0.3205632718214935,18,351.0,0.13598826726336244,30,528.0
3140.0,33,315.0,3.841463414634146,2.257253538474466,5,115.0,0.19181703221736382,3,28.0,0.34404115790229506,25,465.0,0.049770526205098815,33,608.0
3145.0,29,283.0,3.2906976744186047,3.411560499543605,1,60.0,0.21046153268351966,0,15.0,0.6999843417765399,28,532.0,0.06206637869776674,29,607.0
3150.0,22,203.0,2.2808988764044944,5.163861441216814,0,31.0,0.3669327170710516,0,4.0,0.7758638026955901,22,518.0,0.09872884284353282,22,553.0
3155.0,20,170.0,1.8888888888888888,6.468087984995502,0,10.0,0.382399045488825,0,2.0,0.8082358930512785,20,451.0,0.1737559352487282,20,463.0
3160.0,16,117.0,1.3604651162790697,6.70605348585519,1,12.0,0.37414475174715417,1,4.0,0.7437710206853997,14,440.0,0.2531781461106159,16,456.0
3165.0,14,93.0,1.1204819277108433,5.928935904181729,4,30.0,0.37151284433976783,3,11.0,0.5137879338052637,7,438.0,0.24143862418414505,14,479.0
3170.0,14,69.0,0.8518518518518519,5.799021444868742,4,36.0,0.37965822369169117,3,26.0,0.3398333200523816,7,465.0,0.27399528796900596,14,527.0
3175.0,12,61.0,0.8133333333333334,5.2034754667586585,2,19.0,0.4084860591916373,3,43.0,0.44345404571142677,7,449.0,0.23008075237458595,12,511.0
3180.0,8,12.0,0.16216216216216217,5.78324239346181,1,16.0,0.5016096187303102,3,27.0,0.5265139344656801,4,366.0,0.20537198962387526,8,409.0
3185.0,5,22.0,0.28205128205128205,7.5378452218524234,1,11.0,0.5648546072107019,3,24.0,0.65771186391931,1,263.0,0.25740606503309454,5,298.0
3190.0,1,4.0,0.05,8.005765107995225,0,8.0,0.5193718878344091,1,28.0,0.5948870521641468,0,173.0,0.3399252345462764,1,209.0
3195.0,1,2.0,0.0273972602739726,8.29320867585681,0,2.0,0.6488281160125512,0,7.0,0.563714012749476,1,148.0,0.3849699253882938,1,157.0
3200.0,10,26.0,0.38235294117647056,7.313083961794021,1,3.0,0.6138515272568144,1,2.0,0.5407528653850373,8,169.0,0.322006244182455,10,174.0
3205.0,17,94.0,1.46875,5.7597730095404955,3,13.0,0.4932900065987542,1,7.0,0.5080542218958891,13,222.0,0.263212436338897,17,242.0
3210.0,18,102.0,1.619047619047619,4.100084055859988,4,29.0,0.42467759618545603,1,12.0,0.5311563881151625,13,244.0,0.14126691341269695,18,285.0
3215.0,15,53.0,0.7794117647058824,5.2582799362800134,2,29.0,0.4885088089830583,2,8.0,0.448758870498729,11,220.0,0.15206560674421538,15,257.0
3220.0,16,56.0,0.8,5.222451887823307,2,25.0,0.39906131836289166,5,25.0,0.5437154782908808,9,262.0,0.14289890391880486,16,312.0
3225.0,21,80.0,1.0810810810810811,4.300533638132801,7,47.0,0.2596915178719417,3,35.0,0.41927600993319175,11,307.0,0.11667318892224103,21,389.0
3230.0,27,167.0,2.3857142857142857,3.514785680144833,10,91.0,0.256651632782657,1,26.0,0.3729492221713975,16,368.0,0.15625125182104893,27,485.0
3235.0,32,228.0,3.3043478260869565,2.708050594725115,14,154.0,0.1969243794062993,1,14.0,0.3002146429423532,17,384.0,0.126145637926237,32,552.0
3240.0,30,282.0,3.76,3.209969575646791,15,229.0,0.2149529877870363,3,28.0,0.3114114852682396,12,331.0,0.12789852297751375,30,588.0
3245.0,29,227.0,2.948051948051948,4.192131859295123,12,244.0,0.13680372183443465,5,51.0,0.4926005484488662,12,245.0,0.21262977109117354,29,540.0
3250.0,20,135.0,1.6875,5.548239081383673,7,191.0,0.21163752405560612,4,52.0,0.5570812089412539,9,211.0,0.21465865170946558,20,454.0
3255.0,16,85.0,1.0897435897435896,6.59295381428587,7,222.0,0.21827738211268147,1,28.0,0.7581113448782135,8,183.0,0.37421752478809905,16,433.0
3260.0,13,50.0,0.6329113924050633,6.096051256185337,9,262.0,0.23056719244124796,2,14.0,0.636903509935206,2,175.0,0.40762786587914407,13,451.0
3265.0,13,49.0,0.6282051282051282,5.408382334906351,5,257.0,0.25166371201968285,1,2.0,0.5227136371845116,7,179.0,0.31885133644285274,13,438.0
3270.0,21,101.0,1.3466666666666667,4.817175782410222,3,209.0,0.27372319618568713,4,15.0,0.412808599550196,14,234.0,0.16897163777704335,21,458.0
3275.0,29,203.0,2.859154929577465,4.206496097617608,4,139.0,0.21774675068155833,5,38.0,0.3575280173082273,20,317.0,0.08072223586343283,29,494.0
3280.0,22,170.0,2.4285714285714284,3.9441068558704826,1,146.0,0.1827369778916297,2,36.0,0.48901220327398964,19,356.0,0.06072659050194496,22,538.0
3285.0,16,105.0,1.4788732394366197,5.262351083196933,3,163.0,0.246890079451241,1,15.0,0.5777418752688711,12,324.0,0.26662270731009996,16,502.0
3290.0,15,90.0,1.3043478260869565,6.429659560227222,7,190.0,0.2988573829764881,1,10.0,0.7871785854967864,7,228.0,0.367141134213587,15,428.0
3295.0,14,72.0,1.0285714285714285,6.137532216670418,9,193.0,0.2800090657583106,1,13.0,0.8013245652440258,4,167.0,0.343271559523124,14,373.0
3300.0,12,58.0,0.7945205479452054,6.074793256537523,7,158.0,0.2945051853711655,1,20.0,0.7990160353874289,4,160.0,0.30441073336976887,12,338.0
3305.0,13,51.0,0.68,5.892609302469113,7,120.0,0.3101638539298747,0,2.0,0.7843604039713259,6,181.0,0.22432744941839844,13,303.0
3310.0,14,57.0,0.7808219178082192,5.52169510121406,6,102.0,0.2796479562405687,2,9.0,0.6080810361176628,6,175.0,0.21883739929844573,14,286.0
3315.0,15,52.0,0.7027027027027027,5.057044844730232,4,107.0,0.26906611499979743,7,31.0,0.4096885277128082,4,128.0,0.26417557700366723,15,266.0
3320.0,19,87.0,1.16,4.7262273506514,7,134.0,0.2325196902112407,9,71.0,0.3535822093225005,3,106.0,0.2081816216082166,19,311.0
3325.0,18,76.0,1.027027027027027,4.417116450418958,5,136.0,0.2898296212600877,5,83.0,0.21739450309569722,8,131.0,0.14332597545274217,18,350.0
3330.0,19,93.0,1.3478260869565217,4.635421707762107,4,118.0,0.36862315206941115,3,53.0,0.3061925008149891,12,184.0,0.19785902280086948,19,355.0
3335.0,15,85.0,1.2142857142857142,5.444414157575325,4,131.0,0.3597670942162132,2,27.0,0.5652663314315169,9,190.0,0.28188058919737763,15,348.0
3340.0,11,46.0,0.6388888888888888,5.163557699146192,5,153.0,0.313716544321084,2,12.0,0.42548593242248345,4,135.0,0.29899739194046626,11,300.0
3345.0,16,60.0,0.821917808219178,5.041708616723562,5,152.0,0.23843088825483671,5,31.0,0.41260748632920197,6,79.0,0.25177013698728473,16,262.0
3350.0,12,33.0,0.44,5.0492110433180395,6,135.0,0.2042914703754869,2,36.0,0.5086833681489217,4,98.0,0.20032283740692236,12,269.0
3355.0,18,52.0,0.6842105263157895,4.6967523044158845,7,158.0,0.24247538627453494,1,17.0,0.5831227151666398,10,140.0,0.18984890225769027,18,315.0
3360.0,17,68.0,0.8607594936708861,4.152865271307783,6,191.0,0.2097437651339366,4,23.0,0.3423021738088465,7,158.0,0.236659545681338,17,372.0
3365.0,20,111.0,1.4415584415584415,4.286847313690192,10,236.0,0.16576440202692963,8,56.0,0.3484268220337302,2,110.0,0.26868329642687233,20,402.0
3370.0,24,207.0,2.835616438356164,3.7437866831347204,13,290.0,0.05677749750032341,10,104.0,0.32320957564455943,1,81.0,0.28028607312154286,24,475.0
3375.0,28,252.0,3.272727272727273,3.174871278585398,19,374.0,0.04513597860424938,5,110.0,0.26282957083933745,4,86.0,0.18463202165827938,28,570.0
3380.0,24,214.0,2.891891891891892,3.110103486513334,16,402.0,0.11965185922062614,0,58.0,0.28917258916678923,8,120.0,0.2146760128703626,24,580.0
3385.0,20,180.0,2.3684210526315788,4.058265957109294,13,365.0,0.19962902215627717,1,53.0,0.27678135177815644,6,127.0,0.29483120684469505,20,545.0
3390.0,25,164.0,2.1025641025641026,4.525483827914504,14,426.0,0.12980624479198444,8,85.0,0.32637686944227157,3,84.0,0.31536953588981315,25,595.0
3395.0,22,149.0,1.8625,4.294648611337853,15,495.0,0.0631261860739811,5,85.0,0.3863963102724359,2,62.0,0.25533229219423453,22,642.0
3400.0,16,102.0,1.3076923076923077,4.735598999715536,10,507.0,0.147493519408776,3,48.0,0.4105666800114536,3,40.0,0.25983676210930196,16,595.0
3405.0,7,46.0,0.6133333333333333,6.052464916698279,4,449.0,0.30276848721229943,1,32.0,0.4665810548554481,2,36.0,0.39984144268309213,7,517.0
3410.0,8,29.0,0.38666666666666666,6.0206213491707015,6,472.0,0.30671095682162786,2,27.0,0.46918727435127733,0,12.0,0.43330950629700987,8,511.0
3415.0,13,68.0,0.918918918918919,6.054369233102088,7,503.0,0.2687519910722864,2,26.0,0.5424098798878366,4,25.0,0.43368135276557906,13,554.0
3420.0,15,83.0,1.1527777777777777,4.3048014298737165,12,552.0,0.16050384046822455,0,0.0,0.6001470280488195,3,29.0,0.35957740885614053,15,581.0
3425.0,17,83.0,1.1527777777777777,3.9305867994571093,12,549.0,0.09392414895412625,3,11.0,0.3794858624947919,2,22.0,0.335779161724534,17,582.0
3430.0,10,45.0,0.6338028169014085,4.170609281866723,8,441.0,0.10473635043862728,2,22.0,0.48697824260492384,0,15.0,0.21312164778004525,10,478.0
3435.0,14,42.0,0.56,4.461214562711474,8,475.0,0.17933641040759166,1,18.0,0.5137337054751366,5,28.0,0.2213230369899622,14,521.0
3440.0,23,102.0,1.3783783783783783,3.9419585079265613,13,524.0,0.19131524975045988,1,14.0,0.5599916891086213,9,64.0,0.15988069804941768,23,602.0
3445.0,28,144.0,1.9726027397260273,3.3648779316619684,19,604.0,0.14390935517063289,1,12.0,0.5663418856297429,8,76.0,0.26908845458131625,28,692.0
3450.0,27,201.0,2.7534246575342465,3.5353984772005043,22,711.0,0.10791538831362188,0,2.0,0.5826126737478435,5,57.0,0.29612450733802714,27,770.0
3455.0,29,208.0,2.7012987012987013,3.5896077128775965,21,737.0,0.06217852561036612,3,10.0,0.5487305620952647,5,63.0,0.3450430531960177,29,810.0
3460.0,31,179.0,2.182926829268293,3.5223599383012316,20,683.0,0.08564597851519722,2,22.0,0.6197174922296883,9,94.0,0.17361672941388392,31,799.0
3465.0,25,132.0,1.5903614457831325,3.2740668907178154,14,735.0,0.09512803298074528,1,19.0,0.46502529002344856,10,135.0,0.19662238895685535,25,889.0
3470.0,25,98.0,1.1666666666666667,3.3539755158346054,17,813.0,0.12702304773175868,2,9.0,0.43640790310342514,6,146.0,0.2019333630087829,25,968.0
3475.0,25,145.0,1.7901234567901234,3.337911141808708,19,905.0,0.1012582932152531,2,19.0,0.5482621238976536,4,122.0,0.22328658084883715,25,1046.0
3480.0,25,196.0,2.3902439024390243,2.918683149283525,22,1014.0,0.073796836589253,1,4.0,0.5140471930640499,2,116.0,0.23102696513740104,25,1134.0
3485.0,29,223.0,2.623529411764706,3.2090310976995244,22,1022.0,0.06365823925183169,2,11.0,0.35849971932836255,5,123.0,0.2016746919852973,29,1156.0
3490.0,27,187.0,2.3375,2.8713596925928715,18,923.0,0.09516666445275279,1,13.0,0.4270494959584922,8,153.0,0.11755099622451023,27,1089.0
3495.0,31,206.0,2.641025641025641,2.522697385227221,18,977.0,0.10360673764693037,0,4.0,0.7087117446419038,13,208.0,0.08944249699107804,31,1189.0
3500.0,31,194.0,2.4556962025316458,2.271036678508251,20,1071.0,0.07346726118128814,0,1.0,0.6510665759167918,11,233.0,0.10541035828303082,31,1305.0
3505.0,34,214.0,2.7088607594936707,2.729269779615641,22,1182.0,0.07353911206012552,1,8.0,0.672455100590049,11,218.0,0.1500377697034871,34,1408.0
3510.0,34,246.0,3.1139240506329116,2.3956923474781098,22,1287.0,0.08172163348536331,1,2.0,0.6407551141913203,11,264.0,0.16575590286589095,34,1553.0
3515.0,35,252.0,3.073170731707317,2.3688301978715307,22,1264.0,0.09307144176122494,0,0.0,0.8041013062688362,13,326.0,0.12099981509075994,35,1590.0
3520.0,29,191.0,2.3580246913580245,3.0708681158102062,19,1116.0,0.11725271374885761,0,2.0,0.74809465193764,10,347.0,0.18519493698999104,29,1465.0
3525.0,27,148.0,1.7619047619047619,3.7166560734854426,22,1099.0,0.10662597971499052,1,6.0,0.7386895483844591,4,311.0,0.17259492750874683,27,1416.0
3530.0,27,142.0,1.6511627906976745,4.193503729037139,22,1208.0,0.13597232217185068,1,4.0,0.7133943806189862,4,245.0,0.138370356045386,27,1457.0
3535.0,17,91.0,1.123456790123457,3.447352135167566,15,1179.0,0.10302357878838965,1,8.0,0.5409591771069152,1,243.0,0.15115838204640863,17,1430.0
3540.0,16,66.0,0.8461538461538461,3.675271553899903,6,993.0,0.15899290626143825,5,27.0,0.43362749725908256,5,261.0,0.13721489154601135,16,1281.0
3545.0,10,46.0,0.5974025974025974,4.414391146406436,4,710.0,0.22839107771711797,1,27.0,0.4209875262248067,5,255.0,0.1260713072103469,10,992.0
3550.0,5,10.0,0.12987012987012986,5.278762322496282,3,708.0,0.23527808182967513,0,9.0,0.6806794440184307,2,214.0,0.30137592126576906,5,931.0
3555.0,12,34.0,0.44155844155844154,4.745036919558934,10,724.0,0.1584416903913004,1,5.0,0.5445171788539316,1,155.0,0.3615235578842184,12,884.0
3560.0,14,51.0,0.6455696202531646,4.0248533206861445,8,680.0,0.17821367330504978,5,21.0,0.3547138131372593,1,158.0,0.28868166188573535,14,859.0
3565.0,16,40.0,0.5194805194805194,3.3281166191531253,6,552.0,0.23110731924964342,4,33.0,0.29209453106776617,6,175.0,0.15512947711578257,16,760.0
3570.0,10,21.0,0.25925925925925924,4.151247624538423,5,501.0,0.23462797418758174,0,17.0,0.46421693196134184,5,169.0,0.2164577516108993,10,687.0
3575.0,11,33.0,0.38823529411764707,5.1823848626206495,9,536.0,0.18830648551850213,0,4.0,0.7023849015114012,2,126.0,0.3715646786479564,11,666.0
3580.0,17,82.0,0.9318181818181818,5.027511064887235,15,597.0,0.12231258299068413,1,2.0,0.8017032452575451,1,79.0,0.4167257295925334,17,678.0
3585.0,24,174.0,2.0232558139534884,3.8979016906143866,21,686.0,0.08454286975171288,0,2.0,0.7090037406752832,3,82.0,0.2985164964483337,24,770.0
3590.0,29,212.0,2.4941176470588236,2.490688685451536,21,696.0,0.07982569280579982,2,9.0,0.28440349001774146,6,105.0,0.17159263934457872,29,810.0
3595.0,28,170.0,2.0238095238095237,2.295583390486171,17,597.0,0.08680830906791182,5,30.0,0.2619417471213526,6,109.0,0.12574386546609906,28,736.0
3600.0,22,124.0,1.441860465116279,4.361412950214039,17,437.0,0.1263423494843849,3,34.0,0.5380730075674303,2,76.0,0.22641408374337998,22,547.0
