step,system_total_stopped,system_total_waiting_time,system_mean_waiting_time,system_mean_speed,A0_stopped,A0_accumulated_waiting_time,A0_average_speed,B0_stopped,B0_accumulated_waiting_time,B0_average_speed,C0_stopped,C0_accumulated_waiting_time,C0_average_speed,agents_total_stopped,agents_total_accumulated_waiting_time
5.0,1,0.0,0.0,5.520257657719776,1,0.0,0.3777581493654368,0,0.0,1.0,0,0.0,0.39641116152912204,1,0.0
10.0,0,0.0,0.0,10.31848286763033,0,0.0,0.677454496424755,0,0.0,1.0,0,0.0,0.9178710969969477,0,0.0
15.0,1,1.0,0.14285714285714285,9.981992879138996,0,0.0,0.9360005649843989,0,0.0,1.0,1,1.0,0.09860662613454367,1,1.0
20.0,3,8.0,1.1428571428571428,7.6975857363085805,2,2.0,0.4784725842697174,0,0.0,0.9472180670031312,1,6.0,0.48047354291247135,3,8.0
25.0,1,7.0,0.875,9.194066453547613,1,7.0,0.4894664693297833,0,0.0,0.9493071680242262,0,0.0,1.0,1,7.0
30.0,1,0.0,0.0,10.600122085456258,0,0.0,0.7273455954841725,1,0.0,0.7168027420033473,0,0.0,1.0,1,0.0
35.0,0,0.0,0.0,10.266479660239833,0,0.0,0.7491054657255154,0,0.0,0.563266132223509,0,0.0,1.0,0,0.0
40.0,2,7.0,0.875,7.9949981858913635,0,0.0,0.8200937124547147,2,7.0,0.29026810411013004,0,0.0,1.0,2,7.0
45.0,0,0.0,0.0,7.666223972643599,0,0.0,0.7882669016578737,0,8.0,0.28917979148051204,0,0.0,0.3359549974263703,0,8.0
50.0,0,0.0,0.0,12.834072068070869,0,0.0,0.9531316079374486,0,0.0,0.8190091910880192,0,2.0,0.896323114077697,0,2.0
55.0,1,3.0,0.3,10.18117748883383,0,0.0,0.6009639555501645,1,3.0,0.4698861581310864,0,2.0,0.8084681836680703,1,5.0
60.0,0,0.0,0.0,10.491995938975425,0,0.0,0.5536400474004696,0,0.0,0.692428392551118,0,0.0,0.7565706023171306,0,0.0
65.0,2,3.0,0.2,10.884993946675417,1,0.0,0.5501287228452728,1,3.0,0.7559612495412561,0,0.0,0.981862790990923,2,3.0
70.0,2,1.0,0.05555555555555555,9.856616727319995,1,0.0,0.6142093389252882,1,1.0,0.667434129388184,0,0.0,0.7904309362383882,2,1.0
75.0,1,6.0,0.3157894736842105,11.76185682852069,0,0.0,0.7594674876840635,1,6.0,0.7339513404514458,0,2.0,0.9416799408440039,1,8.0
80.0,2,12.0,0.6666666666666666,9.888864434344471,1,1.0,0.6382688060380957,1,11.0,0.7185724082378183,0,2.0,0.781332164633374,2,14.0
85.0,3,9.0,0.45,8.12386429546287,3,9.0,0.4673399925622074,0,0.0,0.8559875543437022,0,2.0,0.5126196781407587,3,11.0
90.0,5,14.0,0.7368421052631579,5.705024884035143,1,13.0,0.30999500765267435,1,2.0,0.22134280565210898,3,11.0,0.4470207993081826,5,26.0
95.0,1,4.0,0.21052631578947367,7.892048844079728,1,7.0,0.47705309163026277,0,3.0,0.6482226495999281,0,6.0,0.6308853341398439,1,16.0
100.0,3,5.0,0.23809523809523808,10.104610314424697,2,9.0,0.5604432581800202,0,4.0,0.960636562102524,1,1.0,0.6440358412680118,3,14.0
105.0,4,17.0,0.7727272727272727,9.233415900713348,3,21.0,0.5444818879034802,0,4.0,0.9481902538645576,1,1.0,0.4598394386208051,4,26.0
110.0,2,6.0,0.2608695652173913,7.55813504905227,0,15.0,0.25534925326287466,0,2.0,0.5952524337942376,2,6.0,0.6001016077177802,2,23.0
115.0,5,15.0,0.75,7.949569403241265,1,5.0,0.5159486351844248,3,13.0,0.36172411893363116,1,1.0,0.6119476071984697,5,19.0
120.0,3,16.0,0.8,8.778880137938264,2,10.0,0.3814170008400418,0,11.0,0.7497904909379125,1,6.0,0.6653093629574951,3,27.0
125.0,3,26.0,1.04,9.910392013656024,1,17.0,0.7000382570375516,1,2.0,0.7620637171430563,1,13.0,0.582115479516486,3,32.0
130.0,2,36.0,1.5,11.057908142524587,1,22.0,0.638023114130455,0,2.0,0.9034198956287594,1,18.0,0.8142663859840813,2,42.0
135.0,3,24.0,0.8888888888888888,8.297833003985689,0,3.0,0.491119394016927,1,2.0,0.591235380272793,2,22.0,0.5620907794666936,3,27.0
140.0,6,18.0,0.6206896551724138,8.160985172033307,3,11.0,0.4473434993886104,2,9.0,0.5653284241143324,1,4.0,0.5666952028495451,6,24.0
145.0,5,27.0,0.9642857142857143,6.746078590189355,0,4.0,0.47370682447311213,3,20.0,0.3829911695986045,2,7.0,0.3192387019551276,5,31.0
150.0,6,44.0,1.8333333333333333,7.029408999545702,1,5.0,0.6726302309621617,4,40.0,0.20344552767835003,1,6.0,0.4882586204471803,6,51.0
155.0,3,14.0,0.56,8.29678152176079,1,10.0,0.4052247356179224,0,22.0,0.5684566925027987,2,5.0,0.3595116750019969,3,37.0
160.0,1,15.0,0.5357142857142857,10.353823469314372,1,17.0,0.6888864318341766,0,4.0,0.816400993146634,0,6.0,0.6863320074770677,1,27.0
165.0,1,1.0,0.034482758620689655,10.365450140259684,1,3.0,0.7003180351876853,0,2.0,0.7498693439724016,0,2.0,0.7930481663044645,1,7.0
170.0,3,11.0,0.3793103448275862,9.039104669495883,1,8.0,0.6385979180397802,2,7.0,0.17863015126679516,0,2.0,0.6770093700259718,3,17.0
175.0,2,7.0,0.28,7.234215865098933,0,0.0,0.4727698753736035,0,5.0,0.39884297077941866,2,7.0,0.306127307556917,2,12.0
180.0,3,20.0,0.7692307692307693,10.113111984969676,1,5.0,0.7192891502618043,0,1.0,0.837416250551674,2,17.0,0.44575390437007245,3,23.0
185.0,1,8.0,0.3076923076923077,10.695098756757993,1,10.0,0.6058425357171989,0,1.0,0.8014375358034025,0,11.0,0.7937887585322048,1,22.0
190.0,3,17.0,0.7083333333333334,11.279664576644857,2,15.0,0.51730213181682,1,3.0,0.7525343908079914,0,0.0,0.9215441175818969,3,18.0
195.0,2,3.0,0.15,9.331892447367967,2,3.0,0.33352988790689597,0,0.0,0.6614249542060452,0,0.0,0.9266214662880974,2,3.0
200.0,3,13.0,0.65,9.647951286228338,2,15.0,0.48586315913800926,1,0.0,0.6687776128201717,0,0.0,0.6616682608538497,3,15.0
205.0,1,0.0,0.0,9.240604745336372,1,2.0,0.5055589154627618,0,0.0,0.6401955368164183,0,0.0,0.8299227247111013,1,2.0
210.0,2,6.0,0.3157894736842105,10.833803458703963,0,2.0,0.849000256115076,2,8.0,0.6250849410864266,0,0.0,0.7652129770955934,2,10.0
215.0,2,16.0,0.8421052631578947,9.706203932670352,0,0.0,0.6382926276213878,2,18.0,0.571503257295009,0,0.0,0.706703446965081,2,18.0
220.0,4,29.0,1.6111111111111112,8.020734203214003,0,0.0,0.9480152360786808,3,29.0,0.36574270770834555,1,2.0,0.4031740454763456,4,31.0
225.0,3,1.0,0.05263157894736842,6.460036756460316,1,1.0,0.5268757796814446,1,6.0,0.4221433796798566,1,0.0,0.33038748450927036,3,7.0
230.0,1,0.0,0.0,10.212540668607241,1,2.0,0.6165470544512222,0,0.0,0.8973604396114206,0,2.0,0.8852814497625587,1,4.0
235.0,1,3.0,0.15,10.66827794621288,1,5.0,0.7715029047706318,0,0.0,0.8109999935306497,0,2.0,0.7562610932889534,1,7.0
240.0,3,5.0,0.23809523809523808,7.399204022838508,1,1.0,0.44184043471067636,0,0.0,0.5942595667958612,2,6.0,0.5665703030980467,3,7.0
245.0,2,11.0,0.5,7.490667335739525,2,11.0,0.6161843887898529,0,4.0,0.520985742425188,0,0.0,0.4107614291133074,2,15.0
250.0,3,5.0,0.2,8.568505819853504,1,0.0,0.4346837646294881,1,9.0,0.7548031355037237,1,2.0,0.5714797222495701,3,11.0
255.0,2,14.0,0.4827586206896552,10.173737311321373,1,4.0,0.555009220387472,1,14.0,0.6392196245011986,0,2.0,0.7890200647277473,2,20.0
260.0,1,1.0,0.03571428571428571,10.23386420242861,0,0.0,0.7930082687369855,1,3.0,0.7347656083299969,0,2.0,0.7339292334285228,1,5.0
265.0,4,12.0,0.4444444444444444,10.300378664265702,1,0.0,0.711118425933581,2,12.0,0.5449023864079245,1,4.0,0.7520136022593386,4,16.0
270.0,1,0.0,0.0,7.992785878200263,0,0.0,0.3549718588153943,0,3.0,0.694882226398687,1,0.0,0.46475970064190925,1,3.0
275.0,6,19.0,0.7307692307692307,8.467596977317346,2,10.0,0.6683740234511906,1,4.0,0.6841115032144952,3,11.0,0.3452560908335649,6,25.0
280.0,3,7.0,0.2692307692307692,8.219393850311425,1,8.0,0.6844269008554723,1,7.0,0.5495330497999998,1,11.0,0.5301757889591202,3,26.0
285.0,0,0.0,0.0,10.781626791597095,0,2.0,0.8259782896608305,0,4.0,0.7339665114182238,0,2.0,0.8064536426862128,0,8.0
290.0,3,1.0,0.03333333333333333,9.358266166265246,1,2.0,0.5400202540163969,1,4.0,0.7563416366427642,1,3.0,0.4732834555176733,3,9.0
295.0,6,20.0,0.6666666666666666,7.960640151395947,2,8.0,0.30045402578648345,1,2.0,0.6735368889669974,3,16.0,0.37521497563638156,6,26.0
300.0,4,13.0,0.4482758620689655,7.373932469138817,2,16.0,0.3440013675499682,2,6.0,0.5804291001190947,0,6.0,0.5941386682289921,4,28.0
305.0,2,0.0,0.0,9.02680252514905,1,8.0,0.6519410154747779,0,7.0,0.5065560550579873,1,0.0,0.6866169295728939,2,15.0
310.0,2,6.0,0.18181818181818182,10.655575923931274,0,4.0,0.741823136732912,2,8.0,0.6032553393358285,0,0.0,0.7252224254323117,2,12.0
315.0,2,6.0,0.1875,9.508324503383273,2,10.0,0.389518965059592,0,7.0,0.4969170123496882,0,0.0,0.8398785252182375,2,17.0
320.0,4,6.0,0.1935483870967742,7.5461112922547695,2,6.0,0.3742522270210502,0,0.0,0.6655991381487745,2,5.0,0.5090160822633906,4,11.0
325.0,5,19.0,0.7037037037037037,8.696407306629823,0,3.0,0.7972347202536092,1,2.0,0.6430757620928699,4,19.0,0.3738471220376905,5,24.0
330.0,3,3.0,0.09090909090909091,8.439405492664857,0,2.0,0.7765229573526136,0,2.0,0.763955864635838,3,13.0,0.3291575774999736,3,17.0
335.0,2,1.0,0.02857142857142857,9.90317843099519,1,1.0,0.7128378178910866,1,4.0,0.7100138343595598,0,4.0,0.6186826937225376,2,9.0
340.0,1,2.0,0.05128205128205128,8.858674354553909,0,0.0,0.39576469689686733,0,4.0,0.6473269703295497,1,2.0,0.5746511357420209,1,6.0
345.0,6,18.0,0.47368421052631576,8.019645322210726,3,10.0,0.2917589933452316,2,12.0,0.49488034399313163,1,1.0,0.5733471501162137,6,23.0
350.0,6,14.0,0.4117647058823529,6.4894953874657375,0,5.0,0.40759151994979553,3,18.0,0.2686157916550946,3,6.0,0.3417929326833545,6,29.0
355.0,3,12.0,0.3870967741935484,8.801473271096647,1,5.0,0.6871702329512319,1,18.0,0.49125651559664374,1,14.0,0.6158289513348971,3,37.0
360.0,2,20.0,0.6451612903225806,9.974913658044722,1,10.0,0.7860463567152842,1,14.0,0.7131644905825101,0,4.0,0.6426597065106348,2,28.0
365.0,4,20.0,0.5555555555555556,9.890641788795602,2,15.0,0.6719005164334881,0,4.0,0.928148040219248,2,7.0,0.5598394518717622,4,26.0
370.0,2,21.0,0.6,10.332354038330237,1,20.0,0.726414171402311,1,5.0,0.7037175032612963,0,2.0,0.6822630133175996,2,27.0
375.0,3,8.0,0.21621621621621623,7.099687299051075,0,0.0,0.4177282844186041,0,1.0,0.47208579367264736,3,10.0,0.2956463759582014,3,11.0
380.0,6,18.0,0.46153846153846156,8.341061515250939,3,11.0,0.5094227437754681,0,0.0,0.6002490074111492,3,19.0,0.48208636886414696,6,30.0
385.0,4,2.0,0.05405405405405406,8.329341447194508,0,7.0,0.7494258533590132,2,2.0,0.47044748311456647,2,13.0,0.5084940242621688,4,22.0
390.0,5,21.0,0.525,9.809372053636178,0,0.0,0.6533636614043759,3,18.0,0.6171461606656848,2,11.0,0.5866549750096101,5,29.0
395.0,2,1.0,0.02564102564102564,8.775915011941672,1,0.0,0.6125880248788571,0,10.0,0.5194989492538422,1,3.0,0.42870202687636383,2,13.0
400.0,8,27.0,0.7297297297297297,8.60861058686951,1,3.0,0.7016799245588681,2,10.0,0.5234892408755792,5,22.0,0.22862771968054751,8,35.0
405.0,8,66.0,1.9411764705882353,7.973897815760588,0,2.0,0.783063457318059,2,18.0,0.36943965856791017,6,52.0,0.2591035482955978,8,72.0
410.0,2,4.0,0.13333333333333333,7.218639372236587,0,4.0,0.5928888980854373,0,0.0,0.006832470354406875,2,47.0,0.41108039978495015,2,51.0
415.0,1,5.0,0.16666666666666666,8.62376330356098,0,3.0,0.5660593633223003,1,7.0,0.5274845993275038,0,6.0,0.6377767181125895,1,16.0
420.0,2,9.0,0.3,10.29984764531849,1,6.0,0.5189206659532756,0,4.0,0.8710281631111666,1,5.0,0.7386029109063242,2,15.0
425.0,2,3.0,0.1,9.545733244060221,1,7.0,0.46982377367891603,0,4.0,0.7887106764605973,1,3.0,0.5653224957108481,2,14.0
430.0,7,21.0,0.6363636363636364,6.767550672211521,2,10.0,0.16447476406906808,1,5.0,0.4007532646630565,4,14.0,0.3213947876514762,7,29.0
435.0,6,19.0,0.6551724137931034,5.249262955285179,0,6.0,0.6214065102886607,6,23.0,0.10521251850634748,0,9.0,0.3308202122829626,6,38.0
440.0,5,13.0,0.48148148148148145,6.738085321021398,1,0.0,0.7202079966792494,2,35.0,0.3576416395088221,2,1.0,0.42868772647246883,5,36.0
445.0,2,7.0,0.25,9.286709124164132,0,2.0,0.8829224581237857,1,19.0,0.5951675173983908,1,6.0,0.5660098711313587,2,27.0
450.0,4,17.0,0.5,9.45415152771809,1,2.0,0.6108370118954236,2,9.0,0.5520631276950505,1,10.0,0.7165446455455613,4,21.0
455.0,1,4.0,0.125,9.719696765349383,1,6.0,0.7370464283919212,0,0.0,0.6724286227175321,0,0.0,0.6928030566349319,1,6.0
460.0,3,16.0,0.5333333333333333,9.639149802140164,1,9.0,0.6394964300884382,2,9.0,0.6833705801465753,0,0.0,0.4681538387001442,3,18.0
465.0,2,5.0,0.17857142857142858,9.320991581712562,1,4.0,0.49575694139762294,0,8.0,0.774127689877235,1,4.0,0.47116744289177526,2,16.0
470.0,6,23.0,0.8214285714285714,9.090959706786197,5,16.0,0.3466196006257632,0,2.0,0.8235093774960826,1,9.0,0.6451658902189192,6,27.0
475.0,2,14.0,0.5833333333333334,8.116101194030625,0,18.0,0.5568741377038675,0,0.0,0.8007621397432092,2,14.0,0.5055753705009907,2,32.0
480.0,1,19.0,0.8260869565217391,10.292117429045335,0,2.0,0.8022551431960324,0,2.0,0.7647915437211805,1,19.0,0.6643586682572946,1,23.0
485.0,2,24.0,0.9230769230769231,10.614666379386538,1,0.0,0.7108462276894186,0,2.0,0.9252807463265051,1,24.0,0.6613638495919636,2,26.0
490.0,1,29.0,1.0357142857142858,10.915551699451445,0,0.0,0.7666461543675712,0,2.0,0.8741722980898319,1,29.0,0.6181578247317235,1,31.0
495.0,2,1.0,0.04,8.750533414874287,2,1.0,0.4087072471180031,0,0.0,0.7308786575454563,0,0.0,0.7016049004819398,2,1.0
500.0,6,20.0,0.8,7.393699841887808,4,15.0,0.12901044668164272,0,0.0,0.9495131427482968,2,5.0,0.43596719069244655,6,20.0
505.0,4,6.0,0.24,7.008418148852586,3,19.0,0.31110123399787654,0,0.0,1.0,1,7.0,0.4384561429610453,4,26.0
510.0,2,0.0,0.0,10.117425540709839,1,5.0,0.6157064315337871,0,2.0,0.8715042048107308,1,1.0,0.6620370239559044,2,8.0
515.0,1,4.0,0.16,11.102774526384287,1,4.0,0.6006074021346134,0,2.0,0.8707820280370372,0,0.0,0.7541604495605998,1,6.0
520.0,3,11.0,0.39285714285714285,10.812687766545158,3,11.0,0.5337537993373294,0,0.0,0.9209046519958511,0,0.0,0.7506175867399798,3,11.0
525.0,4,23.0,0.7666666666666667,10.499805755578448,3,21.0,0.5506016512423358,1,2.0,0.8014063691373381,0,0.0,0.7865791074389703,4,23.0
530.0,3,38.0,1.2666666666666666,10.381708132844587,2,31.0,0.6454358963836063,1,7.0,0.7293305841421036,0,0.0,0.8744225857521738,3,38.0
535.0,4,54.0,1.6875,10.470136484111247,2,41.0,0.6276154297167682,1,12.0,0.8272503617011141,1,1.0,0.8063561984095174,4,54.0
540.0,3,24.0,0.6857142857142857,9.47344921701888,0,1.0,0.6521884473292923,2,18.0,0.7193933002110698,1,6.0,0.6647722724534331,3,25.0
545.0,6,46.0,1.2105263157894737,8.572904481825955,3,7.0,0.4210400721054011,2,28.0,0.6853704747975476,1,11.0,0.7598906978403775,6,46.0
550.0,6,20.0,0.5263157894736842,6.834214465339555,2,9.0,0.35028845912716383,1,0.0,0.596770750343866,3,17.0,0.5356697785248945,6,26.0
555.0,4,14.0,0.35,7.158840645520057,1,8.0,0.5112421114030886,3,13.0,0.41990225855112334,0,4.0,0.37912404093450386,4,25.0
560.0,5,12.0,0.2926829268292683,7.686036893219326,1,8.0,0.46061800132519043,2,15.0,0.4558567727381444,2,7.0,0.480967087332267,5,30.0
565.0,11,48.0,1.2,8.195481060994023,6,32.0,0.41435018682651903,1,7.0,0.6259487843211086,4,22.0,0.5207153859975772,11,61.0
570.0,3,16.0,0.4444444444444444,7.482195116409165,2,36.0,0.4620420092171523,1,8.0,0.39528015177498044,0,8.0,0.6302312727539164,3,52.0
575.0,2,1.0,0.02857142857142857,9.488273092597913,0,11.0,0.6327230873597888,1,5.0,0.6935551172931237,1,2.0,0.7420990105007153,2,18.0
580.0,1,6.0,0.15384615384615385,10.631433046415752,0,0.0,0.6304239752008212,1,10.0,0.7379925456253869,0,0.0,0.7452142115183801,1,10.0
585.0,2,6.0,0.15,10.753214573882834,1,5.0,0.6948817007686924,0,4.0,0.8485959762805239,1,1.0,0.6367496959266826,2,10.0
590.0,3,12.0,0.32432432432432434,9.70339340223428,0,0.0,0.798850628218927,0,0.0,0.7653990240275991,3,14.0,0.4726205745999226,3,14.0
595.0,3,3.0,0.08108108108108109,7.550363405680177,1,0.0,0.47526377294715516,2,3.0,0.252052522356653,0,15.0,0.5914098428899596,3,18.0
600.0,6,24.0,0.6666666666666666,8.399289979834338,0,1.0,0.7445610801380741,6,24.0,0.23872090609952146,0,2.0,0.713915566696672,6,27.0
605.0,12,62.0,1.6756756756756757,7.712564574941045,3,1.0,0.4428532859396803,7,61.0,0.42029015295470235,2,4.0,0.6062679559204135,12,66.0
610.0,8,37.0,0.925,6.842270252761852,2,6.0,0.4519229693150504,3,59.0,0.4501012286301083,3,11.0,0.40153080907232747,8,76.0
615.0,4,21.0,0.5,8.072474927173706,2,13.0,0.6158731110277207,2,34.0,0.40919426437839646,0,11.0,0.6258125803397407,4,58.0
620.0,4,5.0,0.1111111111111111,8.593618288435957,0,4.0,0.7257144421304632,1,23.0,0.5233460836469679,3,6.0,0.5776136346708679,4,33.0
625.0,5,13.0,0.2708333333333333,8.293868430843823,1,2.0,0.6425788402593265,3,28.0,0.48730606419023675,1,2.0,0.5690799852916782,5,32.0
630.0,4,15.0,0.32608695652173914,8.402204233664877,0,0.0,0.4877425444552773,2,27.0,0.5273773200228571,2,8.0,0.5401095165287882,4,35.0
635.0,0,0.0,0.0,8.655594466949099,0,0.0,0.8571538608301239,0,13.0,0.5329100849474278,0,6.0,0.5033772687408002,0,19.0
640.0,3,8.0,0.20512820512820512,9.25413335629709,0,0.0,0.9234180187012925,1,17.0,0.5501863232492117,2,8.0,0.5981008318538827,3,25.0
645.0,7,24.0,0.5581395348837209,8.681206255489316,0,0.0,0.8759042269790033,5,37.0,0.5032900865329346,2,4.0,0.551438453825157,7,41.0
650.0,8,29.0,0.725,7.382794481809687,0,0.0,0.9346470492653512,3,38.0,0.49704083025464935,5,19.0,0.29191069637658673,8,57.0
655.0,1,3.0,0.07317073170731707,7.715252663868255,0,2.0,0.7500120243510405,0,23.0,0.33874657613916775,1,25.0,0.5463504977188957,1,50.0
660.0,3,6.0,0.15384615384615385,9.483251917251572,1,2.0,0.8237605741249804,1,12.0,0.5355997687092237,1,7.0,0.6546515837069826,3,21.0
665.0,5,10.0,0.22727272727272727,8.791448800020923,2,3.0,0.6223741867517256,1,10.0,0.5784052844480481,2,9.0,0.6198638352032011,5,22.0
670.0,8,37.0,0.8222222222222222,8.882092041502236,3,12.0,0.40468165723884847,4,23.0,0.5850017704071188,1,12.0,0.7780081974410582,8,47.0
675.0,6,28.0,0.6363636363636364,6.986744446269819,2,9.0,0.42074762129388144,2,26.0,0.43436146095304284,2,17.0,0.49229845015772955,6,52.0
680.0,1,1.0,0.022727272727272728,8.880071869078169,0,2.0,0.6043839634036027,0,12.0,0.5540823226594822,1,6.0,0.6435694922026367,1,20.0
685.0,8,26.0,0.5777777777777777,8.748648046334585,1,5.0,0.7673204211463058,5,25.0,0.45365205211632414,2,10.0,0.5071929737890182,8,40.0
690.0,11,56.0,1.2444444444444445,8.319094760529856,3,10.0,0.5770280155198432,8,58.0,0.31497997370008857,0,5.0,0.7363379299833102,11,73.0
695.0,8,22.0,0.4888888888888889,6.693486189176122,1,4.0,0.48543748517820556,4,65.0,0.3480779503132415,3,2.0,0.46765319487584756,8,71.0
700.0,5,15.0,0.3333333333333333,8.297290768985098,4,17.0,0.5024861537033398,0,27.0,0.43276286225729227,1,2.0,0.7017447234627429,5,46.0
705.0,2,8.0,0.18181818181818182,9.36548274288427,1,16.0,0.6377860097562317,0,7.0,0.4961325821713269,1,7.0,0.7047485794031588,2,30.0
710.0,7,14.0,0.2916666666666667,8.92490629741466,4,11.0,0.6305053999263299,2,7.0,0.5636307557944635,1,3.0,0.587863877406957,7,21.0
715.0,4,21.0,0.45652173913043476,10.62530713582053,2,19.0,0.7071237800378242,1,6.0,0.7546760279125585,1,0.0,0.7233661583057515,4,25.0
720.0,2,8.0,0.16666666666666666,10.184369667762024,1,10.0,0.5391112643903114,1,11.0,0.7656955640096617,0,0.0,0.6427238690228012,2,21.0
725.0,8,25.0,0.5102040816326531,8.417606372203055,5,18.0,0.415352856464763,0,4.0,0.5875757049207371,3,7.0,0.47416628824698087,8,29.0
730.0,6,18.0,0.4,8.014445921701109,3,29.0,0.46789974981843085,0,0.0,0.7072504790482448,3,7.0,0.5487271327314416,6,36.0
735.0,5,17.0,0.3469387755102041,8.98312910520103,3,22.0,0.49839428250373374,0,2.0,0.6417437085341098,2,15.0,0.6387428443102078,5,39.0
740.0,2,14.0,0.28,10.167192041079803,2,14.0,0.5513015407543864,0,2.0,0.9186669669951406,0,4.0,0.6876958978733946,2,20.0
745.0,4,26.0,0.5777777777777777,10.46121683693705,2,24.0,0.6384730333395907,1,4.0,0.5963371715980162,1,0.0,0.8107505923000906,4,28.0
750.0,0,0.0,0.0,9.602022354007952,0,16.0,0.5403354524486327,0,3.0,0.7080029313817643,0,0.0,0.6317871866990059,0,19.0
755.0,4,12.0,0.25,9.196983867455325,1,4.0,0.45675763190372276,2,8.0,0.5373927792581678,1,4.0,0.5849426934880372,4,16.0
760.0,3,11.0,0.2619047619047619,7.527568588524117,1,9.0,0.3344488908010477,1,9.0,0.40002835239382095,1,9.0,0.5385560540444885,3,27.0
765.0,6,24.0,0.6,8.935509727766785,4,9.0,0.49331866627914367,0,4.0,0.6882155006490931,2,20.0,0.6251462681820996,6,33.0
770.0,4,29.0,0.7073170731707317,9.247783510444496,0,1.0,0.6455170534692687,0,2.0,0.7998747598904475,4,31.0,0.5014018926039595,4,34.0
775.0,2,6.0,0.13953488372093023,9.304318908842665,1,6.0,0.6496171113216608,0,2.0,0.6554921796644915,1,7.0,0.6117880060584852,2,15.0
780.0,5,19.0,0.4634146341463415,8.17224561241615,0,1.0,0.661618688129417,2,7.0,0.5104518756942328,3,14.0,0.41248317052655115,5,22.0
785.0,4,19.0,0.5,8.270333703086434,0,0.0,0.6658875852245913,2,19.0,0.5460062189316327,2,17.0,0.5138039068997062,4,36.0
790.0,2,1.0,0.02702702702702703,9.14764069782046,2,1.0,0.39080553230132636,0,12.0,0.6141730626849108,0,2.0,0.671951047322371,2,15.0
795.0,7,25.0,0.6756756756756757,9.07501757833584,4,15.0,0.3012659592556383,2,7.0,0.6847147538260298,1,5.0,0.6828128604723199,7,27.0
800.0,2,10.0,0.2631578947368421,9.281653520957716,0,12.0,0.5645739625123763,0,5.0,0.6918566714243988,2,10.0,0.6756507840046992,2,27.0
805.0,2,15.0,0.35714285714285715,9.53935337992882,1,2.0,0.6315046541769295,0,2.0,0.7548211485612824,1,15.0,0.6902986702774565,2,19.0
810.0,2,1.0,0.023809523809523808,9.944420793900129,0,2.0,0.8920823516404296,0,2.0,0.7451376900987529,2,1.0,0.6078512863062925,2,5.0
815.0,4,15.0,0.35714285714285715,9.424141085258677,0,2.0,0.7349415343477431,1,7.0,0.693412646798405,3,10.0,0.5512950688579739,4,19.0
820.0,7,23.0,0.6052631578947368,7.263030801190758,2,6.0,0.6510221704320786,2,15.0,0.452217750018682,3,15.0,0.3733895267012311,7,36.0
825.0,1,0.0,0.0,6.989423252473723,0,4.0,0.5035352660453642,0,10.0,0.4610548028555511,1,6.0,0.4989727888391507,1,20.0
830.0,3,9.0,0.21428571428571427,9.974214626049195,1,0.0,0.6792791836888352,2,13.0,0.7026873897777414,0,0.0,0.760602011234337,3,13.0
835.0,3,4.0,0.09302325581395349,8.674213772590269,1,0.0,0.7226388186398317,0,4.0,0.7660736585615737,2,4.0,0.4233464489903712,3,8.0
840.0,6,26.0,0.6046511627906976,8.112932289797198,0,2.0,0.644234221958759,0,2.0,0.7982879412369546,6,28.0,0.31794052729593614,6,32.0
845.0,5,13.0,0.29545454545454547,8.017756375816624,3,12.0,0.6121377161785875,0,0.0,0.820284471792649,2,31.0,0.37562597420294724,5,43.0
850.0,0,0.0,0.0,8.537492345128182,0,9.0,0.7174624446074829,0,2.0,0.5629563580372533,0,6.0,0.5446886201371528,0,17.0
855.0,4,4.0,0.07547169811320754,9.236535209095562,1,0.0,0.5626711219188099,1,5.0,0.7753716731864876,2,7.0,0.6108283217825132,4,12.0
860.0,6,28.0,0.5185185185185185,9.908157841968123,1,5.0,0.6815296622187705,1,10.0,0.7574978271895139,4,21.0,0.5696462729878459,6,36.0
865.0,2,13.0,0.24074074074074073,8.28559552724296,1,10.0,0.6198696531271325,0,2.0,0.6553049960504898,1,15.0,0.3586350495025763,2,27.0
870.0,4,27.0,0.5625,9.193518668064703,1,16.0,0.738100895598329,2,9.0,0.6863220974973282,1,11.0,0.557814123174913,4,36.0
875.0,6,28.0,0.5490196078431373,8.032545028551707,2,22.0,0.6209486499244882,1,3.0,0.6163959674390608,3,12.0,0.43659670845327414,6,37.0
880.0,11,43.0,0.7818181818181819,7.166674544011892,1,5.0,0.5263572561643801,4,17.0,0.45526281503004634,6,35.0,0.38598080185448963,11,57.0
885.0,14,48.0,0.9795918367346939,5.023598252892848,5,14.0,0.37935913487548467,4,31.0,0.33154280041996476,5,40.0,0.2645578933452963,14,85.0
890.0,5,17.0,0.3541666666666667,6.337994621516228,2,22.0,0.440019310489881,1,30.0,0.4239341897894622,2,39.0,0.4299110396477552,5,91.0
895.0,4,21.0,0.40384615384615385,8.556544051953455,1,10.0,0.6191625443146683,2,22.0,0.6518708939701526,1,23.0,0.5026591232422372,4,55.0
900.0,5,37.0,0.6607142857142857,9.530902996198384,3,13.0,0.5778942704269515,2,28.0,0.7091608344868636,0,8.0,0.698277908128556,5,49.0
905.0,3,35.0,0.6363636363636364,9.333064907173926,1,5.0,0.5058283880948989,2,36.0,0.7152380057991842,0,1.0,0.7383944051619082,3,42.0
910.0,9,66.0,1.1578947368421053,8.09112499710155,6,20.0,0.4610392544338506,2,44.0,0.6144619932923558,1,2.0,0.5821424883294929,9,66.0
915.0,8,71.0,1.126984126984127,7.605129564544105,4,33.0,0.37319421876395387,2,54.0,0.6072092057610788,2,7.0,0.6511787947508719,8,94.0
920.0,7,85.0,1.3076923076923077,8.628788987012404,2,19.0,0.5018181540715523,3,66.0,0.6525151492314416,2,13.0,0.6601901568938684,7,98.0
925.0,6,43.0,0.6417910447761194,8.736138525244526,2,15.0,0.5691550354674295,1,6.0,0.5696457551364843,3,27.0,0.6748844631758424,6,48.0
930.0,5,18.0,0.2647058823529412,8.212987942211113,1,3.0,0.513303954512722,4,18.0,0.515523178198241,0,7.0,0.5617960919615459,5,28.0
935.0,13,43.0,0.6825396825396826,5.97172757595395,7,21.0,0.28428754847412735,3,28.0,0.24561006990380493,3,10.0,0.32398845111173874,13,59.0
940.0,11,34.0,0.6071428571428571,5.408970292645287,6,47.0,0.30505639374262045,4,31.0,0.24300515958687777,1,19.0,0.4564499290036146,11,97.0
945.0,6,19.0,0.3392857142857143,8.01606844394134,3,38.0,0.4477810615046091,1,26.0,0.5999338437956772,2,4.0,0.6324488058738502,6,68.0
950.0,4,26.0,0.4126984126984127,9.518801308691371,2,24.0,0.5788099473147232,2,26.0,0.6563182410290375,0,0.0,0.7747234262615591,4,50.0
955.0,1,15.0,0.22727272727272727,9.554357314816357,1,20.0,0.6926567002487954,0,8.0,0.6482324314960319,0,0.0,0.7201363007704447,1,28.0
960.0,9,37.0,0.5211267605633803,8.336822457238231,2,21.0,0.5893682172861487,5,19.0,0.4469880444354426,2,4.0,0.5129929961129248,9,44.0
965.0,9,29.0,0.4142857142857143,7.284297876126112,2,7.0,0.43685125233875294,4,31.0,0.36526546146321626,3,13.0,0.542731298895169,9,51.0
970.0,11,40.0,0.5970149253731343,6.949150597883484,9,30.0,0.3443124747097187,2,30.0,0.38912911245579107,0,3.0,0.5605425925954844,11,63.0
975.0,10,51.0,0.7846153846153846,7.265934545985175,5,50.0,0.4259765265862004,2,26.0,0.4759908110341628,3,10.0,0.525956853594124,10,86.0
980.0,11,19.0,0.296875,6.276587996741233,1,27.0,0.5048477341070271,5,29.0,0.32561335641612255,5,22.0,0.4331654914107063,11,78.0
985.0,13,66.0,0.9565217391304348,6.875125840195132,0,0.0,0.5685503076195287,8,50.0,0.3500147314268399,5,26.0,0.39960885735366214,13,76.0
990.0,10,42.0,0.5753424657534246,7.10413087010272,1,3.0,0.5703511862122205,6,72.0,0.44109848412041375,3,29.0,0.3540403741914142,10,104.0
995.0,9,42.0,0.5753424657534246,7.809829324991402,2,15.0,0.6244366020874631,2,49.0,0.4246644279495825,5,27.0,0.4346072287396024,9,91.0
1000.0,12,75.0,1.0416666666666667,7.818633131840787,0,13.0,0.604588237369385,2,23.0,0.4749823328419385,10,63.0,0.40051404460062523,12,99.0
1005.0,13,66.0,0.9705882352941176,7.0431104248155565,3,11.0,0.557136760528692,3,28.0,0.35724957057623774,7,74.0,0.4119499496229643,13,113.0
1010.0,10,45.0,0.6818181818181818,6.262657068903606,6,35.0,0.31187414451441503,3,11.0,0.4674874915240026,1,46.0,0.39793234424115503,10,92.0
1015.0,13,69.0,1.0147058823529411,6.885780015439489,4,49.0,0.30735167638111516,6,29.0,0.44033191777193537,3,27.0,0.43992644761997546,13,105.0
1020.0,11,54.0,0.7605633802816901,7.464212150292724,2,28.0,0.4301963999561501,4,40.0,0.5102455982205386,5,39.0,0.4411510991900472,11,107.0
1025.0,7,23.0,0.3150684931506849,7.892543300810437,2,15.0,0.5921200951181077,3,28.0,0.5418916513188132,2,20.0,0.4501784292426304,7,63.0
1030.0,12,67.0,0.8933333333333333,8.507495914171932,3,29.0,0.616767396028777,2,22.0,0.6409876621019043,7,24.0,0.41820837418529366,12,75.0
1035.0,8,46.0,0.6388888888888888,7.665016076445361,0,13.0,0.6628547364633983,4,33.0,0.501717809753266,4,41.0,0.3563345363106096,8,87.0
1040.0,14,76.0,1.1343283582089552,6.8730071665657775,4,11.0,0.557867417783775,7,60.0,0.3962709500189125,3,35.0,0.3550708099203683,14,106.0
1045.0,10,32.0,0.47761194029850745,6.104893903810576,3,17.0,0.30150390340716265,3,36.0,0.37005920564239975,4,27.0,0.49220586006820777,10,80.0
1050.0,7,17.0,0.23943661971830985,6.792005368457081,1,5.0,0.3422637864854663,3,26.0,0.5186760909518138,3,21.0,0.34016859346987965,7,52.0
1055.0,16,73.0,1.028169014084507,7.470298054827343,0,0.0,0.5716971164109708,7,42.0,0.4671816879880448,9,41.0,0.199657381398323,16,83.0
1060.0,10,49.0,0.6712328767123288,7.3863295064771215,2,5.0,0.5577770203704978,1,42.0,0.40889155248331654,7,68.0,0.2952865131202287,10,115.0
1065.0,6,14.0,0.19718309859154928,7.126320576083185,2,9.0,0.46649524928337666,2,22.0,0.4737998932218924,2,51.0,0.41529613282342354,6,82.0
1070.0,10,39.0,0.527027027027027,7.445873237824473,5,24.0,0.46454737127769535,2,9.0,0.3941788374960326,3,27.0,0.5155704457881118,10,60.0
1075.0,10,27.0,0.375,6.8406151859563264,3,32.0,0.349508293686626,5,23.0,0.383405420379039,2,20.0,0.4861177709813552,10,75.0
1080.0,14,60.0,0.8955223880597015,6.166744416747784,5,32.0,0.3378355817221967,4,27.0,0.3336573347230171,5,30.0,0.25888431720969324,14,89.0
1085.0,15,88.0,1.353846153846154,6.908231126037939,8,65.0,0.44502590802053943,3,29.0,0.4388261987637621,4,41.0,0.3831931463560306,15,135.0
1090.0,13,127.0,1.8955223880597014,7.744236007641279,8,100.0,0.5110519985618044,5,38.0,0.48093372231364667,0,20.0,0.5390669984990508,13,158.0
1095.0,10,136.0,1.9710144927536233,8.357512306621283,9,137.0,0.44119136959391464,1,32.0,0.526138763033823,0,2.0,0.753690078781801,10,171.0
1100.0,15,200.0,2.857142857142857,8.165811740784028,10,184.0,0.36508312090409334,4,23.0,0.48230423688734125,1,2.0,0.6164803256503663,15,209.0
1105.0,16,124.0,1.7971014492753623,6.50814753197278,7,166.0,0.2094894914618645,6,40.0,0.3730553238612676,3,12.0,0.5949788264211887,16,218.0
1110.0,16,61.0,0.8714285714285714,7.19958111012141,6,123.0,0.35150680831149705,4,42.0,0.42008890960211986,6,25.0,0.51860593315098,16,190.0
1115.0,9,70.0,1.0606060606060606,8.73372960181094,7,75.0,0.4879854849419284,2,35.0,0.5217921144818322,0,8.0,0.6562009733374651,9,118.0
1120.0,6,16.0,0.26229508196721313,7.493073229270584,3,74.0,0.37919693454001274,1,22.0,0.366446101933617,2,8.0,0.7022889471580562,6,104.0
1125.0,13,56.0,0.9655172413793104,6.257119578048977,2,38.0,0.38142475012526383,6,45.0,0.2522877370914829,5,24.0,0.39300722964682355,13,107.0
1130.0,11,46.0,0.7931034482758621,5.991097580902408,3,42.0,0.4614646608897013,4,55.0,0.4030441953930839,4,32.0,0.16437030710950476,11,129.0
1135.0,6,10.0,0.14925373134328357,7.651202164578125,4,28.0,0.5149668732111093,0,27.0,0.48880316805018625,2,21.0,0.4871733433810393,6,76.0
1140.0,10,32.0,0.4507042253521127,8.16967214362711,6,28.0,0.49786894373421764,2,8.0,0.43460618595599115,2,15.0,0.5722168540152278,10,51.0
1145.0,12,47.0,0.6527777777777778,7.945785831757082,5,42.0,0.3610476373173923,2,13.0,0.569384059206424,5,36.0,0.5233091485764716,12,91.0
1150.0,6,13.0,0.19696969696969696,5.579778594007908,1,24.0,0.33032117958402957,1,10.0,0.4021269306589986,4,38.0,0.34170673977848637,6,72.0
1155.0,10,33.0,0.4647887323943662,7.055059061455498,2,14.0,0.47243875498217175,6,25.0,0.5207347770608081,2,22.0,0.302903359255866,10,61.0
1160.0,4,34.0,0.4788732394366197,8.797205134451112,1,13.0,0.6652114962533054,0,27.0,0.6401375616830495,3,25.0,0.4441307788405574,4,65.0
1165.0,8,17.0,0.2328767123287671,7.536559121168263,2,8.0,0.5614494177635175,3,10.0,0.5430929684171472,3,22.0,0.4083153476910179,8,40.0
1170.0,18,75.0,0.9615384615384616,7.79891112744655,5,21.0,0.5251581433178812,4,23.0,0.5302051186927255,9,39.0,0.40331943250392205,18,83.0
1175.0,14,41.0,0.5857142857142857,5.9792682230228635,3,20.0,0.50122233743675,2,12.0,0.32826987738138175,9,65.0,0.2870986373752095,14,97.0
1180.0,12,45.0,0.6521739130434783,5.637823371833044,1,11.0,0.4246664837967467,6,31.0,0.36029096146259065,5,62.0,0.23859139364521684,12,104.0
1185.0,9,24.0,0.3287671232876712,6.125216020933172,2,12.0,0.37678758704170584,3,42.0,0.47011235263336854,4,70.0,0.2983113543984023,9,124.0
1190.0,20,88.0,1.1891891891891893,6.513151336513853,8,36.0,0.3615754587853095,2,23.0,0.44845086790117633,10,113.0,0.3099138590420129,20,172.0
1195.0,17,68.0,0.9315068493150684,4.422592235548115,5,48.0,0.36664059401817733,3,24.0,0.12855145652537478,9,133.0,0.17606521941876208,17,205.0
1200.0,19,62.0,0.8611111111111112,5.570636715571417,2,29.0,0.4204891646764999,8,50.0,0.3601227255360916,9,118.0,0.20610160765960278,19,197.0
1205.0,10,36.0,0.48,6.496614609875448,3,19.0,0.4553866349129095,3,54.0,0.5014535090910044,4,138.0,0.22249011280357858,10,211.0
1210.0,15,54.0,0.6923076923076923,6.667768463124285,3,12.0,0.5142970472304212,3,27.0,0.5253074043114832,9,168.0,0.2621414086389687,15,207.0
1215.0,20,84.0,1.037037037037037,6.093394164549524,5,21.0,0.46258362754025795,5,28.0,0.36724884436932975,10,174.0,0.2506994074119607,20,223.0
1220.0,16,75.0,0.9375,5.35524430415118,8,52.0,0.37791374909427816,3,36.0,0.3248893099061049,5,124.0,0.24393847182173262,16,212.0
1225.0,16,66.0,0.8148148148148148,5.838432674227335,5,57.0,0.3416031136641167,5,32.0,0.38525008622364804,6,85.0,0.2880899947250157,16,174.0
1230.0,10,50.0,0.5952380952380952,7.0314020036786005,2,45.0,0.4145190194673827,4,51.0,0.5022834948805716,4,65.0,0.34248002777270586,10,161.0
1235.0,12,32.0,0.3764705882352941,6.980871090197609,4,44.0,0.30920710214115393,5,52.0,0.6060326152059882,3,59.0,0.3727287221143719,12,155.0
1240.0,19,60.0,0.6896551724137931,6.1425255603462166,8,74.0,0.3394654091605118,2,39.0,0.3626629623317432,9,59.0,0.3228876009103194,19,172.0
1245.0,25,118.0,1.4216867469879517,4.991235551513298,6,84.0,0.3538701722757187,7,39.0,0.1806861770622057,12,100.0,0.18964128775436573,25,223.0
1250.0,23,105.0,1.3291139240506329,4.633555168411551,5,59.0,0.27782143318123254,7,62.0,0.25230047059000393,11,132.0,0.12422695856815281,23,253.0
1255.0,16,48.0,0.6,5.394665422005131,3,51.0,0.2627811258502517,3,47.0,0.45603644858059184,10,130.0,0.2563093181967797,16,228.0
1260.0,17,82.0,1.0,7.233434706629394,8,68.0,0.3001958861536533,4,33.0,0.5885337935993165,5,89.0,0.4380193644181611,17,190.0
1265.0,11,48.0,0.5581395348837209,6.713745894702722,6,77.0,0.3396325288306393,2,30.0,0.4897792891571969,3,73.0,0.4258535077798385,11,180.0
1270.0,11,34.0,0.38636363636363635,6.032192949239789,4,57.0,0.33526661485631676,4,25.0,0.42165554939317645,3,66.0,0.338166174868305,11,148.0
1275.0,20,84.0,0.9130434782608695,6.2935570946832,5,58.0,0.3680907710360849,7,49.0,0.37659047516665933,8,87.0,0.26056117110212174,20,194.0
1280.0,23,114.0,1.2666666666666666,5.749588787439555,3,55.0,0.38936540048239604,6,59.0,0.29194048580291493,14,145.0,0.1887503579419959,23,259.0
1285.0,25,202.0,2.269662921348315,5.735296352148491,6,75.0,0.35151731584409224,3,41.0,0.40899174126202065,16,223.0,0.18484812879571363,25,339.0
1290.0,20,156.0,1.8795180722891567,4.95885390164683,5,82.0,0.2974263380437418,2,23.0,0.3601799474970306,13,260.0,0.25931361840036876,20,365.0
1295.0,18,89.0,1.1125,5.049659420275022,5,67.0,0.27909853008958796,6,41.0,0.341973383160197,7,215.0,0.29053526821375186,18,323.0
1300.0,15,75.0,0.9036144578313253,6.293046276850441,5,60.0,0.2707197611328949,4,52.0,0.4914107490323383,6,128.0,0.3032326918284519,15,240.0
1305.0,14,79.0,0.8876404494382022,6.49763727137977,5,72.0,0.3768553263090635,6,39.0,0.4458129378262912,3,132.0,0.34869111216774984,14,243.0
1310.0,13,78.0,0.8863636363636364,6.859980566542675,0,56.0,0.45588847996859166,6,50.0,0.4621053927302758,7,156.0,0.32645525010881965,13,262.0
1315.0,11,48.0,0.5454545454545454,6.1569826591856724,4,30.0,0.49451834941924294,1,44.0,0.285191482779197,6,156.0,0.2797013498708859,11,230.0
1320.0,15,41.0,0.47674418604651164,5.411245721254528,4,38.0,0.3026174081259526,6,22.0,0.3242964042590608,5,116.0,0.22274009106502274,15,176.0
1325.0,15,30.0,0.36585365853658536,5.43976004697202,7,40.0,0.21519035400161704,5,42.0,0.4064460633916436,3,108.0,0.29450775645402155,15,190.0
1330.0,13,52.0,0.6046511627906976,5.9339198643357784,4,42.0,0.39449738327586475,2,38.0,0.41904381713617517,7,134.0,0.2171183050232578,13,214.0
1335.0,10,45.0,0.5172413793103449,6.098871908248719,0,27.0,0.5083303366517581,3,40.0,0.4578483645099967,7,134.0,0.19531628370848547,10,201.0
1340.0,10,27.0,0.3103448275862069,5.870694140616264,4,39.0,0.43968432917989536,1,26.0,0.36497291725355596,5,98.0,0.23814519293314101,10,163.0
1345.0,16,47.0,0.5280898876404494,5.771288097875906,5,46.0,0.32423992365469856,5,32.0,0.34251843283587025,6,74.0,0.27184809129287757,16,152.0
1350.0,17,64.0,0.7111111111111111,5.089089776800081,5,51.0,0.25937838743527625,8,66.0,0.3909453665265044,4,66.0,0.17554699525841364,17,183.0
1355.0,16,75.0,0.8333333333333334,5.035680436915604,3,58.0,0.25372311688714894,7,82.0,0.28992738394764545,6,79.0,0.21506660008612255,16,219.0
1360.0,21,110.0,1.2359550561797752,5.535569031496826,6,74.0,0.303965781710193,4,70.0,0.24577768048556137,11,123.0,0.2799365443438318,21,267.0
1365.0,16,72.0,0.9,5.331558252956549,5,80.0,0.32959125642147585,2,48.0,0.3642841556460684,9,135.0,0.2857285509942535,16,263.0
1370.0,19,76.0,0.987012987012987,5.524730926800651,5,48.0,0.2891402860537075,4,49.0,0.5491366540999129,10,116.0,0.28751379940116367,19,213.0
1375.0,16,86.0,0.9555555555555556,6.139346709568479,5,51.0,0.31601488634786945,5,55.0,0.5793605565012964,6,120.0,0.2832031613740799,16,226.0
1380.0,15,98.0,1.0315789473684212,6.597000820594011,3,59.0,0.3180660324906642,4,68.0,0.5579137278001961,8,144.0,0.33481037845747563,15,271.0
1385.0,15,37.0,0.4111111111111111,4.99520803299903,6,70.0,0.19449757479650773,3,42.0,0.34197709487648953,6,153.0,0.22925652916642575,15,265.0
1390.0,13,41.0,0.4823529411764706,4.730716343410403,4,71.0,0.1867448157785034,6,27.0,0.3103801699907718,3,123.0,0.18611827910958337,13,221.0
1395.0,16,95.0,1.1585365853658536,5.733296950419152,3,59.0,0.2150457672529935,9,70.0,0.47861216799320777,4,97.0,0.24697955019255616,16,226.0
1400.0,15,130.0,1.5853658536585367,4.934928601991842,2,46.0,0.2457065117499847,11,120.0,0.35090189320093323,2,86.0,0.24610456912987447,15,252.0
1405.0,16,97.0,1.127906976744186,4.619310957759158,2,41.0,0.2663835217744108,7,134.0,0.27178133019230793,7,105.0,0.2106478770245939,16,280.0
1410.0,23,106.0,1.2325581395348837,4.4304903336412105,5,56.0,0.2536313160196185,4,96.0,0.24275004083159066,14,158.0,0.2137473122680386,23,310.0
1415.0,18,87.0,1.0740740740740742,4.66194216361308,4,65.0,0.3532930166797337,2,41.0,0.2854924605816796,12,182.0,0.2589067199114975,18,288.0
1420.0,15,59.0,0.6781609195402298,5.542726165444916,4,55.0,0.3517334886291348,4,47.0,0.5779850965978297,7,138.0,0.31239561781207664,15,240.0
1425.0,13,74.0,0.7708333333333334,6.003115784752004,1,47.0,0.38382986499172234,7,55.0,0.49634747669144863,5,111.0,0.3284590539425917,13,213.0
1430.0,14,63.0,0.6428571428571429,5.820730428286755,5,63.0,0.27790588581603026,2,50.0,0.6180413657403504,7,103.0,0.2902489498690256,14,216.0
1435.0,11,19.0,0.19387755102040816,5.507984563807443,6,71.0,0.1334852041732153,1,18.0,0.6688392464203494,4,107.0,0.3398935435690965,11,196.0
1440.0,12,35.0,0.3645833333333333,5.28864343792547,4,60.0,0.20116731060900034,2,20.0,0.4151243371345586,6,109.0,0.23876265477913516,12,189.0
1445.0,14,58.0,0.6170212765957447,5.1788044204749735,3,45.0,0.3180675449667675,3,29.0,0.3560031148816138,8,128.0,0.26895547559086425,14,202.0
1450.0,15,90.0,0.967741935483871,6.114534466168206,4,41.0,0.33366502783565904,4,45.0,0.507050687298086,7,119.0,0.3227019912583578,15,205.0
1455.0,13,50.0,0.5,5.719544549621798,5,25.0,0.3433872459327971,3,37.0,0.461556514033432,5,108.0,0.2990465606700184,13,170.0
1460.0,16,48.0,0.46601941747572817,6.38608976513584,4,24.0,0.3739970798671621,4,29.0,0.5402498818901931,8,110.0,0.2590829539311943,16,163.0
1465.0,16,56.0,0.5833333333333334,4.31214810720584,5,35.0,0.21339142551018833,3,32.0,0.26863855878283954,8,116.0,0.18738316439339794,16,183.0
1470.0,25,92.0,0.968421052631579,4.225745372339561,8,59.0,0.2346806479034539,8,46.0,0.37060780316371483,9,128.0,0.17323715661203978,25,233.0
1475.0,16,50.0,0.5208333333333334,4.707298172632368,3,61.0,0.2965719969940108,6,50.0,0.4115154968460986,7,102.0,0.2410741155131767,16,213.0
1480.0,17,66.0,0.6407766990291263,4.953468968595863,6,57.0,0.23957408398995308,6,50.0,0.3999435523212259,5,120.0,0.20618554941050923,17,227.0
1485.0,26,122.0,1.161904761904762,4.573510350148933,6,73.0,0.1864544445886472,10,77.0,0.26440250050821057,10,134.0,0.1582183819063424,26,284.0
1490.0,34,246.0,2.484848484848485,4.002582777956745,5,58.0,0.19031251913168132,14,136.0,0.23234861512151084,15,181.0,0.12410180782168864,34,375.0
1495.0,34,278.0,2.9263157894736844,3.4985655692153355,6,63.0,0.21512794252189724,10,162.0,0.2474240167611859,18,264.0,0.12339959161585012,34,489.0
1500.0,30,226.0,2.306122448979592,3.901945399525258,7,75.0,0.23771850485878382,7,135.0,0.24112927118416708,16,295.0,0.14278605406803777,30,505.0
1505.0,19,92.0,0.9292929292929293,4.530945075878529,7,85.0,0.25281542870829804,2,112.0,0.36822433941737664,10,257.0,0.2529484623848562,19,454.0
1510.0,18,72.0,0.7128712871287128,5.037494790214848,5,65.0,0.24713869983718287,4,120.0,0.4624549368399919,9,247.0,0.2277327293897048,18,432.0
1515.0,22,87.0,0.8207547169811321,5.182967915425126,7,61.0,0.21031350305547947,1,99.0,0.4829770565759949,14,301.0,0.1279912590999263,22,461.0
1520.0,20,64.0,0.6213592233009708,4.8202439948300375,4,68.0,0.2778566981490832,3,61.0,0.3320865301859476,13,314.0,0.21413467423644764,20,443.0
1525.0,12,54.0,0.5346534653465347,5.433926997501519,4,54.0,0.3037847625243401,4,36.0,0.331394716697693,4,253.0,0.29487684171841133,12,343.0
1530.0,12,28.0,0.2828282828282828,4.749172461667679,5,54.0,0.2952183072275783,3,44.0,0.37329192181066106,4,255.0,0.2376250559701494,12,353.0
1535.0,16,55.0,0.5445544554455446,5.2779491345626885,4,46.0,0.2915403490181815,3,43.0,0.435851307330235,9,285.0,0.18050975580877196,16,374.0
1540.0,20,89.0,0.8640776699029126,5.311025342785719,4,43.0,0.3062186723758141,7,57.0,0.39428407356554956,9,279.0,0.12991721190582572,20,379.0
1545.0,18,77.0,0.7777777777777778,4.404415095258762,3,35.0,0.2958262561528155,10,76.0,0.27461758833898414,5,233.0,0.1510573604646303,18,344.0
1550.0,12,58.0,0.5858585858585859,5.111002357026826,1,23.0,0.3099950441227568,7,84.0,0.3428497740426332,4,176.0,0.3114772689976965,12,283.0
1555.0,13,35.0,0.330188679245283,5.216917913334644,3,29.0,0.3485084997459827,6,103.0,0.32260664068517875,4,163.0,0.2421887503960375,13,295.0
1560.0,18,66.0,0.66,5.497985512196558,5,41.0,0.3670076542437525,6,131.0,0.25148089655930106,7,176.0,0.2752573210830366,18,348.0
1565.0,22,108.0,1.148936170212766,3.9376169433740347,5,39.0,0.25960133543193864,6,140.0,0.1888895452590845,11,222.0,0.13082759915236497,22,401.0
1570.0,21,92.0,1.0222222222222221,3.633308470878311,3,48.0,0.26693791290877905,7,135.0,0.1889210750579064,11,237.0,0.19661819513870613,21,420.0
1575.0,21,100.0,1.0416666666666667,4.795783068809417,8,65.0,0.3098855873179088,6,122.0,0.22496465492618448,7,165.0,0.3267978619738999,21,352.0
1580.0,24,170.0,1.7708333333333333,5.510864927667572,11,112.0,0.22473629273735202,6,119.0,0.422482022751358,7,136.0,0.38882360308161007,24,367.0
1585.0,18,84.0,0.8316831683168316,5.1548776832134235,11,132.0,0.11429212769012322,0,98.0,0.47866353206783296,7,120.0,0.3599041338099893,18,350.0
1590.0,22,90.0,0.9,5.642635683120955,8,114.0,0.1933848569006394,5,70.0,0.4964923250087722,9,129.0,0.3547677554790279,22,313.0
1595.0,18,102.0,1.02,6.031323692910742,7,96.0,0.22001447729875864,4,70.0,0.3991620761993934,7,129.0,0.4037659098028844,18,295.0
1600.0,12,42.0,0.4077669902912621,5.413299515892519,6,122.0,0.24082115589742523,3,51.0,0.2772035581549722,3,118.0,0.4739956003154496,12,291.0
1605.0,14,64.0,0.6153846153846154,6.032926573492802,8,157.0,0.31305691498448857,3,41.0,0.2595627411111918,3,103.0,0.47646654403648697,14,301.0
1610.0,15,84.0,0.875,6.125848505660791,5,164.0,0.3440087056579662,4,41.0,0.3536426400364998,6,111.0,0.37318905239031364,15,316.0
1615.0,14,57.0,0.6263736263736264,5.089135131338636,4,139.0,0.30658599996828656,2,38.0,0.4288214529603159,8,128.0,0.1959134966176234,14,305.0
1620.0,22,98.0,1.0103092783505154,5.731957827826661,7,125.0,0.3217754715345767,7,39.0,0.3976363398281163,8,116.0,0.22146871210841523,22,280.0
1625.0,19,54.0,0.5094339622641509,4.917699847165011,5,128.0,0.247653080752178,9,65.0,0.2987782484735594,5,135.0,0.30145601865211363,19,328.0
1630.0,22,82.0,0.7592592592592593,5.009781461920341,9,137.0,0.27114694929815714,8,72.0,0.1655669581182531,5,143.0,0.36630195082712647,22,352.0
1635.0,24,104.0,0.9811320754716981,4.713578627347024,8,143.0,0.3031444497845912,11,90.0,0.19778366062886701,5,129.0,0.27548241189239003,24,362.0
1640.0,25,97.0,0.9326923076923077,4.5946821600342185,10,136.0,0.24068498451174922,6,109.0,0.3312558001949518,9,111.0,0.31896539023142934,25,356.0
1645.0,22,118.0,1.0825688073394495,5.0143670918653624,11,135.0,0.20540696679054568,8,99.0,0.34295325677762056,3,120.0,0.3162356987596391,22,354.0
1650.0,23,102.0,0.9026548672566371,4.353885305600807,7,152.0,0.21367772454440898,8,115.0,0.21020288469649037,8,125.0,0.2320098417817474,23,392.0
1655.0,35,161.0,1.4504504504504505,4.153675041438508,9,142.0,0.2511209706207355,13,124.0,0.12046195264657647,13,177.0,0.24444912263050167,35,443.0
1660.0,28,119.0,1.072072072072072,3.7822969158813993,9,141.0,0.23713540047608278,7,122.0,0.19912926983092524,12,189.0,0.23429381488973636,28,452.0
1665.0,27,103.0,0.9279279279279279,4.72288935967757,11,135.0,0.22904987053686007,7,90.0,0.32054937269352995,9,157.0,0.29984263666875727,27,382.0
1670.0,24,123.0,1.0789473684210527,4.054817183070318,7,141.0,0.1566155965115535,9,109.0,0.3096071083944345,8,186.0,0.14812799094413115,24,436.0
1675.0,39,159.0,1.347457627118644,3.5036186350099756,12,143.0,0.13971833906039702,11,121.0,0.14411883085874827,16,244.0,0.15058685603343444,39,508.0
1680.0,37,215.0,1.8859649122807018,3.695678651642385,15,189.0,0.19969041684098374,9,109.0,0.2108747406819275,13,267.0,0.16825966928325523,37,565.0
1685.0,34,296.0,2.6194690265486726,4.826762144941478,18,268.0,0.23272443364313994,7,106.0,0.3385637007350502,9,235.0,0.253863147341073,34,609.0
1690.0,36,267.0,2.3421052631578947,3.9322645858695164,19,301.0,0.1369073387437367,7,110.0,0.3352942553183826,10,257.0,0.27816132536131555,36,668.0
1695.0,33,189.0,1.588235294117647,3.9646888148938686,16,295.0,0.12448693459360524,8,112.0,0.3393880873102813,9,282.0,0.25644964407957493,33,689.0
1700.0,32,196.0,1.5806451612903225,4.090727787159703,14,350.0,0.16488288457557887,4,83.0,0.33147760117637026,14,340.0,0.15103097087766204,32,773.0
1705.0,43,242.0,1.967479674796748,4.068847052970045,18,400.0,0.14783401408719316,9,95.0,0.3185089287874526,16,360.0,0.12469301247995637,43,855.0
1710.0,44,235.0,2.06140350877193,3.474037456017325,24,502.0,0.11035226133828244,7,110.0,0.2208568212564191,13,327.0,0.16435814416276004,44,939.0
1715.0,37,261.0,2.3513513513513513,3.7617862809627822,22,609.0,0.15905921792942906,6,90.0,0.3309024194313348,9,365.0,0.21189916357948582,37,1064.0
1720.0,43,306.0,2.6379310344827585,4.042109473518547,20,636.0,0.1711103229103707,6,84.0,0.37295239938407526,17,419.0,0.18258924496265802,43,1139.0
1725.0,43,315.0,2.763157894736842,3.8982650528186866,17,570.0,0.1703864159418851,6,84.0,0.315354882780042,20,505.0,0.1644434957978042,43,1159.0
1730.0,32,183.0,1.5775862068965518,3.639352560873535,12,566.0,0.17845715238729662,4,76.0,0.3437599101179267,16,535.0,0.17585394228008525,32,1177.0
1735.0,30,137.0,1.1322314049586777,4.463141856211439,14,613.0,0.17174060666682525,3,40.0,0.5196496818028461,13,481.0,0.1653492216089855,30,1134.0
1740.0,24,95.0,0.7983193277310925,4.324423459019705,12,614.0,0.13699821421620878,2,31.0,0.4639472504302114,10,503.0,0.16853709968315642,24,1148.0
1745.0,25,111.0,0.9823008849557522,4.332742690233447,9,535.0,0.11759199735132181,5,54.0,0.4823993366643682,11,534.0,0.16229913609623867,25,1123.0
1750.0,19,74.0,0.6915887850467289,3.5906332846496456,2,522.0,0.16128482297941119,5,54.0,0.3962447279151227,12,529.0,0.10801042664933357,19,1105.0
1755.0,24,85.0,0.8018867924528302,4.31601683325191,8,516.0,0.22078059200769048,2,37.0,0.49587454531646197,14,475.0,0.1633841607182471,24,1028.0
1760.0,20,78.0,0.7358490566037735,4.425404475123656,10,482.0,0.18040257794576103,2,23.0,0.5317904449433748,8,455.0,0.22698820925110427,20,960.0
1765.0,18,52.0,0.48598130841121495,4.382995369791544,8,398.0,0.13557349916846256,3,27.0,0.5042328602874521,7,463.0,0.2268185654496455,18,888.0
1770.0,22,94.0,0.8545454545454545,4.613022263203246,5,394.0,0.2101003382416855,5,30.0,0.44272682955439546,12,493.0,0.12071759090175685,22,917.0
1775.0,28,111.0,1.018348623853211,3.71703957704518,8,416.0,0.15160745683728702,5,38.0,0.318336909493882,15,483.0,0.10660389592678372,28,937.0
1780.0,25,97.0,0.9326923076923077,3.6895996541531106,9,404.0,0.13274485397977034,6,47.0,0.3669512250935265,10,405.0,0.22031738698114894,25,856.0
1785.0,17,77.0,0.7264150943396226,4.625870066864467,5,333.0,0.2394602790066989,2,42.0,0.44089253397651523,10,341.0,0.23741520784695772,17,716.0
1790.0,16,58.0,0.5272727272727272,4.833453094675433,2,297.0,0.19673409536696507,3,32.0,0.5707548106974223,11,377.0,0.1927859559247971,16,706.0
1795.0,26,95.0,0.8482142857142857,4.266249777987264,9,311.0,0.16567694581727366,3,38.0,0.269582587481496,14,418.0,0.1335254219427517,26,767.0
1800.0,25,130.0,1.2745098039215685,4.083714335399208,12,359.0,0.2476264888665159,3,43.0,0.23243761799124782,10,429.0,0.18481767122814735,25,831.0
1805.0,27,141.0,1.4242424242424243,3.9472478608339365,11,345.0,0.18890870326975007,5,51.0,0.45513930214603054,11,372.0,0.2225546026321433,27,768.0
1810.0,24,75.0,0.7281553398058253,3.69601336600365,10,273.0,0.17648606734625927,2,43.0,0.5786625580718885,12,397.0,0.1556000133540705,24,713.0
1815.0,27,121.0,1.110091743119266,4.866231791929551,11,189.0,0.20682953166366463,2,16.0,0.684852922730205,14,407.0,0.10801076661042242,27,612.0
1820.0,28,132.0,1.233644859813084,3.95839715299055,11,214.0,0.17583422878848887,3,19.0,0.48359657735554606,14,449.0,0.08382457396107625,28,682.0
1825.0,35,249.0,2.3714285714285714,4.153521835324911,11,216.0,0.23465589720728225,3,21.0,0.3616316669757183,21,526.0,0.14197608561808261,35,763.0
1830.0,32,332.0,3.1619047619047618,4.030430120931717,5,198.0,0.284492205922318,1,10.0,0.3911079415219031,26,630.0,0.1406967772986108,32,838.0
1835.0,41,470.0,4.519230769230769,4.0231166723026455,9,123.0,0.21671850821390684,3,11.0,0.5400672889933205,29,760.0,0.09180451529587232,41,894.0
1840.0,46,507.0,4.694444444444445,4.369891037049301,10,122.0,0.2307508196389247,6,33.0,0.5478670752272077,30,811.0,0.08729132377939518,46,966.0
1845.0,36,353.0,3.18018018018018,4.1560637100780164,6,125.0,0.22457226741181122,3,44.0,0.5301977701142426,27,770.0,0.09212333420898924,36,939.0
1850.0,29,245.0,2.227272727272727,4.301371337694398,5,111.0,0.25192676840686723,2,35.0,0.36226175373028674,22,879.0,0.17699560304194364,29,1025.0
1855.0,31,273.0,2.4375,5.012639060756663,7,117.0,0.2668619566354324,5,32.0,0.3870028655515555,19,952.0,0.19365154031416898,31,1101.0
1860.0,31,258.0,2.4571428571428573,4.243420951144837,7,115.0,0.20548897986779632,2,34.0,0.307117626840126,22,1042.0,0.15279276949909346,31,1191.0
1865.0,38,187.0,1.87,3.209611207144363,11,123.0,0.16013222466870244,7,35.0,0.27766208313432206,20,1033.0,0.08211973461993419,38,1191.0
1870.0,28,126.0,1.26,3.7066310334139603,5,128.0,0.21893594000060473,3,43.0,0.470373279247374,20,858.0,0.10269270608113573,28,1029.0
1875.0,18,75.0,0.7075471698113207,4.888125118322879,4,130.0,0.3074570822561788,1,27.0,0.5179941580839277,13,886.0,0.2120550710544469,18,1043.0
1880.0,21,90.0,0.8333333333333334,5.1969287816889755,8,162.0,0.2726259449302616,2,15.0,0.5467962466277492,11,912.0,0.18688606861620674,21,1089.0
1885.0,27,129.0,1.2403846153846154,4.057326420432713,8,173.0,0.183187008610957,2,5.0,0.35543244651056427,17,974.0,0.13687755432909207,27,1152.0
1890.0,33,145.0,1.5104166666666667,3.7260935224778655,8,161.0,0.24813470928057593,6,28.0,0.3645241784984023,19,945.0,0.1128020593215616,33,1134.0
1895.0,23,99.0,1.0206185567010309,4.179757406529823,9,138.0,0.19227070221549916,2,37.0,0.5117609585419394,12,804.0,0.14166375905359296,23,979.0
1900.0,19,58.0,0.5686274509803921,4.418198537626207,6,157.0,0.25532664083176937,2,23.0,0.5944155605758682,11,751.0,0.19168004720698611,19,931.0
1905.0,20,78.0,0.7222222222222222,5.225618450524122,7,172.0,0.2744849243491219,2,25.0,0.7018787257312256,11,794.0,0.17559205685523188,20,991.0
1910.0,26,134.0,1.3009708737864079,4.286614417950135,9,209.0,0.2973937617322304,2,6.0,0.27937141023770334,15,862.0,0.12387734787082684,26,1077.0
1915.0,33,168.0,1.6310679611650485,3.509338015786205,10,225.0,0.2032638171301052,8,35.0,0.1562247732516223,15,833.0,0.11047612874685925,33,1093.0
1920.0,30,130.0,1.2621359223300972,3.7858570128730973,12,220.0,0.16047253861625907,3,52.0,0.4399510634005775,15,714.0,0.16871695748160223,30,986.0
1925.0,21,69.0,0.6330275229357798,4.07578590291704,8,256.0,0.20499553223964936,2,30.0,0.5509519699947868,11,766.0,0.15436383497235634,21,1052.0
1930.0,26,95.0,0.8050847457627118,4.382846720720341,9,284.0,0.22449912000227704,2,31.0,0.46938468922093934,15,816.0,0.11757690013705671,26,1131.0
1935.0,31,107.0,0.9553571428571429,3.2222662188919355,10,299.0,0.1746096153046001,5,37.0,0.24313567960457716,16,798.0,0.1166795646529322,31,1134.0
1940.0,33,131.0,1.201834862385321,3.7758308391135174,10,288.0,0.15172796131547428,8,74.0,0.4220874941020776,15,686.0,0.1421912143624649,33,1048.0
1945.0,19,127.0,1.1441441441441442,3.9861508963709844,4,273.0,0.14776268232835235,8,114.0,0.4896149643417081,7,636.0,0.16162491237847756,19,1023.0
1950.0,22,173.0,1.5043478260869565,4.0604030954153245,7,282.0,0.17540206164650762,8,154.0,0.2648355666831681,7,647.0,0.15209184680916876,22,1083.0
1955.0,21,100.0,0.8771929824561403,3.733672867510303,6,278.0,0.19001671295509298,6,143.0,0.19433516309807541,9,603.0,0.11731487725221722,21,1024.0
1960.0,21,69.0,0.6448598130841121,3.403926235528612,6,224.0,0.18239318801163987,3,82.0,0.395171368585275,12,497.0,0.14930266450761334,21,803.0
1965.0,22,87.0,0.7699115044247787,4.050854306171777,9,208.0,0.23051354024756132,6,93.0,0.45227756477685105,7,498.0,0.18292420208870935,22,799.0
1970.0,27,175.0,1.4462809917355373,4.266427319964328,10,189.0,0.2083684539605348,9,127.0,0.3766588186270065,8,497.0,0.1363853759977132,27,813.0
1975.0,32,182.0,1.467741935483871,3.6224205100726348,9,199.0,0.24303029634067913,13,184.0,0.24217947290428932,10,459.0,0.14681295213753812,32,842.0
1980.0,33,143.0,1.144,3.919182353739773,6,151.0,0.2418993728682457,14,202.0,0.24352286108214063,13,282.0,0.1455294286985956,33,635.0
1985.0,24,102.0,0.8429752066115702,4.516243984805976,9,147.0,0.3582747867115514,6,155.0,0.32766475986045945,9,305.0,0.18787407268358325,24,607.0
1990.0,27,148.0,1.2131147540983607,4.611048844232053,13,191.0,0.29984710793016695,4,93.0,0.26079840931345294,10,318.0,0.17085159176740222,27,602.0
1995.0,29,185.0,1.5416666666666667,4.306956372152389,12,205.0,0.24585284509255165,3,97.0,0.3135546782118838,14,356.0,0.1422311224359734,29,658.0
2000.0,42,288.0,2.5945945945945947,3.830892298051769,14,200.0,0.1736924514099846,7,108.0,0.2459472645740368,21,433.0,0.13298241866400862,42,741.0
2005.0,47,422.0,3.8018018018018016,3.601047589046482,13,193.0,0.19636799995059878,7,114.0,0.27579474170976476,27,553.0,0.10538686221005467,47,860.0
2010.0,43,371.0,3.254385964912281,3.517474775365002,9,223.0,0.24407792100085943,2,73.0,0.41666144733320365,32,599.0,0.09646663286681377,43,895.0
2015.0,42,333.0,2.7983193277310923,4.318173365646314,8,233.0,0.3592122235782195,3,53.0,0.4027030196208285,31,586.0,0.08013748737305412,42,872.0
2020.0,40,286.0,2.403361344537815,4.240877903405415,9,271.0,0.31140057072516875,5,43.0,0.34161864674366565,26,685.0,0.11751612023498213,40,999.0
2025.0,45,325.0,2.6639344262295084,4.2920432263777615,12,313.0,0.24526730047183373,8,70.0,0.3578000523733383,25,799.0,0.11086681666320534,45,1182.0
2030.0,40,292.0,2.584070796460177,3.141344378574843,13,330.0,0.1738494145474733,10,100.0,0.1711892271925954,17,820.0,0.13365610923463278,40,1250.0
2035.0,37,230.0,2.110091743119266,3.3688149046773423,13,312.0,0.24519665421402254,13,131.0,0.28677412331707625,11,732.0,0.14046618825108811,37,1175.0
2040.0,23,129.0,1.1217391304347826,4.451008748577302,13,285.0,0.27000202048095134,4,159.0,0.4440733367129118,6,724.0,0.17003759219495465,23,1168.0
2045.0,24,98.0,0.8099173553719008,4.454220275523184,12,327.0,0.25382101406512797,4,150.0,0.33592266144353944,8,747.0,0.13270416164567644,24,1224.0
2050.0,23,90.0,0.7627118644067796,3.9413771660150028,9,345.0,0.1985167984202829,5,129.0,0.22606588698122249,9,716.0,0.12422790503641593,23,1190.0
2055.0,18,84.0,0.7567567567567568,4.263275426606142,10,392.0,0.25068340196848554,3,99.0,0.3819034612424367,5,618.0,0.15803935167236302,18,1109.0
2060.0,18,79.0,0.7117117117117117,4.6020687251276735,10,395.0,0.23842227691571719,3,110.0,0.40307556712575654,5,474.0,0.22227546994329697,18,979.0
2065.0,21,75.0,0.6818181818181818,4.439432266024461,12,360.0,0.23624313058851892,5,131.0,0.48821826489255216,4,452.0,0.19129523240582086,21,943.0
2070.0,22,80.0,0.7142857142857143,3.8667401681761264,9,396.0,0.20352537747040492,6,128.0,0.28249036450696263,7,458.0,0.17511942894868313,22,982.0
2075.0,32,151.0,1.3130434782608695,3.9172515550537548,13,420.0,0.17349377239259087,7,97.0,0.21065496486199922,12,503.0,0.2131046131612196,32,1020.0
2080.0,34,133.0,1.2201834862385321,3.3076320786323654,14,429.0,0.1738140094827057,5,75.0,0.24468693850584808,15,505.0,0.17698159281588674,34,1009.0
2085.0,32,131.0,1.190909090909091,3.3974133131420627,9,390.0,0.11674775655390238,6,102.0,0.34834639317604654,17,448.0,0.15812617996968978,32,940.0
2090.0,23,122.0,1.0517241379310345,4.246351455068988,9,321.0,0.20693833236951004,3,94.0,0.4832493238528196,11,465.0,0.15986706565676667,23,880.0
2095.0,20,60.0,0.4918032786885246,4.4730961229853206,5,316.0,0.23555309728861343,1,50.0,0.4336216314042149,14,513.0,0.20141533785802898,20,879.0
2100.0,29,129.0,1.032,4.565101621517156,8,293.0,0.27115237761504507,2,34.0,0.3990360966186213,19,575.0,0.15058485530028087,29,902.0
2105.0,33,251.0,2.1092436974789917,4.288132276448267,10,326.0,0.2827591005561366,1,22.0,0.3384639872263538,22,675.0,0.09273003032622505,33,1023.0
2110.0,37,247.0,2.2454545454545456,3.5906798290840642,11,330.0,0.18940488144016693,4,32.0,0.35987532238530695,22,690.0,0.07711713880806012,37,1052.0
2115.0,34,189.0,1.8,3.1955258445465984,10,274.0,0.16107765547222358,5,33.0,0.25062696422100506,19,616.0,0.07900027449348035,34,923.0
2120.0,33,201.0,1.8962264150943395,3.8439558485162983,9,213.0,0.1993704808440824,5,44.0,0.45321035856932995,19,665.0,0.125904789046381,33,922.0
2125.0,38,189.0,1.6875,3.9804073064769305,8,231.0,0.19076611582070496,8,72.0,0.4457211681002376,22,760.0,0.10396162308116043,38,1063.0
2130.0,37,209.0,1.9,3.6539085553544024,8,241.0,0.2177962648365792,11,112.0,0.19834130827824345,18,762.0,0.13630231553625843,37,1115.0
2135.0,25,132.0,1.2452830188679245,3.640193474650924,6,236.0,0.23846831663603518,11,132.0,0.1842723847054194,8,599.0,0.16651893519163358,25,967.0
2140.0,22,128.0,1.1851851851851851,4.24490043440184,4,184.0,0.29300868330431495,13,124.0,0.2980821354855991,5,627.0,0.17122120030813615,22,935.0
2145.0,23,127.0,1.1140350877192982,4.257354469517146,5,186.0,0.19132124255658547,8,141.0,0.34258949639219183,10,660.0,0.1569792088353531,23,987.0
2150.0,26,126.0,1.1454545454545455,3.518350607716706,8,210.0,0.20225343479452734,8,147.0,0.2702205905706089,10,623.0,0.10950953363756923,26,980.0
2155.0,28,134.0,1.2407407407407407,3.6013168959386785,12,258.0,0.21702261850469318,6,172.0,0.2773953733619281,10,526.0,0.1527249374656788,28,956.0
2160.0,33,234.0,2.1272727272727274,4.102662492660227,17,324.0,0.1883312465894117,8,191.0,0.2948240985045825,8,410.0,0.1719203248135956,33,925.0
2165.0,27,213.0,1.868421052631579,4.47469940453553,15,337.0,0.11978655127731415,6,192.0,0.3296513168531701,6,318.0,0.2161900007900583,27,847.0
2170.0,24,129.0,1.18348623853211,4.399453373772025,14,299.0,0.16381077864338797,7,149.0,0.34459314403370395,3,306.0,0.3030418214899573,24,754.0
2175.0,21,110.0,0.9734513274336283,4.798627524200974,12,351.0,0.21659476590319715,2,121.0,0.3861658145006416,7,294.0,0.26179196113379377,21,766.0
2180.0,32,190.0,1.6666666666666667,5.257197790905362,16,413.0,0.24759244915087836,3,73.0,0.4101419895865931,13,331.0,0.2393128065962844,32,817.0
2185.0,31,149.0,1.3796296296296295,3.5661896439783507,12,428.0,0.23083726537549998,3,60.0,0.28078087736071333,16,343.0,0.13692351360841032,31,831.0
2190.0,28,124.0,1.158878504672897,4.044820005632381,9,383.0,0.1887108628806579,8,76.0,0.3627982338967167,11,287.0,0.17630547399930316,28,746.0
2195.0,28,126.0,1.135135135135135,4.8302234975279825,8,363.0,0.18263812871644478,9,117.0,0.40601176558206264,11,211.0,0.2095614457691636,28,691.0
2200.0,24,116.0,1.045045045045045,5.075950277421617,8,379.0,0.15063904044371296,6,118.0,0.38943362785586544,10,173.0,0.30069254475859797,24,670.0
2205.0,20,56.0,0.5185185185185185,4.718095836909998,11,381.0,0.15433015224368907,6,77.0,0.34112335838672897,3,150.0,0.35208213800245663,20,608.0
2210.0,15,63.0,0.5833333333333334,5.7512482770944455,6,338.0,0.30550495485603196,2,58.0,0.4241590080828876,7,150.0,0.3550213403829874,15,546.0
2215.0,14,52.0,0.47706422018348627,5.503624337485624,3,306.0,0.3097463731635335,5,55.0,0.4832433616793912,6,144.0,0.28710284959735577,14,505.0
2220.0,22,62.0,0.5688073394495413,4.53436126447005,8,313.0,0.2676946074489525,5,43.0,0.41367298478792697,9,114.0,0.18344551902730755,22,470.0
2225.0,20,72.0,0.6605504587155964,4.109129389734245,11,313.0,0.15561737080373983,6,55.0,0.387448493669538,3,120.0,0.22561198119819698,20,488.0
2230.0,23,80.0,0.7207207207207207,4.289578162471544,11,277.0,0.17049555081964562,4,59.0,0.34593669970108,8,138.0,0.17256219608994958,23,474.0
2235.0,25,72.0,0.6486486486486487,4.064921623849205,9,308.0,0.22481614079503937,7,48.0,0.32084268626029794,9,146.0,0.2138165907626861,25,502.0
2240.0,16,62.0,0.543859649122807,3.9739188552030726,9,326.0,0.1922856351552138,1,41.0,0.34100490269524003,6,119.0,0.2085271273612961,16,486.0
2245.0,24,64.0,0.5378151260504201,3.854360767773917,10,308.0,0.13949002231177388,7,37.0,0.3847798644672901,7,138.0,0.18674939511357852,24,483.0
2250.0,31,135.0,1.125,4.334723976778827,11,257.0,0.14356194909942252,9,73.0,0.41236206220143773,11,183.0,0.17670877252993747,31,513.0
2255.0,37,244.0,2.0677966101694913,3.6040816497165182,8,254.0,0.15975743598637807,13,127.0,0.24293019552999032,16,252.0,0.10580334048949927,37,633.0
2260.0,35,229.0,1.991304347826087,3.0892729741288596,8,268.0,0.18671092730825203,9,149.0,0.17658354028680892,18,292.0,0.0746708394775105,35,709.0
2265.0,35,205.0,1.7982456140350878,3.972703582837839,14,322.0,0.2017434935460248,4,110.0,0.36347899759706637,17,278.0,0.16964395287196435,35,710.0
2270.0,32,168.0,1.5,3.65025702807842,17,344.0,0.16934507483021602,2,59.0,0.3477956536937263,13,318.0,0.17413306201496667,32,721.0
2275.0,32,154.0,1.3508771929824561,3.882624489264014,13,302.0,0.18356104001580995,3,43.0,0.5279264486768661,16,383.0,0.11072518100059008,32,728.0
2280.0,31,84.0,0.7304347826086957,2.7395300042741293,12,352.0,0.10571878783007124,4,35.0,0.37870660394009026,15,403.0,0.10745263627067021,31,790.0
2285.0,29,92.0,0.7796610169491526,3.658626031891852,16,393.0,0.11849681018622071,6,46.0,0.42036458881337696,7,364.0,0.152732509532938,29,803.0
2290.0,27,127.0,1.0948275862068966,4.228369379616582,15,394.0,0.13431861435277248,8,83.0,0.38620287002944886,4,297.0,0.18548587843593517,27,774.0
2295.0,24,177.0,1.5803571428571428,4.637523319063945,11,332.0,0.12779833269121435,10,135.0,0.4550206995610967,3,229.0,0.22752285350858475,24,696.0
2300.0,18,148.0,1.3097345132743363,5.5005201307394875,8,243.0,0.20510909077224743,5,131.0,0.46284561872506913,5,173.0,0.30495797863237967,18,547.0
2305.0,8,7.0,0.0625,5.652266884487363,4,237.0,0.2807784929958111,2,50.0,0.40108175335864155,2,146.0,0.4129285851989942,8,433.0
2310.0,17,58.0,0.5132743362831859,4.96404214511091,8,237.0,0.23827792936085732,3,55.0,0.2164899727694364,6,139.0,0.310560898786677,17,431.0
2315.0,26,90.0,0.8256880733944955,4.170344499557208,10,241.0,0.16426846322634958,9,86.0,0.23598078412707452,7,141.0,0.24847561105256477,26,468.0
2320.0,21,86.0,0.8431372549019608,3.8759008636051053,10,209.0,0.16301070757736583,7,100.0,0.33206246985368454,4,103.0,0.1868716595500099,21,412.0
2325.0,20,54.0,0.5242718446601942,4.488094434955348,10,239.0,0.2060034872832516,7,77.0,0.30931450393211535,3,66.0,0.36352575604228043,20,382.0
2330.0,16,79.0,0.7117117117117117,5.041999931162616,8,253.0,0.19396870073014688,4,78.0,0.2591905600378564,4,46.0,0.43943606601133767,16,377.0
2335.0,21,72.0,0.6371681415929203,4.434250857986507,11,254.0,0.13025057463621947,7,98.0,0.21975728036672196,3,42.0,0.3691498609426704,21,394.0
2340.0,27,90.0,0.8035714285714286,3.923655181172586,9,212.0,0.12265907914190738,8,112.0,0.2025803481604644,10,48.0,0.2789527641062149,27,372.0
2345.0,30,152.0,1.4074074074074074,4.818446140245967,10,177.0,0.2494249920343456,7,100.0,0.23705681669184736,13,108.0,0.3326824793876412,30,385.0
2350.0,25,240.0,2.2429906542056073,4.996133559986089,5,152.0,0.2991309993913144,4,65.0,0.30169035188946064,16,181.0,0.1908540659065521,25,398.0
2355.0,23,198.0,1.9038461538461537,4.731212963473275,4,148.0,0.2702825956878217,6,61.0,0.31030115188341506,13,212.0,0.2550178040645195,23,421.0
2360.0,21,159.0,1.5742574257425743,5.198777920183054,8,139.0,0.24742217995886925,7,79.0,0.43865404134638153,6,159.0,0.30320266397847845,21,377.0
2365.0,18,77.0,0.7475728155339806,4.7614349807804155,8,153.0,0.21251210031526965,3,68.0,0.3977407434027429,7,108.0,0.30330244261455,18,329.0
2370.0,20,63.0,0.5833333333333334,5.178551315525839,8,131.0,0.18452426812102357,8,47.0,0.38107137107995687,4,98.0,0.31528232931571026,20,276.0
2375.0,15,57.0,0.5327102803738317,5.312196960485635,4,96.0,0.21653238140267955,9,75.0,0.32144579208043167,2,82.0,0.3549187313290069,15,253.0
2380.0,18,107.0,0.9907407407407407,5.832520705228099,4,84.0,0.30209859382206133,7,83.0,0.33628342654662774,7,101.0,0.3389488884925982,18,268.0
2385.0,20,91.0,0.8504672897196262,4.945835997936456,4,52.0,0.2848461314718423,8,93.0,0.3181708864408486,8,116.0,0.30578745728556506,20,261.0
2390.0,13,46.0,0.4380952380952381,5.178315863567063,7,50.0,0.2786338708553624,1,70.0,0.3595241241843567,5,85.0,0.25202057952462376,13,205.0
2395.0,22,58.0,0.5471698113207547,4.336210760755653,10,75.0,0.21015469656292413,7,42.0,0.24853857924728304,5,96.0,0.2223919359379093,22,213.0
2400.0,24,122.0,1.1401869158878504,4.697398480720057,4,70.0,0.18184337863826666,11,84.0,0.22029339719090496,9,124.0,0.2449061016415594,24,278.0
2405.0,34,238.0,2.2666666666666666,4.110731105932093,4,68.0,0.1611857876755412,17,161.0,0.1523878939885302,13,178.0,0.1925378192379665,34,407.0
2410.0,39,243.0,2.405940594059406,3.0240349976404417,8,80.0,0.18251592216155904,15,205.0,0.11564975087485697,16,206.0,0.13620147335452076,39,491.0
2415.0,38,203.0,2.0505050505050506,3.6338450681141357,16,140.0,0.15174715806239444,8,175.0,0.2170040457435436,14,194.0,0.25226415125326823,38,509.0
2420.0,26,127.0,1.1869158878504673,4.367212864514387,15,181.0,0.21051974664121734,2,127.0,0.3963515484745276,9,222.0,0.22360036841275163,26,530.0
2425.0,27,98.0,0.8596491228070176,4.319582308128051,12,175.0,0.16373409841258688,3,126.0,0.39552805809562347,12,256.0,0.20804314214216668,27,557.0
2430.0,29,146.0,1.3153153153153154,4.711685165717461,10,155.0,0.2142084532699461,6,149.0,0.3968983333879578,13,314.0,0.10473406440695703,29,618.0
2435.0,32,120.0,1.0810810810810811,4.0505926030421735,8,150.0,0.253444534120795,9,144.0,0.26778892405795846,15,324.0,0.08769960936872334,32,618.0
2440.0,20,89.0,0.8640776699029126,5.273539313655184,3,122.0,0.43434810057453854,6,106.0,0.3486574728685253,11,287.0,0.17747326141255665,20,515.0
2445.0,13,81.0,0.7788461538461539,5.707889630627855,3,97.0,0.47787810257761043,3,91.0,0.3539281797679544,7,213.0,0.19352226401179004,13,401.0
2450.0,19,128.0,1.2190476190476192,6.145273450198632,4,95.0,0.5923677591040178,9,107.0,0.2577989864081542,6,185.0,0.2316173361443596,19,387.0
2455.0,23,210.0,2.019230769230769,6.283243914282238,4,94.0,0.5681921185560522,15,168.0,0.21257588558623497,4,160.0,0.3710812670779552,23,422.0
2460.0,20,203.0,2.00990099009901,5.110960429605944,5,113.0,0.35347295990442806,15,192.0,0.19179933732722992,0,137.0,0.3517800660507639,20,442.0
2465.0,22,96.0,0.9504950495049505,4.8371443059788,3,70.0,0.334923784776814,12,177.0,0.1891895606679723,7,144.0,0.343384371324258,22,391.0
2470.0,21,79.0,0.7745098039215687,5.294517769167143,5,31.0,0.4502793741074388,11,156.0,0.188224278738904,5,146.0,0.35464437433834367,21,333.0
2475.0,23,120.0,1.2,6.122488709064477,7,58.0,0.4880169701111078,11,152.0,0.2979118672245855,5,119.0,0.35148797790098446,23,329.0
2480.0,19,97.0,1.0,5.953950899402491,7,73.0,0.43913689246698334,7,176.0,0.3194671577683107,5,82.0,0.4080372184655588,19,331.0
2485.0,13,42.0,0.4117647058823529,5.176053182282242,5,68.0,0.2893741250667018,6,170.0,0.3156271537649569,2,76.0,0.28577929597390006,13,314.0
2490.0,21,82.0,0.780952380952381,5.396796747408991,3,71.0,0.48375843416752756,9,172.0,0.18720224951102665,9,91.0,0.2425304222581835,21,334.0
2495.0,18,59.0,0.59,4.825887368073687,2,58.0,0.3897980168371398,8,157.0,0.21571641186733,8,105.0,0.2211113104049227,18,320.0
2500.0,17,80.0,0.8,6.072236157271082,6,74.0,0.42150864141985284,6,132.0,0.31326346428888674,5,88.0,0.3352510323220286,17,294.0
2505.0,12,46.0,0.46464646464646464,5.641012962649205,6,83.0,0.29532279782075876,2,118.0,0.3321208921048659,4,59.0,0.3552163189506413,12,260.0
2510.0,16,59.0,0.6082474226804123,5.031444853687943,6,64.0,0.22416946114260264,9,124.0,0.32274552843568644,1,46.0,0.27231161877261295,16,234.0
2515.0,23,83.0,0.8217821782178217,5.123656080668129,5,50.0,0.34376107895352714,9,140.0,0.24106025207812182,9,68.0,0.16143082878616036,23,258.0
2520.0,18,76.0,0.8,5.426018950056093,2,50.0,0.5061224072168921,8,129.0,0.19189616948298105,8,87.0,0.25489370888613766,18,266.0
2525.0,9,29.0,0.32222222222222224,5.905916050728759,2,35.0,0.5043470496383391,5,96.0,0.2906562333603518,2,59.0,0.3336785561618948,9,190.0
2530.0,9,59.0,0.6483516483516484,7.014679991307752,3,31.0,0.5576201751421087,3,75.0,0.37717427188205616,3,41.0,0.3770827855750666,9,147.0
2535.0,9,82.0,0.9010989010989011,7.374998033396342,4,37.0,0.46238842815670067,3,73.0,0.486466944810378,2,34.0,0.4107344241887964,9,144.0
2540.0,9,45.0,0.4838709677419355,7.060872455902901,4,31.0,0.4021791813751616,2,42.0,0.47063581757833123,3,39.0,0.4743524598000422,9,112.0
2545.0,9,25.0,0.25773195876288657,6.861059537488806,2,22.0,0.35428563087117665,7,45.0,0.425278754090292,0,12.0,0.4973147979887607,9,79.0
2550.0,18,64.0,0.6666666666666666,5.702189715417732,6,38.0,0.29345960378497665,7,64.0,0.21769235830387437,5,22.0,0.31640992417923836,18,124.0
2555.0,20,54.0,0.6,4.3283511471343745,7,60.0,0.3152497485657449,6,69.0,0.15669638409379164,7,44.0,0.2500897377530336,20,173.0
2560.0,11,21.0,0.2441860465116279,5.19637230962278,5,50.0,0.3470873275893748,2,74.0,0.31991635841169186,4,43.0,0.34437933874425236,11,167.0
2565.0,14,60.0,0.625,5.550143146330476,3,40.0,0.4220198615283373,8,95.0,0.30074650887818016,3,52.0,0.2122300027990301,14,187.0
2570.0,26,113.0,1.153061224489796,4.865253062080816,5,48.0,0.454540499962529,11,118.0,0.21851636932625582,10,81.0,0.16430226774156417,26,247.0
2575.0,27,139.0,1.4946236559139785,4.245474102609303,2,35.0,0.4418557735168426,10,118.0,0.15799364095957924,15,143.0,0.2191693406080013,27,296.0
2580.0,24,128.0,1.3473684210526315,4.072929852989115,6,34.0,0.3780565973053685,4,128.0,0.19294085209233872,14,180.0,0.18366983100335707,24,342.0
2585.0,23,82.0,0.845360824742268,4.372716136528848,6,43.0,0.2986764934018225,8,144.0,0.1875897076783265,9,164.0,0.22518899962030464,23,351.0
2590.0,19,63.0,0.65625,4.634745789054501,3,30.0,0.3705482407473716,10,155.0,0.2132592080946436,6,173.0,0.22269792060185117,19,358.0
2595.0,20,73.0,0.7525773195876289,4.368102865265889,3,31.0,0.36228046310731477,6,136.0,0.19789555066949197,11,210.0,0.22932541547924007,20,377.0
2600.0,22,105.0,1.05,4.866486036941727,6,55.0,0.41508224154185563,7,106.0,0.17488317574448087,9,213.0,0.22871319079339253,22,374.0
2605.0,21,146.0,1.489795918367347,5.703981105583871,9,95.0,0.3860189348106082,5,108.0,0.3841735758866355,7,169.0,0.3368396328496425,21,372.0
2610.0,18,127.0,1.3368421052631578,4.679207795270614,11,112.0,0.2163638789169032,4,106.0,0.446600410420529,3,134.0,0.29283582618800813,18,352.0
2615.0,16,69.0,0.6831683168316832,5.018543864158625,8,103.0,0.3045791148014673,1,58.0,0.5495994712849822,7,162.0,0.17213432609373674,16,323.0
2620.0,17,79.0,0.7669902912621359,4.988586481919391,6,95.0,0.336296409588705,3,37.0,0.3904276008015238,8,158.0,0.15790767002765263,17,290.0
2625.0,12,31.0,0.30392156862745096,4.926914970208776,4,89.0,0.28420667417745826,3,43.0,0.4386410452830868,5,129.0,0.1719767852610397,12,261.0
2630.0,14,53.0,0.5353535353535354,5.371582416586043,7,114.0,0.27757837615115294,3,30.0,0.3724401384771051,4,81.0,0.27838876470620255,14,225.0
2635.0,15,56.0,0.5833333333333334,4.828755480051469,9,136.0,0.21977290313264075,4,34.0,0.3959404938912662,2,71.0,0.2559474155994799,15,241.0
2640.0,15,51.0,0.5368421052631579,4.57131921988562,4,122.0,0.23870395024302382,3,27.0,0.4517534123737303,8,86.0,0.18978921196246523,15,235.0
2645.0,20,79.0,0.8315789473684211,4.81258894279455,3,81.0,0.2774445434037109,8,34.0,0.34155271500341117,9,98.0,0.2022418345446293,20,213.0
2650.0,13,71.0,0.7553191489361702,4.754422257157694,2,69.0,0.3469901082145256,6,54.0,0.3531522910715499,5,68.0,0.17224204208328867,13,191.0
2655.0,11,78.0,0.8210526315789474,6.0889482389597624,2,57.0,0.47287917866119716,4,51.0,0.42297125700853677,5,59.0,0.2835353263797921,11,167.0
2660.0,11,118.0,1.2164948453608246,6.505397810883022,2,60.0,0.6879062942679192,3,48.0,0.39567510882371243,6,72.0,0.33086438223275794,11,180.0
2665.0,7,72.0,0.7346938775510204,5.678018328802938,2,68.0,0.652816992705328,1,35.0,0.3033682709670705,4,57.0,0.2883183306170488,7,160.0
2670.0,17,124.0,1.2783505154639174,5.59999668564043,3,75.0,0.5861212587357671,7,43.0,0.2149680765367508,7,59.0,0.28280665396472754,17,177.0
2675.0,20,53.0,0.5824175824175825,4.157600291139509,2,42.0,0.37324877550690166,7,62.0,0.17070087801295888,10,83.0,0.193474813640636,19,187.0
2680.0,20,70.0,0.7777777777777778,4.2877157073006416,9,75.0,0.34383200724709584,4,55.0,0.25232762564391814,6,79.0,0.2736948057816233,19,209.0
2685.0,12,65.0,0.7065217391304348,5.774812010716081,6,102.0,0.38632729186279985,3,43.0,0.42161442992600334,3,61.0,0.2897586719715094,12,206.0
2690.0,14,100.0,1.0309278350515463,6.566935268838474,7,99.0,0.4406388471863135,4,47.0,0.43910207314803446,3,54.0,0.43891929871532936,14,200.0
2695.0,11,62.0,0.6262626262626263,6.254706254771923,3,60.0,0.4267311368511434,6,63.0,0.3823097163450378,2,17.0,0.39656998998344667,11,140.0
2700.0,17,62.0,0.6138613861386139,5.750317773791166,10,60.0,0.28993895593931196,0,37.0,0.41031462410654557,7,30.0,0.31496724763795747,17,127.0
2705.0,24,83.0,0.8736842105263158,4.915931768486775,12,83.0,0.229064334613876,8,33.0,0.2449720867761803,4,47.0,0.26373163077816486,24,163.0
2710.0,15,45.0,0.5357142857142857,4.31038435313239,4,73.0,0.25188460275510877,8,67.0,0.27827978037772577,3,40.0,0.16941055651705778,15,180.0
2715.0,8,17.0,0.19318181818181818,6.121844888298889,2,53.0,0.4124118849449234,4,56.0,0.40313566018407676,2,28.0,0.2667983391066785,8,137.0
2720.0,5,22.0,0.23157894736842105,7.324859734761885,2,46.0,0.4204752663654893,1,35.0,0.49633956386521144,2,25.0,0.501590020096008,5,106.0
2725.0,12,58.0,0.6041666666666666,7.068338984133235,7,71.0,0.31544597764002913,1,17.0,0.5015547945379512,4,31.0,0.5702058488535413,12,119.0
2730.0,12,33.0,0.3548387096774194,5.564770141367688,9,88.0,0.22237317009300947,1,18.0,0.419947414538668,2,26.0,0.43338440477520895,12,132.0
2735.0,21,66.0,0.7096774193548387,4.659270940796291,7,75.0,0.17905129075530807,6,38.0,0.2952792202259462,8,30.0,0.2499231741750133,21,143.0
2740.0,20,63.0,0.7,4.431064408954237,4,66.0,0.2770973398077337,7,57.0,0.2261003367957971,9,54.0,0.14020291962200776,20,177.0
2745.0,12,59.0,0.7023809523809523,6.294157972795922,3,52.0,0.4479735508399518,2,48.0,0.37918560508760935,7,72.0,0.32535161706242394,12,172.0
2750.0,10,21.0,0.2441860465116279,5.529970444950142,3,44.0,0.3967830524333196,2,38.0,0.34054093663603024,5,87.0,0.3173755033904629,10,169.0
2755.0,27,102.0,1.120879120879121,4.794529452860915,9,60.0,0.2815674602217319,8,62.0,0.16889359317158648,10,104.0,0.24244805580328313,27,226.0
2760.0,30,105.0,1.206896551724138,3.318437734254814,9,86.0,0.1967209208750666,8,78.0,0.13532574173513637,13,127.0,0.158718832215599,30,291.0
2765.0,17,60.0,0.6896551724137931,5.031492132929906,7,87.0,0.28449340487812397,2,62.0,0.34402136575745956,8,109.0,0.2582650474891935,17,258.0
2770.0,8,40.0,0.4444444444444444,6.632815296225876,3,100.0,0.2790225157327559,1,31.0,0.5795358990634285,4,83.0,0.4221275912904844,8,214.0
2775.0,11,49.0,0.532608695652174,6.351197240796854,9,132.0,0.21027968421817905,2,27.0,0.6218751444760195,0,62.0,0.42877446977878336,11,221.0
2780.0,15,54.0,0.6352941176470588,4.756992229072852,9,147.0,0.15519706447519394,0,9.0,0.4431072151505197,6,62.0,0.28888574837347064,15,218.0
2785.0,17,56.0,0.6666666666666666,4.102194164280683,6,123.0,0.1589177871569791,5,27.0,0.2139910355959335,6,73.0,0.15046275314379962,17,223.0
2790.0,13,25.0,0.3048780487804878,5.1718238083636585,5,79.0,0.2237449862926178,5,44.0,0.4584646360887672,3,57.0,0.1807314016605062,13,180.0
2795.0,3,5.0,0.05952380952380952,7.618498305670122,2,52.0,0.3613640549142198,0,23.0,0.6160736823745708,1,31.0,0.4302069959414635,3,106.0
2800.0,2,1.0,0.011627906976744186,8.255080475781922,1,47.0,0.4175803836745079,0,5.0,0.633127377356629,1,16.0,0.5909990186130377,2,68.0
2805.0,9,24.0,0.27906976744186046,7.975160827315397,6,67.0,0.29232701211435164,1,2.0,0.6757378068052349,2,10.0,0.6289622015277001,9,79.0
2810.0,9,42.0,0.5121951219512195,7.609222463157731,5,81.0,0.29082464576819556,2,9.0,0.674432758246002,2,14.0,0.6610576257336717,9,104.0
2815.0,8,35.0,0.4430379746835443,6.616243236744833,3,66.0,0.22529521260887686,2,11.0,0.5296373943657322,3,27.0,0.62466077631139,8,104.0
2820.0,12,37.0,0.45121951219512196,6.547567462898662,2,44.0,0.24346469413781102,8,29.0,0.4395505986454474,2,10.0,0.4405512159046437,12,83.0
2825.0,13,53.0,0.6235294117647059,6.415491361997834,2,32.0,0.34330041218411117,5,45.0,0.3750468290792902,6,26.0,0.26262662937315223,13,103.0
2830.0,7,31.0,0.3974358974358974,6.585047425478781,2,28.0,0.5142231812783448,1,30.0,0.2988914922665097,4,39.0,0.3694728424502592,7,97.0
2835.0,7,38.0,0.5,8.179036934484094,5,34.0,0.5421806019225671,2,22.0,0.5167518372841274,0,12.0,0.6340363282484429,7,68.0
2840.0,8,51.0,0.6455696202531646,8.251477875500735,6,53.0,0.5378726739511343,2,23.0,0.43249416283264824,0,2.0,0.7644398964372832,8,78.0
2845.0,12,89.0,1.1125,7.867472187855197,6,69.0,0.534882375321028,6,33.0,0.32607284165633493,0,0.0,0.7438645655813525,12,102.0
2850.0,10,24.0,0.2962962962962963,6.9074158187915256,2,38.0,0.49923545261614877,8,55.0,0.20629255912585087,0,0.0,0.7085009416570175,10,93.0
2855.0,14,34.0,0.44155844155844154,6.7319875242232206,7,24.0,0.37986948798196096,7,54.0,0.19769158067794906,0,2.0,0.6455541574072714,14,80.0
2860.0,9,28.0,0.4117647058823529,7.036441697623478,3,32.0,0.43860654556583184,4,48.0,0.21610629690196684,2,9.0,0.6537759364878785,9,89.0
2865.0,6,28.0,0.4666666666666667,7.163133924869703,3,24.0,0.41919009884901304,2,45.0,0.39750743579806214,1,8.0,0.6641993037601907,6,77.0
2870.0,6,56.0,0.9032258064516129,8.804415945114862,3,25.0,0.5810198609001296,3,49.0,0.5232130970275132,0,1.0,0.6859751702799147,6,75.0
2875.0,4,4.0,0.06060606060606061,8.141280206803168,2,14.0,0.5214321520670325,1,23.0,0.4751161957712854,1,0.0,0.7226743705785875,4,37.0
2880.0,13,47.0,0.6911764705882353,7.854350310717293,5,23.0,0.36188086520733576,8,40.0,0.34454920477588263,0,0.0,0.7320296079810619,13,63.0
2885.0,13,40.0,0.5970149253731343,5.875248020183106,3,30.0,0.23470250993193928,8,65.0,0.14929919795693236,2,5.0,0.5728460979188207,13,100.0
2890.0,6,11.0,0.18032786885245902,6.905968631562922,2,19.0,0.4173325467147242,3,61.0,0.34023974349849817,1,7.0,0.5325694605004544,6,87.0
2895.0,9,26.0,0.41935483870967744,6.71790229029805,2,17.0,0.4366299418423026,4,75.0,0.23969597832055245,3,17.0,0.5136586651430957,9,109.0
2900.0,19,76.0,1.2459016393442623,4.555764446136267,8,42.0,0.2770373096696225,9,112.0,0.09895439693755238,2,14.0,0.4155040990517105,19,168.0
2905.0,18,73.0,1.2586206896551724,4.48038388020438,9,67.0,0.21733066314959187,8,133.0,0.19189589116146524,1,5.0,0.4368156278491984,18,205.0
2910.0,7,28.0,0.4827586206896552,7.000451216664282,2,68.0,0.36679864766678527,4,104.0,0.453965736959382,1,8.0,0.6521089816928664,7,180.0
2915.0,5,15.0,0.234375,8.098384369988803,3,54.0,0.39381861327439704,0,48.0,0.5507087438978516,2,13.0,0.7455863804249563,5,115.0
2920.0,12,52.0,0.8125,8.181665764031576,10,86.0,0.3747090504832148,0,27.0,0.5903723461629791,2,16.0,0.7241612956297361,12,129.0
2925.0,11,63.0,1.05,7.273747415024579,9,103.0,0.301950484925777,1,11.0,0.6741821983995133,1,21.0,0.6557255386580599,11,135.0
2930.0,9,49.0,0.8032786885245902,7.072706447113688,5,86.0,0.25478831154588166,3,19.0,0.5188045440609648,1,26.0,0.6768435474253279,9,131.0
2935.0,11,81.0,1.265625,7.381043266412954,3,50.0,0.30185312518618956,7,41.0,0.40357725804670175,1,31.0,0.6794455303991073,11,122.0
2940.0,7,52.0,0.7878787878787878,7.278153405278292,2,46.0,0.3671251133000475,4,43.0,0.4492709779649457,1,36.0,0.6842636551563018,7,125.0
2945.0,8,71.0,1.0923076923076922,7.522770488139894,7,64.0,0.3137392694130016,0,16.0,0.607917697672103,1,43.0,0.6371979618831416,8,123.0
2950.0,10,73.0,1.140625,7.310296226472946,7,81.0,0.2730852060325807,1,1.0,0.5643901813948804,2,48.0,0.7002172983866931,10,130.0
2955.0,7,11.0,0.171875,6.53825021178812,4,65.0,0.264559543115259,2,7.0,0.4470113598731064,1,2.0,0.683480859528056,7,74.0
2960.0,12,44.0,0.6875,7.066019811043255,2,33.0,0.35697187989876794,8,33.0,0.3645727343530785,2,9.0,0.5420374342205563,12,75.0
2965.0,6,32.0,0.5079365079365079,7.027686227495512,1,19.0,0.5459278990465315,4,51.0,0.39183929777766424,1,3.0,0.36701508135071603,6,73.0
2970.0,3,25.0,0.4098360655737705,9.00624357126842,1,22.0,0.7766827682143262,1,32.0,0.5204499474338151,1,7.0,0.6221309311811039,3,61.0
2975.0,5,41.0,0.6507936507936508,9.003699529848003,2,25.0,0.6261688361645207,1,13.0,0.5632299145906129,2,13.0,0.6266759995302947,5,51.0
2980.0,5,51.0,0.796875,9.50832391539859,3,39.0,0.6316009848634606,1,16.0,0.664880049611485,1,6.0,0.7080484775623667,5,61.0
2985.0,4,71.0,1.126984126984127,8.9661561439182,3,52.0,0.6451778053785135,1,19.0,0.5660781281682036,0,2.0,0.6108465485549409,4,73.0
2990.0,4,32.0,0.5517241379310345,8.096595431089174,1,14.0,0.5946220751744344,3,31.0,0.5235294144408913,0,1.0,0.5247209995119246,4,46.0
2995.0,8,23.0,0.38333333333333336,6.6454097890532084,6,21.0,0.3386037156978078,1,7.0,0.5207938507138943,1,3.0,0.4627408724841336,8,31.0
3000.0,9,34.0,0.5573770491803278,6.549405534161286,2,28.0,0.3014095698795597,4,18.0,0.450801864005307,3,11.0,0.43917992870130323,9,57.0
3005.0,4,13.0,0.22033898305084745,7.273783779011474,0,11.0,0.46148548316813615,3,27.0,0.48993126332128073,1,11.0,0.42514780213250414,4,49.0
3010.0,6,20.0,0.3076923076923077,8.622585737266693,0,5.0,0.718542903799266,1,20.0,0.5768557274476146,5,22.0,0.4076231329317147,6,47.0
3015.0,6,18.0,0.2857142857142857,8.053785066986968,1,6.0,0.5860161517009675,0,6.0,0.5301297631048816,5,34.0,0.47353469919725727,6,46.0
3020.0,8,22.0,0.36065573770491804,7.438500840955249,5,25.0,0.5320417809996902,0,8.0,0.4853402634584667,3,31.0,0.4098377880005151,8,64.0
3025.0,8,24.0,0.39344262295081966,6.499685203658778,2,31.0,0.3404082543403228,3,17.0,0.3791218955923551,3,22.0,0.4141813924185222,8,70.0
3030.0,6,15.0,0.25,6.896504107962622,0,9.0,0.37593422361104895,4,29.0,0.5358346304125291,2,18.0,0.41174824675692695,6,56.0
3035.0,8,32.0,0.5245901639344263,8.14672377364879,0,0.0,0.6001755004945155,0,19.0,0.6407031339909863,8,46.0,0.35365130735960754,8,65.0
3040.0,10,35.0,0.5737704918032787,8.013360174454682,2,5.0,0.6228261584130048,1,10.0,0.5754012642998052,7,64.0,0.3882971094147454,10,79.0
3045.0,8,19.0,0.31666666666666665,8.051064435973796,2,3.0,0.6238482401834122,4,16.0,0.4958818341783455,2,41.0,0.49118395696418427,8,60.0
3050.0,6,22.0,0.3728813559322034,8.360846288862858,4,18.0,0.497738135208225,2,10.0,0.5715779381881444,0,16.0,0.525408999752851,6,44.0
3055.0,7,28.0,0.49122807017543857,7.910653631926228,2,22.0,0.3028125211103567,5,26.0,0.5071719880515981,0,0.0,0.6073733753595076,7,48.0
3060.0,5,24.0,0.43636363636363634,8.74892574811201,1,10.0,0.45258494319715153,3,39.0,0.537014502341907,1,0.0,0.7607546909829747,5,49.0
3065.0,3,2.0,0.037037037037037035,9.402700852718217,3,4.0,0.45730605443191635,0,24.0,0.6975959708424122,0,2.0,0.8295593234516726,3,30.0
3070.0,4,17.0,0.3148148148148148,10.31928133447307,4,19.0,0.5912017106822798,0,2.0,0.832292147630486,0,2.0,0.7988916686774914,4,23.0
3075.0,4,10.0,0.2,9.84233551847789,3,18.0,0.5462323799237672,0,0.0,0.8936916667984137,1,4.0,0.7759862403244149,4,22.0
3080.0,3,14.0,0.3111111111111111,10.269247957423593,2,13.0,0.5806841882659508,0,2.0,0.8981906970116079,1,9.0,0.7819978056494467,3,24.0
3085.0,3,24.0,0.5454545454545454,10.448475686105832,1,10.0,0.6682256118525886,0,2.0,0.9168520595774046,2,14.0,0.6263797360842138,3,26.0
3090.0,2,34.0,0.723404255319149,10.938544248201747,1,15.0,0.6991895209008315,0,0.0,0.8161167005792158,1,19.0,0.5981042181011186,2,34.0
3095.0,3,25.0,0.5681818181818182,10.066624403098096,2,1.0,0.5541455271600264,0,0.0,0.8633080182939203,1,24.0,0.6845237695892409,3,25.0
3100.0,7,47.0,1.0,8.706231796289158,5,18.0,0.40345529397336277,0,0.0,0.5758504764311353,2,29.0,0.6959511758637109,7,47.0
3105.0,6,49.0,1.1136363636363635,8.531197789755662,5,36.0,0.3862708106055519,0,0.0,0.6307337258475083,1,34.0,0.7408092408942257,6,70.0
3110.0,5,10.0,0.22727272727272727,7.91480455568636,2,22.0,0.3610634570487256,2,8.0,0.48047549802169637,1,1.0,0.659631272033398,5,31.0
3115.0,4,12.0,0.2857142857142857,7.611298928369494,2,19.0,0.37136137989182466,0,10.0,0.7165318767717969,2,9.0,0.39354861091489035,4,38.0
3120.0,9,34.0,0.7555555555555555,6.39156994315133,9,50.0,0.2640677669318781,0,2.0,0.5977334876755543,0,14.0,0.45727666633460706,9,66.0
3125.0,7,36.0,0.8,6.471432351793445,4,65.0,0.3211071027047886,2,10.0,0.3321853682553071,1,7.0,0.5985836002114895,7,82.0
3130.0,8,41.0,0.8723404255319149,8.09193386284745,0,29.0,0.4889261156742926,5,33.0,0.5116616141474087,3,16.0,0.5681619230999638,8,78.0
3135.0,4,10.0,0.20408163265306123,8.315584580191725,1,1.0,0.4790077525590096,1,30.0,0.6864575456308412,2,11.0,0.4816523096199275,4,42.0
3140.0,8,29.0,0.5370370370370371,9.259512464573346,3,12.0,0.597165853968351,0,2.0,0.8186578707403183,5,23.0,0.4955110050429236,8,37.0
3145.0,6,25.0,0.4807692307692308,8.818745748911997,3,22.0,0.6464256959321336,0,0.0,0.7949467830613969,3,30.0,0.506912260863219,6,52.0
3150.0,2,8.0,0.15384615384615385,8.905870177870984,0,17.0,0.5863637572710029,0,0.0,0.8385846963560433,2,13.0,0.5223336396802983,2,30.0
3155.0,8,35.0,0.6730769230769231,8.518411492762786,2,10.0,0.4429770919039831,2,4.0,0.5756785004700666,4,23.0,0.578311438208908,8,37.0
3160.0,8,26.0,0.45614035087719296,6.622340678202707,1,13.0,0.2471475164913247,4,20.0,0.40427889228839786,3,16.0,0.439098064697799,8,49.0
3165.0,10,41.0,0.7321428571428571,7.544968228636413,1,4.0,0.5104552105215966,2,30.0,0.5981403689587188,7,31.0,0.29668814103953556,10,65.0
3170.0,5,18.0,0.35294117647058826,8.353664654416914,0,0.0,0.7687052528288147,0,15.0,0.6407665084327413,5,49.0,0.3421149109739465,5,64.0
3175.0,4,14.0,0.28,9.473762994062447,1,0.0,0.8117217826167106,2,13.0,0.7382292904003052,1,31.0,0.4747665056011987,4,44.0
3180.0,3,16.0,0.3137254901960784,10.293232412928894,0,0.0,0.8793359836977015,1,3.0,0.7368806722399571,2,17.0,0.5763325150416275,3,20.0
3185.0,6,12.0,0.24489795918367346,8.689367994029217,0,0.0,0.89344721647399,3,12.0,0.5542802176483573,3,12.0,0.40190437798971984,6,24.0
3190.0,9,35.0,0.7142857142857143,7.434792525919311,0,0.0,0.6836077881088964,3,20.0,0.46714071235725796,6,28.0,0.3032828508961099,9,48.0
3195.0,5,14.0,0.3181818181818182,7.471068712071536,0,0.0,0.9268489886601339,0,12.0,0.4605166262587725,5,44.0,0.3796616551699805,5,56.0
3200.0,1,2.0,0.044444444444444446,9.161255322853577,0,0.0,0.8042240311922095,1,4.0,0.6526727935802192,0,20.0,0.5691415248738257,1,24.0
3205.0,2,7.0,0.14,10.127198867773233,0,0.0,0.735513458193486,1,9.0,0.7566895690534982,1,2.0,0.6752116134778682,2,11.0
3210.0,2,3.0,0.06,9.4695128764605,0,0.0,0.6418317877389799,1,3.0,0.6194098546279039,1,2.0,0.729525363627497,2,5.0
3215.0,7,17.0,0.34,7.662724867330552,0,0.0,0.6330781946018593,4,16.0,0.5009758373409529,3,5.0,0.4487035486692692,7,21.0
3220.0,15,68.0,1.3076923076923077,6.545388275488379,1,0.0,0.6688713370578631,6,43.0,0.3954175956547367,8,29.0,0.2219409699357107,15,72.0
3225.0,14,98.0,1.9215686274509804,5.775436194127669,0,0.0,0.7261163053156781,9,84.0,0.2453750198350641,5,46.0,0.2676916356506673,14,130.0
3230.0,11,55.0,1.0784313725490196,6.231628761642513,0,0.0,0.7478896787544604,9,105.0,0.26380246820682707,2,30.0,0.4026901905070073,11,135.0
3235.0,8,25.0,0.4716981132075472,6.4589142052794415,2,6.0,0.6170341019691975,2,81.0,0.34059682815854575,4,37.0,0.3711462972021871,8,124.0
3240.0,14,63.0,1.1454545454545455,6.7917483106786865,4,20.0,0.541094641217418,0,38.0,0.35433971736543696,10,72.0,0.39567191922952644,14,130.0
3245.0,13,103.0,1.9074074074074074,6.736137825561944,3,29.0,0.4806669516411259,0,16.0,0.6031516253501953,10,119.0,0.4233341006126396,13,164.0
3250.0,9,58.0,1.0740740740740742,6.708482688818547,2,22.0,0.5084654771156258,0,2.0,0.7883678576909933,7,125.0,0.38507901114122467,9,149.0
3255.0,5,10.0,0.18181818181818182,6.769391074674806,2,13.0,0.5308330857192818,0,4.0,0.9238322348157567,3,67.0,0.2843682317664625,5,84.0
3260.0,11,46.0,0.7666666666666667,6.914588950551403,8,40.0,0.34092301234344025,0,4.0,0.8218198876573737,3,31.0,0.3651434734887475,11,75.0
3265.0,11,54.0,0.9,6.478877238414535,8,62.0,0.22754551678733798,0,4.0,0.6125767761234491,3,27.0,0.4943781856737599,11,93.0
3270.0,4,5.0,0.08064516129032258,6.9120776757947215,3,45.0,0.2722362863318995,0,3.0,0.5996269215282708,1,1.0,0.5048767348431243,4,49.0
3275.0,7,26.0,0.4126984126984127,8.088590656060143,0,18.0,0.5286080724743397,1,7.0,0.6960182390692555,6,23.0,0.32162085496468545,7,48.0
3280.0,5,21.0,0.328125,8.21986911068865,1,7.0,0.5570321536146916,1,10.0,0.7429570187697944,3,37.0,0.39560147917175786,5,54.0
3285.0,3,17.0,0.2786885245901639,8.99422674310371,1,4.0,0.596538618437264,1,17.0,0.7023867237343443,1,22.0,0.5887738712866453,3,43.0
3290.0,9,37.0,0.5692307692307692,7.94395539830931,5,17.0,0.41500297522939567,3,26.0,0.6421471991815342,1,6.0,0.5265214513057637,9,49.0
3295.0,7,16.0,0.25806451612903225,7.6530543651271685,4,26.0,0.3794283377427327,1,10.0,0.642815619725802,2,7.0,0.6728164230928526,7,43.0
3300.0,8,28.0,0.45901639344262296,8.120227830604994,2,16.0,0.362194945577008,5,18.0,0.5585763147766661,1,10.0,0.6548411281984129,8,44.0
3305.0,5,10.0,0.16666666666666666,6.609762219676652,3,18.0,0.3040343112773504,1,22.0,0.4741749525917901,1,0.0,0.4633584197179609,5,40.0
3310.0,13,45.0,0.75,6.359498472839353,8,44.0,0.3419360323671628,0,8.0,0.38802017905054065,5,18.0,0.3830637087451329,13,70.0
3315.0,7,24.0,0.42857142857142855,6.971032052171564,6,61.0,0.3488093752743456,0,0.0,0.5809448202941626,1,18.0,0.5452647748764763,7,79.0
3320.0,6,15.0,0.2727272727272727,7.456130350429099,3,48.0,0.35325171832170904,3,9.0,0.4701324640791393,0,3.0,0.7371611224687125,6,60.0
3325.0,8,38.0,0.6666666666666666,7.9206365036956425,2,34.0,0.3604210342145742,6,32.0,0.5204860180653152,0,0.0,0.7235115793559161,8,66.0
3330.0,6,28.0,0.4666666666666667,8.54362102318712,3,30.0,0.4762479811450268,3,39.0,0.5564955497219184,0,0.0,0.7140565645163622,6,69.0
3335.0,4,27.0,0.4576271186440678,9.10866125437612,4,34.0,0.5389683480803601,0,19.0,0.5263717022722254,0,2.0,0.8599653155783502,4,55.0
3340.0,1,2.0,0.03389830508474576,9.455543958065356,1,13.0,0.5947437711510478,0,2.0,0.6484984049809348,0,2.0,0.7250362658902161,1,17.0
3345.0,6,21.0,0.3888888888888889,9.065566805969038,4,23.0,0.4688171185000328,0,0.0,0.6882541832240268,2,7.0,0.7012016957431343,6,30.0
3350.0,5,11.0,0.22916666666666666,7.735173727594021,4,27.0,0.3685086990161273,0,0.0,0.7413140441647681,1,6.0,0.6213400523601438,5,33.0
3355.0,2,2.0,0.04,8.89199704049128,1,21.0,0.5180336921836713,0,4.0,0.771260308431979,1,1.0,0.5905809679811671,2,26.0
3360.0,1,0.0,0.0,10.725228892150179,0,8.0,0.7079861747653228,0,4.0,0.8702303375640779,1,0.0,0.6826011520937164,1,12.0
3365.0,2,3.0,0.05357142857142857,9.306813499134122,2,11.0,0.4187822943420723,0,4.0,0.8178217385011597,0,0.0,0.6030833797048105,2,15.0
3370.0,14,47.0,0.8392857142857143,7.006660624307767,8,42.0,0.24176999102728441,2,8.0,0.48760369085857386,4,9.0,0.4361296439227601,14,59.0
3375.0,16,64.0,1.2549019607843137,4.276702046253147,6,60.0,0.22177499958621671,7,34.0,0.11522366710923489,3,22.0,0.3105006162119675,16,116.0
3380.0,7,30.0,0.6382978723404256,6.684364759235724,0,31.0,0.3850286389034623,6,55.0,0.42213689476516003,1,16.0,0.4834112523530644,7,102.0
3385.0,4,15.0,0.2727272727272727,8.940312883172398,3,22.0,0.4686076272512492,0,33.0,0.6325909566564972,1,14.0,0.5801128590042747,4,69.0
3390.0,7,19.0,0.3220338983050847,8.296588710476378,4,37.0,0.4497866082943281,1,23.0,0.5370618260406316,2,3.0,0.6269868896727294,7,63.0
3395.0,11,40.0,0.7272727272727273,6.715057015939964,3,30.0,0.4163356979972165,6,45.0,0.12965125785960221,2,10.0,0.6268398145121684,11,85.0
3400.0,9,26.0,0.5098039215686274,5.22146854390373,3,23.0,0.3429655242386964,5,60.0,0.22416457054569075,1,9.0,0.421210705295457,9,92.0
3405.0,4,17.0,0.3333333333333333,8.177310330403692,2,24.0,0.48781260696140344,0,34.0,0.54422733422425,2,8.0,0.5153522345872501,4,66.0
3410.0,3,9.0,0.16981132075471697,9.366862856219923,2,20.0,0.5417372737855733,0,5.0,0.693080804721114,1,4.0,0.6819122514201718,3,29.0
3415.0,10,46.0,0.8679245283018868,8.218801149801424,5,39.0,0.526960921427011,1,5.0,0.5808111381522032,4,17.0,0.51075957452982,10,61.0
3420.0,8,41.0,0.7884615384615384,7.383139426318654,4,48.0,0.45147849358773623,1,10.0,0.43698814681354214,3,24.0,0.5045273364180671,8,82.0
3425.0,5,8.0,0.16666666666666666,8.168642737689353,2,37.0,0.48549021957400157,2,6.0,0.6106208288188036,1,15.0,0.5282574036758431,5,58.0
3430.0,6,16.0,0.3076923076923077,7.966186350111984,1,14.0,0.43807783685104473,2,15.0,0.7143462532146343,3,19.0,0.3299343884099378,6,48.0
3435.0,10,35.0,0.625,7.803487543457846,1,5.0,0.5821552466687604,0,12.0,0.7103130505591514,9,48.0,0.19058297034723481,10,65.0
3440.0,7,30.0,0.6,8.44392126541826,0,2.0,0.746933437013303,0,0.0,0.7865336393324811,7,68.0,0.32135272612058696,7,70.0
3445.0,5,8.0,0.16326530612244897,8.614409216204347,1,2.0,0.7689350883774861,0,2.0,0.7574616810573109,4,49.0,0.32808082508093883,5,53.0
3450.0,3,13.0,0.26,10.155217286292086,1,3.0,0.7298437920024948,0,2.0,0.8435547863786326,2,30.0,0.5435944885145655,3,35.0
3455.0,3,2.0,0.04,9.05800624754065,2,1.0,0.4594839939246537,1,3.0,0.7867149735566108,0,26.0,0.5663791497718299,3,30.0
3460.0,14,45.0,0.9,7.0210616077954215,5,16.0,0.35407900442882123,1,6.0,0.7174830021096257,8,43.0,0.37964297149477627,14,65.0
3465.0,8,40.0,0.8695652173913043,6.558543761836701,1,19.0,0.5606153758014989,1,11.0,0.6256981000687671,6,62.0,0.3494424253847746,8,92.0
3470.0,4,6.0,0.12244897959183673,6.898528146322948,0,6.0,0.6917667490483158,2,6.0,0.6069416896001927,2,44.0,0.3002399778029768,4,56.0
3475.0,7,21.0,0.39622641509433965,7.445708181602759,3,10.0,0.4426339016954681,3,21.0,0.6733973379472554,1,16.0,0.33155109364064306,7,47.0
3480.0,6,25.0,0.46296296296296297,8.117430323557143,6,31.0,0.3382419885003754,0,12.0,0.7161874058440075,0,7.0,0.5374672946581386,6,50.0
3485.0,2,3.0,0.057692307692307696,9.4234074904764,2,30.0,0.4731892172583205,0,0.0,0.7712494923011499,0,3.0,0.7287527836468519,2,33.0
3490.0,1,2.0,0.04,9.318602040317549,0,5.0,0.6860378490804283,0,2.0,0.8051725295471717,1,5.0,0.5000499457591632,1,12.0
3495.0,9,26.0,0.48148148148148145,7.575004994730585,1,2.0,0.6033357289578524,1,2.0,0.7768358069330825,7,29.0,0.23093312520725012,9,33.0
3500.0,11,32.0,0.5714285714285714,6.088654207028626,3,12.0,0.4802667453478755,1,2.0,0.46572670023300883,7,51.0,0.22844385063734052,11,65.0
3505.0,9,25.0,0.46296296296296297,5.738667524489932,3,22.0,0.37227299854436774,5,21.0,0.46170377174882343,1,34.0,0.31519150456319267,9,77.0
3510.0,10,52.0,0.9285714285714286,7.013666269437387,2,13.0,0.2914374009581729,7,52.0,0.37296630107822926,1,12.0,0.5345643553728053,10,77.0
3515.0,4,21.0,0.3620689655172414,8.956638156112005,2,9.0,0.5248100593560646,1,50.0,0.526683932186678,1,6.0,0.6795736910468445,4,65.0
3520.0,3,15.0,0.2631578947368421,8.893601349043989,2,7.0,0.4430452392131259,0,9.0,0.7100843322119805,1,13.0,0.578851396277978,3,29.0
3525.0,8,35.0,0.6481481481481481,8.52121711806224,7,36.0,0.41748384615594686,0,0.0,0.6362104136674189,1,4.0,0.7171408762509048,8,40.0
3530.0,8,31.0,0.6326530612244898,6.561272516612186,5,51.0,0.332001713179319,1,4.0,0.5773304726990489,2,11.0,0.4930561490833,8,66.0
3535.0,3,11.0,0.22448979591836735,7.582669598623344,1,28.0,0.4294398701165703,1,11.0,0.6706161804890352,1,10.0,0.5749269558284319,3,49.0
3540.0,3,7.0,0.13725490196078433,9.31479119790124,0,5.0,0.6548708286294036,1,7.0,0.637105693620276,2,6.0,0.6182957883423065,3,18.0
3545.0,5,29.0,0.5370370370370371,10.101320152846219,0,0.0,0.7532174160835748,4,24.0,0.6649958413121266,1,11.0,0.6805212840114795,5,35.0
3550.0,4,24.0,0.42857142857142855,9.047312684154418,1,2.0,0.6261374830971621,1,26.0,0.5470459218056042,2,16.0,0.6872305441020343,4,44.0
3555.0,2,8.0,0.14545454545454545,9.340283982102212,1,9.0,0.6978024523920431,0,10.0,0.5801780820663552,1,3.0,0.7375340698693665,2,22.0
3560.0,4,23.0,0.42592592592592593,9.390771027030961,1,14.0,0.7422105480370058,0,0.0,0.6075047577351527,3,11.0,0.6464910516927687,4,25.0
3565.0,4,26.0,0.4727272727272727,8.886388131051852,1,17.0,0.6254969744527464,1,5.0,0.7076413568270874,2,16.0,0.5711017785916993,4,38.0
3570.0,5,36.0,0.6101694915254238,9.552213100159678,2,25.0,0.6296145600161759,2,13.0,0.638355969680129,1,5.0,0.7378953201985808,5,43.0
3575.0,2,2.0,0.034482758620689655,9.542521342953282,1,2.0,0.6151432940782222,1,6.0,0.6543219430495091,0,0.0,0.7659091574467104,2,8.0
3580.0,8,28.0,0.5,8.714037298747256,5,17.0,0.2824763097910153,2,9.0,0.6397479523502029,1,4.0,0.7629645095057402,8,30.0
3585.0,9,38.0,0.7916666666666666,6.353729617554897,3,32.0,0.1438270079903635,4,24.0,0.3454363438484231,2,3.0,0.5745817568021869,9,59.0
3590.0,8,30.0,0.6666666666666666,5.586091077329957,2,27.0,0.34353770387942917,1,29.0,0.3453118981599795,5,21.0,0.2420694927297888,8,77.0
3595.0,5,8.0,0.17777777777777778,7.694545437178572,1,14.0,0.5988014577477971,0,6.0,0.6371185547061007,4,31.0,0.4102822905593704,5,51.0
3600.0,0,0.0,0.0,10.364226554062851,0,8.0,0.803039208840434,0,4.0,0.7484438378313378,0,11.0,0.6818677473082592,0,23.0
