step,system_total_stopped,system_total_waiting_time,system_mean_waiting_time,system_mean_speed,A0_stopped,A0_accumulated_waiting_time,A0_average_speed,B0_stopped,B0_accumulated_waiting_time,B0_average_speed,C0_stopped,C0_accumulated_waiting_time,C0_average_speed,agents_total_stopped,agents_total_accumulated_waiting_time
5.0,2,0.0,0.0,0.5414047694066539,1,0.0,0.0,0,0.0,1.0,1,0.0,0.05320505754199654,2,0.0
10.0,0,0.0,0.0,9.232327124585089,0,0.0,0.7399583635289628,0,0.0,1.0,0,0.0,0.6230794601998567,0,0.0
15.0,1,0.0,0.0,6.933347419381204,0,0.0,0.5617353275339135,0,0.0,1.0,1,0.0,0.4432771452055791,1,0.0
20.0,2,2.0,0.2,7.7949437968725945,1,0.0,0.6397163292225575,0,0.0,1.0,1,2.0,0.4815919762755655,2,2.0
25.0,2,7.0,0.5833333333333334,8.132977781259319,1,0.0,0.5869042511261866,0,0.0,0.9734288600770733,1,7.0,0.5108292394587337,2,7.0
30.0,1,4.0,0.2857142857142857,8.367535716259953,1,4.0,0.5062438115281466,0,0.0,0.9380194642114543,0,1.0,0.7311895838207032,1,5.0
35.0,0,0.0,0.0,8.86701169411549,0,4.0,0.5173350677411882,0,0.0,0.9594367028415638,0,0.0,0.7279921072932946,0,4.0
40.0,1,0.0,0.0,8.940710442553774,1,0.0,0.6960696725596313,0,2.0,0.8323630479652205,0,0.0,0.43792575132266504,1,2.0
45.0,2,1.0,0.06666666666666667,8.807403670616957,1,1.0,0.5885387140058285,0,3.0,0.8455976062886615,1,0.0,0.0,2,4.0
50.0,4,9.0,0.47368421052631576,7.836385459448222,3,9.0,0.31255368987745796,0,3.0,0.8041261969447057,1,0.0,0.3334750360481984,4,12.0
55.0,4,25.0,1.25,7.151236498373453,3,24.0,0.31584335328692387,1,4.0,0.5561053745069192,0,0.0,0.7223645180743111,4,28.0
60.0,5,47.0,2.1363636363636362,5.288889322400487,5,47.0,0.30358787840787443,0,3.0,0.2488757467950632,0,0.0,0.31450739290091795,5,50.0
65.0,4,15.0,0.625,7.894961168711194,1,40.0,0.6042061050565851,2,5.0,0.19109630190710128,1,2.0,0.639348670721904,4,47.0
70.0,2,3.0,0.13043478260869565,9.731930156742255,0,10.0,0.667417439355982,1,5.0,0.6902838510412482,1,2.0,0.8219591146262344,2,17.0
75.0,2,9.0,0.34615384615384615,8.789965715714025,1,1.0,0.36913448595067017,1,10.0,0.7090417177770351,0,2.0,0.8217521063634357,2,13.0
80.0,5,30.0,1.1538461538461537,8.060045054810898,4,17.0,0.1475939153610628,1,15.0,0.7388318448908484,0,0.0,0.8852741046343707,5,32.0
85.0,3,6.0,0.23076923076923078,6.506052579097221,1,19.0,0.23409575985315206,1,5.0,0.5486155068772258,1,3.0,0.6163117240736281,3,27.0
90.0,3,21.0,0.7777777777777778,8.488198441099497,1,5.0,0.409247035589338,1,10.0,0.7292139303559333,1,10.0,0.373348124201634,3,25.0
95.0,2,2.0,0.07692307692307693,7.820813903068563,0,2.0,0.3600267291734725,2,6.0,0.48216663032899876,0,7.0,0.6205968206501878,2,15.0
100.0,4,12.0,0.4444444444444444,9.504824442501864,1,0.0,0.607846182162237,2,16.0,0.6385826741979467,1,2.0,0.623031393180993,4,18.0
105.0,5,31.0,1.2916666666666667,7.984025479284874,1,3.0,0.6316121997874149,3,27.0,0.4312261384624854,1,5.0,0.6203754970466422,5,35.0
110.0,8,56.0,2.074074074074074,6.0874245334411645,2,8.0,0.3425819235741901,5,50.0,0.38380487993780965,1,2.0,0.3586522524223018,8,60.0
115.0,11,102.0,3.642857142857143,7.076224009631642,2,15.0,0.5134147205762145,7,79.0,0.2887921356054759,2,12.0,0.5887103410316861,11,106.0
120.0,14,159.0,5.482758620689655,4.582470392900679,4,27.0,0.3816420213427607,7,114.0,0.16920241226120503,3,22.0,0.18408154122045947,14,163.0
125.0,17,237.0,8.172413793103448,4.244164690984208,3,42.0,0.47050728273190645,10,163.0,0.10661979288947053,4,36.0,0.2724013291462721,17,241.0
130.0,7,124.0,4.275862068965517,5.598105533281471,3,57.0,0.4328569490961054,4,135.0,0.3068310839033245,0,18.0,0.571991095868602,7,210.0
135.0,3,4.0,0.13333333333333333,7.397783761500627,1,20.0,0.6068362878003061,1,80.0,0.4034762619242393,1,5.0,0.6513600524311556,3,105.0
140.0,3,10.0,0.3125,8.097399486949977,1,8.0,0.5947116309339177,2,22.0,0.441944504887334,0,4.0,0.6088374902312831,3,34.0
145.0,7,21.0,0.65625,6.835273733577468,3,18.0,0.31228642638034504,2,19.0,0.3531149967839331,2,6.0,0.6076412646183451,7,43.0
150.0,6,27.0,0.8181818181818182,6.6361990700136015,0,12.0,0.4673375809012938,4,34.0,0.1270449301446207,2,14.0,0.48292361734142847,6,60.0
155.0,6,45.0,1.6071428571428572,7.101097963603837,0,0.0,0.6511805588635355,6,66.0,0.4008897974832987,0,6.0,0.4276447011599116,6,72.0
160.0,7,78.0,2.6,7.32251411853582,1,3.0,0.28123616373874444,6,98.0,0.4173894314230783,0,0.0,0.6359599599003025,7,101.0
165.0,3,25.0,0.8333333333333334,8.241033713655039,1,8.0,0.6556313313322296,1,69.0,0.5102662738631157,1,2.0,0.3559616067209325,3,79.0
170.0,4,26.0,0.896551724137931,8.231209872051407,1,15.0,0.6919474416413973,0,18.0,0.3877265776100423,3,15.0,0.514538122936891,4,48.0
175.0,5,32.0,1.1428571428571428,7.52364234388668,0,2.0,0.8107222545994629,2,22.0,0.0542440960560084,3,30.0,0.5039573503796797,5,54.0
180.0,7,33.0,1.375,7.959804913834908,1,0.0,0.7061953730314432,5,46.0,0.1610213985123075,1,28.0,0.5820207649515485,7,74.0
185.0,5,53.0,2.3043478260869565,8.41739413571639,0,0.0,0.4570194995772129,5,73.0,0.3846581648294156,0,0.0,0.47000257032577153,5,73.0
190.0,2,17.0,0.68,9.264174115580058,1,3.0,0.5023855967394945,1,46.0,0.5963649551726892,0,0.0,0.6430001812970847,2,49.0
195.0,0,0.0,0.0,11.7191417467458,0,2.0,0.9653625986255797,0,17.0,0.7540593221388676,0,2.0,0.9412463373330381,0,21.0
200.0,0,0.0,0.0,11.53003908097075,0,2.0,0.7211045219683996,0,0.0,0.7903634659566829,0,2.0,0.9233880403153986,0,4.0
205.0,3,9.0,0.42857142857142855,8.044633605075443,1,6.0,0.643426432080848,1,3.0,0.2753984458033919,1,4.0,0.6521952982425254,3,13.0
210.0,6,23.0,0.92,7.307597065585826,3,17.0,0.6610931271054743,1,8.0,0.4336741300478729,2,2.0,0.42003773231587965,6,27.0
215.0,3,30.0,1.1111111111111112,7.575047129984182,3,32.0,0.39273753660296845,0,2.0,0.711978451625947,0,0.0,0.6310143155844025,3,34.0
220.0,2,2.0,0.0625,7.2419036510544625,2,21.0,0.18244621264878721,0,2.0,0.6823331401978742,0,0.0,0.5600638047402956,2,23.0
225.0,1,0.0,0.0,9.473384049893601,1,2.0,0.42302428355325344,0,4.0,0.874015051553934,0,0.0,0.6706155468212806,1,6.0
230.0,5,11.0,0.36666666666666664,9.298577832818761,4,9.0,0.4058773750660864,0,2.0,0.7248067067123405,1,3.0,0.715827170776817,5,14.0
235.0,8,44.0,1.6923076923076923,6.955777131024353,5,32.0,0.3811005466367364,1,4.0,0.607654726258566,2,9.0,0.16916297432873345,8,45.0
240.0,6,35.0,1.4583333333333333,6.701699724983566,1,30.0,0.5105989682480511,1,2.0,0.5809950843984051,4,25.0,0.31187186388906457,6,57.0
245.0,4,17.0,0.6538461538461539,7.253387420201601,0,10.0,0.6410111868000292,2,11.0,0.42747855232020027,2,25.0,0.2905099872139028,4,46.0
250.0,6,33.0,1.32,8.706137799966413,2,5.0,0.33288853905209337,3,28.0,0.6714728117077043,1,13.0,0.312314407226234,6,46.0
255.0,7,66.0,2.64,8.150975373069768,2,15.0,0.2997797508700396,3,43.0,0.569312358953021,2,14.0,0.00017442280766726638,7,72.0
260.0,5,30.0,1.4285714285714286,6.259179482649296,3,26.0,0.00021746979672866948,2,39.0,0.4343440209838836,0,6.0,0.23632387209872024,5,71.0
265.0,5,41.0,1.9523809523809523,7.12188483593638,3,41.0,0.23220841352467744,1,14.0,0.4129989213473609,1,2.0,0.5713930218471648,5,57.0
270.0,1,7.0,0.3333333333333333,9.393066473067144,0,31.0,0.5810914103589552,1,8.0,0.4164125359589391,0,2.0,0.8026959953500269,1,41.0
275.0,1,12.0,0.5217391304347826,10.802933066394017,0,0.0,0.7773795013627954,1,12.0,0.0,0,0.0,0.8125458270474326,1,12.0
280.0,0,0.0,0.0,11.31611718409522,0,0.0,0.8998868667480094,0,0.0,1.0,0,0.0,0.8006368027404395,0,0.0
285.0,2,2.0,0.08,8.170547398634751,1,1.0,0.30064360802542844,0,0.0,0.44574560277069836,1,1.0,0.5096665768150476,2,2.0
290.0,7,22.0,0.9166666666666666,5.834807535494799,1,4.0,0.3055585182824113,0,0.0,0.5714761767418266,6,22.0,0.21620613563783636,7,26.0
295.0,3,9.0,0.375,7.439394020582612,1,0.0,0.3711463975449732,0,0.0,0.9070047269696042,2,34.0,0.28464706309044246,3,34.0
300.0,0,0.0,0.0,9.995590965977193,0,0.0,0.7774299395763931,0,0.0,0.9779732567124354,0,9.0,0.3745325551568486,0,9.0
305.0,3,6.0,0.2727272727272727,8.707452007519306,0,0.0,0.7017944646557153,0,0.0,0.9068706250298648,3,15.0,0.03426277142496435,3,15.0
310.0,5,25.0,1.1363636363636365,7.809465508635527,0,0.0,0.7107635010021216,0,0.0,0.8979919353818132,5,34.0,0.18180766465503387,5,34.0
315.0,4,11.0,0.4782608695652174,7.182931435339994,3,5.0,0.4090286454381746,0,0.0,0.8281277253053735,1,22.0,0.44298739545571303,4,27.0
320.0,1,1.0,0.041666666666666664,9.150481892945953,1,8.0,0.467937776360447,0,2.0,0.8781592294763408,0,6.0,0.6766533306631544,1,16.0
325.0,1,4.0,0.16666666666666666,11.190234923239165,1,5.0,0.6598815352421392,0,4.0,0.8406801712888357,0,0.0,0.9506321893529668,1,9.0
330.0,1,3.0,0.125,9.25205237290662,1,4.0,0.7241554102064326,0,4.0,0.7179033754576543,0,0.0,0.48318061442917,1,8.0
335.0,5,19.0,0.7307692307692307,5.554263940435661,3,14.0,0.2417023041836957,2,10.0,0.42991608038860746,0,0.0,0.3831597077975115,5,24.0
340.0,6,41.0,1.4642857142857142,6.47541051644692,6,42.0,0.22646648628888277,0,11.0,0.5193709298871074,0,0.0,0.6384793160098662,6,53.0
345.0,9,78.0,2.7857142857142856,7.828012143425212,8,78.0,0.26845989204489334,0,2.0,0.8650223126629545,1,3.0,0.7304257213896532,9,83.0
350.0,6,31.0,1.0,7.6210891286118,3,68.0,0.45164963099647115,1,2.0,0.6098281837784457,2,9.0,0.5127273904136367,6,79.0
355.0,1,2.0,0.06060606060606061,8.611163660649382,0,23.0,0.5104881600218278,1,6.0,0.5848255604179688,0,7.0,0.6684029648596298,1,36.0
360.0,5,13.0,0.3939393939393939,10.078743470508769,0,0.0,0.7449711491546616,3,18.0,0.6851001347441069,2,1.0,0.5038129025783935,5,19.0
365.0,1,3.0,0.0967741935483871,9.978081945011986,1,3.0,0.3486474997371714,0,16.0,0.7505180402407435,0,0.0,0.7051474029817969,1,19.0
370.0,4,18.0,0.6206896551724138,9.989921358886516,2,13.0,0.55866581372393,1,6.0,0.8000249958002569,1,3.0,0.43515987609828494,4,22.0
375.0,1,0.0,0.0,8.848474892997219,0,2.0,0.7596639894913287,1,0.0,0.43419813102907906,0,2.0,0.8163525186005263,1,4.0
380.0,4,14.0,0.5185185185185185,9.099969267387907,0,2.0,0.8744571316544765,4,16.0,0.4761094876411732,0,0.0,0.6504752419386955,4,18.0
385.0,7,44.0,1.6296296296296295,6.961593269659418,1,2.0,0.17929412490626906,5,41.0,0.2295501447087234,1,5.0,0.5556776518750356,7,48.0
390.0,11,80.0,2.857142857142857,6.491739691338785,3,11.0,0.14940816090452674,6,71.0,0.19865524957861527,2,2.0,0.5063697610574418,11,84.0
395.0,6,46.0,1.6428571428571428,6.614503447429979,4,31.0,0.2644261588440913,1,59.0,0.1908575894345854,1,7.0,0.5927698218694603,6,97.0
400.0,2,10.0,0.3333333333333333,7.975124631089916,2,33.0,0.45616447012340894,0,10.0,0.4500568538453546,0,2.0,0.7639549635210294,2,45.0
405.0,5,5.0,0.14285714285714285,10.071898191470517,2,14.0,0.6344471637758182,2,3.0,0.640587703475796,1,2.0,0.7816747486454276,5,19.0
410.0,1,2.0,0.05405405405405406,10.132896984534339,1,14.0,0.6968100743543831,0,0.0,0.8069101596784882,0,0.0,0.6728428513673765,1,14.0
415.0,4,11.0,0.2619047619047619,8.988185290284935,3,22.0,0.39224366334683397,0,0.0,0.7188759817954757,1,1.0,0.5993306225310742,4,23.0
420.0,7,22.0,0.5945945945945946,8.06388539293114,2,18.0,0.4558357666552019,2,5.0,0.48063607291405536,3,11.0,0.48655649237786974,7,34.0
425.0,3,1.0,0.029411764705882353,6.9555371963588986,1,7.0,0.44450300478080007,1,10.0,0.4170918142192656,1,12.0,0.4044593256526127,3,29.0
430.0,2,11.0,0.3142857142857143,9.873499025338468,1,7.0,0.5819104576250451,1,7.0,0.7165522446223094,0,0.0,0.6354724858109209,2,14.0
435.0,2,2.0,0.05555555555555555,9.888628106238588,0,2.0,0.7213190047683384,1,3.0,0.6217011627255477,1,0.0,0.6810223296945683,2,5.0
440.0,6,23.0,0.6764705882352942,8.644999129464082,1,7.0,0.6757538669650687,5,19.0,0.2886690321166941,0,0.0,0.7846281414503516,6,26.0
445.0,13,74.0,2.466666666666667,4.245463573452537,2,15.0,0.4275986401491557,10,59.0,0.008293401329758058,1,3.0,0.26655518539579653,13,77.0
450.0,8,50.0,1.7857142857142858,4.112880053060897,0,7.0,0.38749583124379394,6,79.0,0.060399388329546944,2,13.0,0.4116117050724697,8,99.0
455.0,1,2.0,0.06451612903225806,7.987134016516812,1,4.0,0.5410472897405962,0,46.0,0.5233191580072751,0,2.0,0.6676848670818955,1,52.0
460.0,3,5.0,0.14285714285714285,9.963133173471478,3,7.0,0.5399529736049887,0,10.0,0.8377671174212207,0,2.0,0.7992748518083593,3,19.0
465.0,6,20.0,0.5128205128205128,9.699263577818254,4,20.0,0.5567425398470824,1,12.0,0.7287502761035807,1,0.0,0.7014900242786521,6,32.0
470.0,9,50.0,1.2820512820512822,7.657967025626628,5,41.0,0.3912860010075849,2,19.0,0.5270509257340266,2,2.0,0.6038757996677603,9,62.0
475.0,17,115.0,2.948717948717949,3.6368736716131944,10,81.0,0.16164092800551275,4,34.0,0.020450209979386187,3,12.0,0.32887702595933954,17,127.0
480.0,15,99.0,2.475,4.180497985188873,8,104.0,0.1820345296355569,1,23.0,0.1970915567351666,6,39.0,0.30126281599102983,15,166.0
485.0,11,80.0,2.0,6.100127695662647,3,77.0,0.36686118812685176,0,7.0,0.8070724804195849,8,75.0,0.3122419375793448,11,159.0
490.0,12,122.0,3.05,6.2553780542470765,4,90.0,0.36575337091026533,0,2.0,0.9527012400511049,8,115.0,0.2950481192713184,12,207.0
495.0,11,70.0,1.6666666666666667,5.352914222990248,9,121.0,0.2652348675384658,0,2.0,0.7850340569617966,2,101.0,0.31364339074343567,11,224.0
500.0,8,28.0,0.7,5.345366006852611,8,125.0,0.1553204972083353,0,2.0,0.6430314653226376,0,32.0,0.49006436807017945,8,159.0
505.0,7,18.0,0.42857142857142855,6.676031154389518,4,81.0,0.22923507791375886,0,4.0,0.8927547019150989,3,40.0,0.44764312523963545,7,125.0
510.0,10,39.0,0.9069767441860465,5.954825829196028,4,97.0,0.19001097276810064,0,4.0,0.664546326348205,6,64.0,0.45890651558419465,10,165.0
515.0,17,109.0,2.477272727272727,4.446637128602346,8,131.0,0.13103222624056748,2,9.0,0.5238775536083259,7,97.0,0.2386822705004583,17,237.0
520.0,27,225.0,5.113636363636363,2.692257346789014,11,183.0,0.11873906621717782,4,24.0,0.16699741453448375,12,146.0,0.09629080297508233,27,353.0
525.0,17,126.0,2.8636363636363638,3.3094953031098284,10,188.0,0.1769520340511118,0,21.0,0.21738509577439707,7,129.0,0.20090101468634422,17,338.0
530.0,8,40.0,0.8888888888888888,7.34827026348245,6,139.0,0.3331482337500815,0,4.0,0.801609868980756,2,59.0,0.43309927500626055,8,202.0
535.0,5,15.0,0.3125,8.299713958424832,3,85.0,0.42750455849408964,0,4.0,0.8163513721898363,2,61.0,0.4269314074871733,5,150.0
540.0,9,32.0,0.64,7.597023522247904,1,82.0,0.5065876345038959,0,4.0,0.7384085922058761,8,87.0,0.2731433053730574,9,173.0
545.0,13,43.0,0.8958333333333334,5.346045937239789,6,97.0,0.14063443105259424,3,12.0,0.41838498005607083,4,81.0,0.3371662794043558,13,190.0
550.0,17,93.0,2.066666666666667,4.632098136514661,10,138.0,0.010691987400473812,7,40.0,0.21330402298863155,0,23.0,0.5376692696254427,17,201.0
555.0,11,60.0,1.3333333333333333,4.575357531820504,6,142.0,0.07482999689889011,4,49.0,0.3278900307011332,1,20.0,0.26097354641745546,11,211.0
560.0,10,45.0,0.9782608695652174,6.966834515744449,2,92.0,0.4335451551159062,2,27.0,0.5134693018185534,6,44.0,0.3082814440662379,10,163.0
565.0,9,24.0,0.5217391304347826,7.390850776566888,1,34.0,0.6412328309670224,3,27.0,0.48627080539772094,5,47.0,0.3313724454926476,9,108.0
570.0,7,37.0,0.8409090909090909,8.946509463480185,0,9.0,0.8654617462805057,6,54.0,0.5478375964300364,1,28.0,0.3697395526088698,7,91.0
575.0,9,76.0,1.6521739130434783,8.307076951458559,1,1.0,0.6582859670648871,7,87.0,0.4579721036192011,1,14.0,0.573905272994828,9,102.0
580.0,9,31.0,0.6458333333333334,6.980290851573579,1,6.0,0.5202246424711772,5,86.0,0.4156125436714134,3,8.0,0.4667295044632259,9,100.0
585.0,7,27.0,0.5625,6.363870390679267,0,0.0,0.5914021423014137,3,43.0,0.30372551166658557,4,25.0,0.5399254484911873,7,68.0
590.0,8,48.0,1.0,6.471340160924314,1,5.0,0.735422548487649,2,39.0,0.25852991310688384,5,46.0,0.48037103367968154,8,90.0
595.0,13,100.0,2.0833333333333335,5.164296679551956,1,10.0,0.5775676082527063,6,59.0,0.1588223777212308,6,76.0,0.37407395738364224,13,145.0
600.0,20,150.0,2.9411764705882355,3.168791119682095,4,22.0,0.20792551565169357,5,72.0,0.13111157347463767,11,118.0,0.20226126101993427,20,212.0
605.0,19,185.0,3.3035714285714284,4.650060686823006,2,23.0,0.38994071033497907,2,49.0,0.19464790972196913,15,182.0,0.2857207570604298,19,254.0
610.0,20,254.0,4.456140350877193,5.363329834054872,1,9.0,0.6311832334479546,2,60.0,0.26115258233562916,17,258.0,0.26030652250725306,20,327.0
615.0,20,198.0,3.473684210526316,4.946349296141243,0,0.0,0.9014174443639995,8,90.0,0.2640171437744,12,260.0,0.14957472216017847,20,350.0
620.0,15,95.0,1.5833333333333333,4.737327267371724,0,0.0,0.4823819707533953,5,95.0,0.30944851812951524,10,220.0,0.1695514275004855,15,315.0
625.0,12,69.0,1.1896551724137931,6.072346058072232,4,15.0,0.44868118104154164,2,62.0,0.4001664170926622,6,152.0,0.30472497685949573,12,229.0
630.0,12,89.0,1.4833333333333334,6.304583136702436,7,46.0,0.33870342967843786,2,73.0,0.36204628631614344,3,135.0,0.39861876038413724,12,254.0
635.0,17,111.0,1.819672131147541,5.857913497009549,8,82.0,0.3189051213649728,7,99.0,0.2994079890577371,2,114.0,0.44224774328388805,17,295.0
640.0,19,130.0,2.2413793103448274,4.371550295495441,3,83.0,0.3768617104166898,12,151.0,0.10415691202749641,4,112.0,0.12593701252905495,19,346.0
645.0,30,218.0,4.113207547169812,3.6098449689271352,1,39.0,0.43821722864447366,18,235.0,0.14497310246949427,11,149.0,0.06405489468713507,30,423.0
650.0,24,192.0,3.5555555555555554,3.2094425896347984,3,45.0,0.2819058137429146,14,270.0,0.08297442412996932,7,152.0,0.14251269688269877,24,467.0
655.0,15,94.0,1.5666666666666667,5.664474638983325,6,69.0,0.29561410857450215,7,235.0,0.26808922873341323,2,101.0,0.42450838984382755,15,405.0
660.0,16,106.0,1.7966101694915255,6.700540943537212,8,104.0,0.4037763723118333,6,236.0,0.31827953370753004,2,62.0,0.6441388722123512,16,402.0
665.0,20,117.0,1.9180327868852458,5.739407164663793,9,111.0,0.315984138818175,8,270.0,0.33755828131571713,3,28.0,0.5739197160128992,20,409.0
670.0,12,52.0,0.8524590163934426,5.025630979321995,3,82.0,0.31830848556778457,8,261.0,0.23097736785839984,1,17.0,0.41773435736254516,12,360.0
675.0,13,47.0,0.7230769230769231,5.988752644935498,2,56.0,0.39631814433112794,6,198.0,0.29082188691792493,5,16.0,0.3881470775745818,13,270.0
680.0,11,74.0,1.1044776119402986,5.82119521375922,4,50.0,0.4835642658748642,2,185.0,0.1946589438406188,5,41.0,0.44837312800722945,11,276.0
685.0,14,97.0,1.4923076923076923,5.237648045633373,1,33.0,0.4546298484791954,7,208.0,0.15176809090737592,6,71.0,0.4126010397137197,14,312.0
690.0,17,48.0,0.7272727272727273,4.188120058608665,5,34.0,0.20877564844894728,9,199.0,0.15240761955570548,3,61.0,0.33801681705348774,17,294.0
695.0,16,79.0,1.253968253968254,5.302649659894776,10,78.0,0.2226653187304048,4,141.0,0.2640049691500308,2,18.0,0.5365958688649995,16,237.0
700.0,14,68.0,1.0625,6.570505712541951,8,92.0,0.3120739972312399,2,68.0,0.4059426405326589,4,21.0,0.5473627050631458,14,181.0
705.0,8,63.0,0.9692307692307692,8.659091247288565,1,60.0,0.5103051895235075,3,37.0,0.5419137932277609,4,41.0,0.6318321562310838,8,138.0
710.0,1,2.0,0.029850746268656716,7.922319649539294,1,62.0,0.46104894885155423,0,31.0,0.4778352908477482,0,26.0,0.6092539233710536,1,119.0
715.0,21,56.0,0.8,5.42716971438634,9,84.0,0.21231761922890172,7,40.0,0.1373978536344376,5,12.0,0.37009333581783405,21,136.0
720.0,22,102.0,1.59375,3.793629408638906,12,134.0,0.18221458682105934,7,59.0,0.0864723436218551,3,21.0,0.2698134331071099,22,214.0
725.0,13,75.0,1.1904761904761905,5.364256370032046,10,161.0,0.30244959783017233,1,47.0,0.39238373061922877,2,15.0,0.4466057313255065,13,223.0
730.0,7,31.0,0.45588235294117646,8.175434552877517,4,118.0,0.36684806939046294,1,22.0,0.6578927363664869,2,16.0,0.68430976596158,7,156.0
735.0,5,8.0,0.11428571428571428,7.490926603685313,1,125.0,0.41599974266108836,2,23.0,0.516950909620901,2,12.0,0.6040604671504983,5,160.0
740.0,20,74.0,1.0571428571428572,5.8378295521927095,9,145.0,0.16207028436626178,6,44.0,0.23318412259024232,5,22.0,0.41427053265900915,20,211.0
745.0,16,51.0,0.7846153846153846,4.170530803382305,9,146.0,0.09135836141704341,5,51.0,0.16327816704630826,2,28.0,0.2519802479676988,16,225.0
750.0,6,15.0,0.2631578947368421,6.498935676510081,4,99.0,0.3459932035214828,1,31.0,0.5092207476994526,1,17.0,0.43904716315816383,6,147.0
755.0,4,7.0,0.11475409836065574,8.48365012863157,0,39.0,0.6000073710217263,2,21.0,0.5788583040604267,2,15.0,0.486202769430863,4,75.0
760.0,10,32.0,0.49230769230769234,8.542893988412867,1,15.0,0.6727949264996154,1,18.0,0.5777283800017227,8,43.0,0.40246482539855427,10,76.0
765.0,13,39.0,0.6190476190476191,5.93974094158805,3,12.0,0.49445218042143,5,29.0,0.32789756740118386,5,58.0,0.25059424473019687,13,99.0
770.0,18,81.0,1.2857142857142858,5.205093248709954,6,33.0,0.20059874010670767,9,68.0,0.34592635803414834,3,41.0,0.33658475861215276,18,142.0
775.0,13,55.0,0.8333333333333334,5.88135336790441,8,50.0,0.2355980772896775,3,69.0,0.38343696827475604,2,19.0,0.4143313838733211,13,138.0
780.0,3,25.0,0.3787878787878788,8.378789089379405,0,29.0,0.5524887894759424,0,30.0,0.5674295613968664,3,27.0,0.5359761657725219,3,86.0
785.0,5,13.0,0.18840579710144928,7.9326098635600815,1,32.0,0.46394970620086595,2,10.0,0.5305736879381516,2,24.0,0.5822069201767739,5,66.0
790.0,12,51.0,0.7391304347826086,8.173708707073928,7,52.0,0.3936831969917451,3,23.0,0.5675553775944356,2,11.0,0.6527382296759043,12,86.0
795.0,18,112.0,1.8064516129032258,5.9780611987285805,12,100.0,0.29010316119632057,4,37.0,0.43052978697035293,2,11.0,0.4397825085817074,18,148.0
800.0,25,214.0,3.4516129032258065,5.029887012455166,18,173.0,0.21976969806044014,4,59.0,0.4241244303613556,3,16.0,0.47724341052037883,25,248.0
805.0,22,210.0,3.1818181818181817,4.984987938069759,17,215.0,0.20227834955384366,4,79.0,0.47569052016539104,1,9.0,0.4383186500591145,22,303.0
810.0,18,89.0,1.289855072463768,4.9258925790834365,12,198.0,0.17392633031996152,0,42.0,0.5302182210243601,6,23.0,0.3353887287713889,18,263.0
815.0,17,41.0,0.5774647887323944,5.058897741657554,11,240.0,0.1726088939490582,2,7.0,0.6099626869912096,4,36.0,0.28030179921640525,17,283.0
820.0,14,55.0,0.7857142857142857,5.615728657931506,11,286.0,0.16204843160956203,2,16.0,0.49988327633837004,1,21.0,0.46489016019844503,14,323.0
825.0,11,43.0,0.6515151515151515,4.71875071731674,9,287.0,0.12886217711407305,1,15.0,0.4862129806468456,1,13.0,0.4168579647302856,11,315.0
830.0,14,40.0,0.6060606060606061,5.58948266259173,6,236.0,0.24020618486435644,1,9.0,0.6518885334709004,7,36.0,0.43119270057203773,14,281.0
835.0,11,37.0,0.5362318840579711,5.084721386993358,6,262.0,0.1952341417867011,1,8.0,0.6650390198247275,4,48.0,0.4437737073445267,11,318.0
840.0,13,46.0,0.6666666666666666,5.293772423606017,11,304.0,0.12037593452260709,1,5.0,0.8064941729175579,1,26.0,0.4166486918685704,13,335.0
845.0,20,123.0,1.8923076923076922,4.534735918548921,15,365.0,0.0966448164670356,2,11.0,0.6391915114025226,3,19.0,0.345184970449002,20,395.0
850.0,19,102.0,1.5,3.9133547223966056,16,377.0,0.09507587454474048,1,3.0,0.5665909110900362,2,10.0,0.307621459352509,19,390.0
855.0,19,85.0,1.2318840579710144,5.9477593883416535,13,303.0,0.1853345992894672,1,2.0,0.6941552840520353,5,25.0,0.5089825338385657,19,330.0
860.0,12,59.0,0.9076923076923077,5.700831801604569,10,235.0,0.19073713775356874,0,2.0,0.6070506994250487,2,23.0,0.5452775635918538,12,260.0
865.0,11,37.0,0.5873015873015873,6.078819141142595,7,273.0,0.20797984057024393,3,13.0,0.6319952522762793,1,14.0,0.6279189928393919,11,300.0
870.0,10,28.0,0.4375,5.908046530680014,7,309.0,0.19934913253813644,0,13.0,0.6729705375332252,3,5.0,0.4748999311263685,10,327.0
875.0,20,104.0,1.6774193548387097,5.198273050931455,15,369.0,0.17279620997440978,0,2.0,0.8415379875234744,5,23.0,0.437317205469481,20,394.0
880.0,24,180.0,2.9508196721311477,3.761879533128595,21,460.0,0.1427346855475188,2,3.0,0.3569335405469107,1,23.0,0.48728896313268005,24,486.0
885.0,30,201.0,2.9558823529411766,3.3860800935015423,22,496.0,0.09012104495389817,5,19.0,0.3372152969491652,3,6.0,0.4838695030565686,30,521.0
890.0,21,130.0,1.8309859154929577,4.784285625519378,19,464.0,0.1152222009728408,1,19.0,0.5980244949342237,1,2.0,0.542371711055947,21,485.0
895.0,20,123.0,1.7083333333333333,6.3664928155112985,15,376.0,0.2302061735125846,1,11.0,0.7550380166993927,4,13.0,0.40961081023326423,20,400.0
900.0,9,43.0,0.5972222222222222,5.856853483841316,7,415.0,0.19690620284682744,0,7.0,0.6592746672945243,2,21.0,0.4224290672669797,9,443.0
905.0,14,57.0,0.8382352941176471,5.228685183766611,10,453.0,0.15568685398084353,3,13.0,0.3721236502235904,1,11.0,0.45613379304993684,14,477.0
910.0,17,79.0,1.161764705882353,4.702383412559996,7,442.0,0.14775232668425467,7,43.0,0.3755314560337423,3,13.0,0.40789476352940723,17,498.0
915.0,12,36.0,0.5070422535211268,5.406091577044988,6,357.0,0.1945818205055531,5,56.0,0.39450548895079823,1,6.0,0.6247705513500791,12,419.0
920.0,7,14.0,0.18666666666666668,6.745833021526471,3,239.0,0.324893350959884,3,36.0,0.439923959847562,1,5.0,0.6527065956815981,7,280.0
925.0,7,24.0,0.32432432432432434,6.2281233273291585,2,249.0,0.27345093539728255,2,34.0,0.4076110985148738,3,18.0,0.6276307015343717,7,301.0
930.0,17,68.0,0.9315068493150684,4.787165686815783,8,276.0,0.17948278279529933,8,59.0,0.1174130858483585,1,18.0,0.4506737133060866,17,353.0
935.0,26,178.0,2.5428571428571427,3.911216749181194,14,331.0,0.1292955470306297,11,114.0,0.14143285712518247,1,9.0,0.43749003038133855,26,454.0
940.0,37,335.0,4.855072463768116,3.930775427813124,21,416.0,0.1424298524014957,14,181.0,0.24357700054623974,2,10.0,0.5431917536733124,37,607.0
945.0,38,517.0,6.8933333333333335,4.057324167571716,22,523.0,0.09951409694071806,14,251.0,0.2773552897223702,2,15.0,0.5458149029465489,38,789.0
950.0,36,574.0,7.358974358974359,3.76970912930473,19,544.0,0.09649501338570322,16,329.0,0.20120740791390837,1,20.0,0.683246054067739,36,893.0
955.0,39,563.0,7.217948717948718,3.2987907212189898,16,473.0,0.11529418744675984,20,423.0,0.17023656574629478,3,26.0,0.5246895720343647,39,922.0
960.0,39,449.0,5.54320987654321,3.9060291348969503,16,358.0,0.17870857894066697,19,442.0,0.20439963863701394,4,42.0,0.4145743274397266,39,842.0
965.0,27,185.0,2.102272727272727,4.380702128278035,14,418.0,0.21130249416508193,12,373.0,0.17970706929091196,1,18.0,0.5027066644634535,27,809.0
970.0,23,142.0,1.595505617977528,6.068677975765519,12,452.0,0.28975397418490645,8,241.0,0.23848682226961865,3,13.0,0.6199375240840389,23,706.0
975.0,21,141.0,1.6785714285714286,5.649273320652892,13,513.0,0.2640767734961114,4,181.0,0.290601508962435,4,30.0,0.6296391488012587,21,724.0
980.0,23,140.0,1.6666666666666667,5.164254072292523,11,489.0,0.2371161868539663,4,116.0,0.4291971132547628,8,58.0,0.402149394460424,23,663.0
985.0,15,64.0,0.7529411764705882,4.994794643823602,8,360.0,0.22866980670037138,1,110.0,0.4569612375471767,6,67.0,0.37911402505397174,15,537.0
990.0,20,67.0,0.7444444444444445,5.205397911512718,9,280.0,0.16558648743429197,8,117.0,0.37189512842608297,3,48.0,0.3250788779625859,20,445.0
995.0,21,131.0,1.423913043478261,6.427427485662904,7,259.0,0.28944225714524,11,166.0,0.39468351880452046,3,28.0,0.39324979368514135,21,453.0
1000.0,18,75.0,0.7978723404255319,5.22359596603093,5,236.0,0.2678496156123711,10,183.0,0.28150659049917104,3,33.0,0.3067306391122196,18,452.0
1005.0,21,83.0,0.9222222222222223,4.79511131188114,8,252.0,0.24252423087531272,7,144.0,0.17017921501209454,6,50.0,0.3085684351208182,21,446.0
1010.0,16,47.0,0.5529411764705883,4.249890358170458,6,253.0,0.29727347322658143,3,157.0,0.17049578321437492,7,64.0,0.25786632236330537,16,474.0
1015.0,16,57.0,0.7125,5.003159387597125,2,200.0,0.3208622901183059,9,191.0,0.2805300831320533,5,47.0,0.2870604362915706,16,438.0
1020.0,14,43.0,0.5180722891566265,3.8181208993279268,4,182.0,0.2119906043298582,8,189.0,0.21708467188720224,2,43.0,0.23949703679150594,14,414.0
1025.0,23,79.0,0.8777777777777778,4.41705269340711,9,214.0,0.2500488853361109,5,132.0,0.1789677623808065,9,65.0,0.246417570933386,23,411.0
1030.0,17,56.0,0.6511627906976745,4.077780514669511,7,208.0,0.27612314990908365,4,113.0,0.2188927580175239,6,75.0,0.2687917273027327,17,396.0
1035.0,17,51.0,0.5795454545454546,4.600916792707738,5,150.0,0.27665875948891894,6,139.0,0.3072765070056986,6,61.0,0.23313334989202805,17,350.0
1040.0,20,76.0,0.8085106382978723,4.914000754426346,4,103.0,0.27322723904609136,8,137.0,0.2920106931886646,8,60.0,0.23189259508336313,20,300.0
1045.0,10,18.0,0.18181818181818182,5.027131156968903,3,80.0,0.25946294840733375,4,89.0,0.30408792367606924,3,65.0,0.3187735931101899,10,234.0
1050.0,13,44.0,0.4489795918367347,5.906899466915217,7,87.0,0.31851201436199217,2,64.0,0.25535609547858457,4,66.0,0.37712901681345795,13,217.0
1055.0,17,87.0,0.9775280898876404,5.321111816808285,10,130.0,0.22475970688544428,2,68.0,0.29114183938207067,5,77.0,0.3523613779755654,17,275.0
1060.0,25,95.0,1.130952380952381,4.138747280651964,12,136.0,0.18656947862463955,7,96.0,0.25997151996996337,6,76.0,0.2572069390295388,25,308.0
1065.0,25,155.0,1.7816091954022988,4.598607710002193,6,108.0,0.24071824557634863,13,156.0,0.2667923969470102,6,78.0,0.22117938451309307,25,342.0
1070.0,25,195.0,2.096774193548387,4.955395538754697,4,79.0,0.2904145226721143,19,240.0,0.23583345731128827,2,65.0,0.25497232594646085,25,384.0
1075.0,28,189.0,2.032258064516129,4.290893641633648,5,86.0,0.1740358589989167,18,286.0,0.09472676997020626,5,55.0,0.20980722497972698,28,427.0
1080.0,28,161.0,1.8505747126436782,4.699064903567272,6,116.0,0.219303229173966,15,260.0,0.1529042432050707,7,84.0,0.30552220931811297,28,460.0
1085.0,19,110.0,1.3580246913580247,4.220145282164748,4,120.0,0.3156565230954522,8,240.0,0.20110097974081362,7,99.0,0.29240606073904923,19,459.0
1090.0,15,71.0,0.8352941176470589,5.595438505810723,2,102.0,0.39324486121821906,5,181.0,0.44436652740551175,8,97.0,0.33913814299257883,15,380.0
1095.0,8,28.0,0.3146067415730337,5.72335291810149,1,64.0,0.44274990169630657,2,162.0,0.45090451746130394,5,120.0,0.2649997739233574,8,346.0
1100.0,18,62.0,0.6666666666666666,5.426892749564437,2,47.0,0.34436365832341326,7,160.0,0.4017302803526754,9,154.0,0.19834909422994,18,361.0
1105.0,25,116.0,1.2340425531914894,4.36044825316146,3,41.0,0.34374629344995306,8,147.0,0.23330179702771758,14,212.0,0.11162784944964323,25,400.0
1110.0,30,203.0,2.2555555555555555,4.340146193461859,3,42.0,0.40644313719281083,5,109.0,0.22774803024565976,22,298.0,0.1543426850524482,30,449.0
1115.0,25,281.0,3.087912087912088,5.106929894950119,1,26.0,0.5999381263186969,2,52.0,0.29068318686759287,22,401.0,0.1690791716848842,25,479.0
1120.0,34,400.0,4.395604395604396,4.375425413530043,4,27.0,0.5237358918379162,2,33.0,0.2472601387536868,28,526.0,0.10604855360439054,34,586.0
1125.0,47,434.0,4.769230769230769,2.7731261578619506,10,61.0,0.21836797108445224,8,57.0,0.2079608725362946,29,596.0,0.049012034049675315,47,714.0
1130.0,50,437.0,4.802197802197802,2.327730129836079,13,118.0,0.09705807720611945,13,109.0,0.2236735284462296,24,587.0,0.0895419558170339,50,814.0
1135.0,45,450.0,4.6875,2.8163391747039603,19,202.0,0.14314044015508925,9,129.0,0.23603071877509785,17,683.0,0.10750779295748358,45,1014.0
1140.0,39,381.0,3.81,3.6934708688894613,15,245.0,0.2614605741144599,6,107.0,0.27250734565643775,18,767.0,0.17513054756863064,39,1119.0
1145.0,36,310.0,3.163265306122449,4.106824223323826,9,216.0,0.3156391697751233,5,75.0,0.35364586500841394,22,863.0,0.15550528913506614,36,1154.0
1150.0,31,174.0,1.6730769230769231,3.8059165668524884,9,244.0,0.27118347949254784,4,77.0,0.2762433667907689,18,871.0,0.13608157592415882,31,1192.0
1155.0,30,136.0,1.2710280373831775,4.37577832433575,10,293.0,0.17507315671431203,6,88.0,0.3151289864039163,14,744.0,0.16779073016306978,30,1125.0
1160.0,37,172.0,1.702970297029703,3.7114668472150374,16,360.0,0.09866083552169731,6,92.0,0.24050816466306676,15,669.0,0.18687770554570335,37,1121.0
1165.0,35,237.0,2.393939393939394,4.367969649121246,17,437.0,0.1343316272030198,6,77.0,0.4220131013806887,12,576.0,0.24690909458810756,35,1090.0
1170.0,31,317.0,3.2346938775510203,4.20105530025486,22,536.0,0.14346084646792273,2,51.0,0.5462354741451658,7,612.0,0.24125939507137434,31,1199.0
1175.0,30,303.0,3.0606060606060606,4.232106068062476,19,563.0,0.13743997323576526,2,45.0,0.5383736177645247,9,625.0,0.24409507905878952,30,1233.0
1180.0,29,177.0,1.7878787878787878,3.8498157128993036,14,503.0,0.17109604628159505,3,29.0,0.3740711230774173,12,598.0,0.19587856131611414,29,1130.0
1185.0,28,163.0,1.6804123711340206,4.356082040109353,15,398.0,0.1430328473902199,3,25.0,0.5233950156584471,10,472.0,0.19443546392179822,28,895.0
1190.0,22,153.0,1.5148514851485149,5.528936950724675,11,369.0,0.2887136371054365,3,22.0,0.5503473254348504,8,390.0,0.19651938500132765,22,781.0
1195.0,17,127.0,1.2450980392156863,6.251793010766753,8,303.0,0.4088505558384638,6,39.0,0.5378716971668707,3,389.0,0.24361485601072752,17,731.0
1200.0,15,87.0,0.87,5.19294710704422,3,306.0,0.36065889574322113,4,44.0,0.4036457104814448,8,403.0,0.18742598805644406,15,753.0
1205.0,22,82.0,0.82,4.70877895688613,6,327.0,0.34953178099728494,7,47.0,0.19980705267497778,9,387.0,0.19061382050745618,22,761.0
1210.0,24,110.0,1.1702127659574468,4.394667665559441,7,316.0,0.23104167970776934,11,72.0,0.23384795736825884,6,303.0,0.21033904947002693,24,691.0
1215.0,20,105.0,1.1290322580645162,4.597317471880653,5,263.0,0.2164159306541227,9,102.0,0.3446969276285637,6,187.0,0.17385393068126484,20,552.0
1220.0,12,68.0,0.68,5.9898493135921465,3,236.0,0.2987136404277008,2,80.0,0.46260800267823976,7,135.0,0.3139374128721162,12,451.0
1225.0,12,40.0,0.38461538461538464,6.002450217050894,5,245.0,0.39518901406376955,4,41.0,0.3995824609987906,3,86.0,0.3078774969463692,12,372.0
1230.0,17,70.0,0.6796116504854369,5.643848856451813,5,216.0,0.3326178865714821,5,42.0,0.41648567914704077,7,70.0,0.28080586624752885,17,328.0
1235.0,24,157.0,1.57,5.581000984226602,5,174.0,0.3668171709102999,6,66.0,0.42498094255412205,13,122.0,0.2584913526511738,24,362.0
1240.0,25,100.0,0.9615384615384616,3.8894419111925562,5,181.0,0.2699555555173534,7,59.0,0.30327532213886016,13,154.0,0.16039143881875476,25,394.0
1245.0,30,120.0,1.1111111111111112,4.5379586615091165,10,210.0,0.23457342904880168,5,38.0,0.3611808109293798,15,159.0,0.14819774349652073,30,407.0
1250.0,32,195.0,1.911764705882353,4.189141320569729,13,270.0,0.14236777116348534,8,63.0,0.31786663033519763,11,178.0,0.16445649611073954,32,511.0
1255.0,29,151.0,1.4803921568627452,3.55343241085398,14,289.0,0.13202850766024626,5,72.0,0.2048589670869533,10,221.0,0.14086633733840942,29,582.0
1260.0,20,75.0,0.7731958762886598,4.197243990086642,8,232.0,0.23508977431036793,4,51.0,0.4024060461107464,8,229.0,0.21528184891926375,20,512.0
1265.0,17,79.0,0.7821782178217822,4.490342603782451,8,261.0,0.2623192271448298,6,46.0,0.4454139091975527,3,194.0,0.22370745265219982,17,501.0
1270.0,21,73.0,0.6759259259259259,4.154124251846845,13,318.0,0.19237026437911026,3,42.0,0.42510033479903464,5,203.0,0.1659632451957636,21,563.0
1275.0,26,96.0,0.8888888888888888,3.859887756916459,14,325.0,0.07097653378496897,3,19.0,0.4214384854477541,9,237.0,0.14216709202375963,26,581.0
1280.0,28,142.0,1.42,3.4986860536727646,9,267.0,0.1539909243080799,3,26.0,0.40041492662433814,16,305.0,0.0829845303795062,28,598.0
1285.0,28,217.0,2.2604166666666665,3.268107784596842,3,244.0,0.24738556120424152,3,21.0,0.39352864390039993,22,405.0,0.11816620931559281,28,670.0
1290.0,33,266.0,2.66,3.5762800298027413,7,265.0,0.2181616823040271,4,29.0,0.5034511500208091,22,459.0,0.0866042403422658,33,753.0
1295.0,35,246.0,2.411764705882353,3.347581433152224,14,319.0,0.1580451556916051,1,20.0,0.4216370183354817,20,451.0,0.10757353558206925,35,790.0
1300.0,39,295.0,2.95,3.133206418738415,19,404.0,0.12291900340442859,1,8.0,0.5203187245384134,19,517.0,0.12804533591754988,39,929.0
1305.0,47,389.0,3.8514851485148514,2.893162019792939,26,524.0,0.10632562806121768,2,11.0,0.3754289612070426,19,604.0,0.09276869706491489,47,1139.0
1310.0,48,506.0,5.216494845360825,2.296414047983451,33,672.0,0.0577866880482273,3,18.0,0.3272758924346639,12,617.0,0.1271557611207667,48,1307.0
1315.0,48,664.0,6.845360824742268,2.021001633087193,36,842.0,0.028604824210045923,5,42.0,0.27000674680477205,7,512.0,0.158242477508947,48,1396.0
1320.0,48,806.0,7.98019801980198,2.8136692968782717,42,1034.0,0.014892805533067155,0,36.0,0.5889548082174935,6,398.0,0.19975221562597756,48,1468.0
1325.0,42,785.0,7.336448598130841,4.423528800727504,38,1113.0,0.04682751186737848,0,2.0,0.759644257852805,4,291.0,0.273830203120029,42,1406.0
1330.0,31,594.0,5.766990291262136,4.926268580708337,29,1043.0,0.08165622266351653,0,4.0,0.6939125703074775,2,281.0,0.32973556652344377,31,1328.0
1335.0,32,484.0,4.792079207920792,4.631243824862315,22,1109.0,0.10812645288144582,3,14.0,0.4845640145027188,7,305.0,0.2985359452913616,32,1428.0
1340.0,40,401.0,3.9702970297029703,3.9524076622528326,18,1209.0,0.148028056051865,8,40.0,0.3563896443767301,14,361.0,0.1959869942725721,40,1610.0
1345.0,42,386.0,3.979381443298969,2.6335662077349546,11,1183.0,0.1589504414759888,10,80.0,0.23501631631360453,21,448.0,0.08501186484164316,42,1711.0
1350.0,43,369.0,3.6176470588235294,2.6524272721328543,6,1030.0,0.12935679335068984,9,110.0,0.2749857136687574,28,561.0,0.08702842758472312,43,1701.0
1355.0,39,480.0,4.571428571428571,4.10377395608774,6,816.0,0.25663163948093926,5,102.0,0.40064258869678154,28,694.0,0.1708473515933737,39,1612.0
1360.0,36,410.0,3.5964912280701755,4.024817800584531,5,815.0,0.23635744333198194,6,74.0,0.3986048636832094,25,737.0,0.1603286191182792,36,1626.0
1365.0,39,338.0,2.8403361344537816,4.225672863138183,8,816.0,0.22458650329879185,7,82.0,0.43671274582541325,24,684.0,0.1653807742467832,39,1582.0
1370.0,42,322.0,2.824561403508772,3.8194071090738797,14,873.0,0.16800375728785708,4,56.0,0.38266953047666735,24,572.0,0.14863373671426425,42,1501.0
1375.0,39,351.0,3.106194690265487,4.0025795063842935,20,960.0,0.14022232599792323,3,39.0,0.5282602607267618,16,619.0,0.19976790630053526,39,1618.0
1380.0,42,393.0,3.5089285714285716,3.7823926472265943,28,1080.0,0.0634668947609028,2,29.0,0.37251146259809825,12,658.0,0.21709825001169433,42,1767.0
1385.0,49,539.0,5.133333333333334,3.353869441705478,34,1240.0,0.10372616795417167,3,23.0,0.24159995940803805,12,701.0,0.21347009266980468,49,1964.0
1390.0,62,820.0,7.809523809523809,2.37289356005095,42,1430.0,0.07073040531809523,3,37.0,0.18568494229121865,17,774.0,0.1733434133594873,62,2241.0
1395.0,72,1055.0,9.85981308411215,1.6492085202214168,46,1654.0,0.039444901374060724,5,52.0,0.1809292535902939,21,773.0,0.08269470799243327,72,2479.0
1400.0,63,978.0,8.972477064220184,2.374328843292889,44,1730.0,0.036055719606651306,1,43.0,0.5021039629402361,18,635.0,0.1253584345015597,63,2408.0
1405.0,48,785.0,6.885964912280702,3.561430835000568,37,1626.0,0.049286115258886744,0,9.0,0.6718583295514748,11,653.0,0.17613792399612976,48,2288.0
1410.0,44,671.0,5.7844827586206895,4.257671445370287,27,1640.0,0.10946208432947124,2,14.0,0.6481393221546474,15,705.0,0.180729596219048,44,2359.0
1415.0,40,479.0,4.201754385964913,3.76469261995596,22,1749.0,0.13880246696782547,4,28.0,0.30373157601512185,14,691.0,0.16292663108765856,40,2468.0
1420.0,39,358.0,3.2545454545454544,3.345841321173079,21,1862.0,0.12948545386492633,8,59.0,0.36167304258603844,10,542.0,0.15517521998154282,39,2463.0
1425.0,35,240.0,2.1818181818181817,3.729633523374819,15,1792.0,0.12331638248126807,9,85.0,0.34562645064728786,11,454.0,0.21596711626746967,35,2331.0
1430.0,27,174.0,1.5398230088495575,4.347764785928463,11,1556.0,0.16226636353375423,3,89.0,0.4363765902133389,13,362.0,0.18495704257182272,27,2007.0
1435.0,30,241.0,2.0775862068965516,4.781896811669612,11,1250.0,0.1566306584124579,3,64.0,0.5003929862418754,16,360.0,0.2088953648039012,30,1674.0
1440.0,32,318.0,2.694915254237288,5.125236304762718,12,1020.0,0.1902836263779446,3,43.0,0.49494234626844236,17,353.0,0.26174087506469496,32,1416.0
1445.0,28,370.0,3.189655172413793,5.116879685699589,6,1040.0,0.2574351196968827,4,19.0,0.37770880452611766,18,391.0,0.28565464205679464,28,1450.0
1450.0,35,323.0,2.8086956521739133,3.9195454423822995,8,1066.0,0.23768929903186362,12,49.0,0.2213307487459304,15,411.0,0.2135375592662899,35,1526.0
1455.0,35,210.0,1.8103448275862069,3.899288901665837,6,985.0,0.2597701191688805,17,117.0,0.10390220834850412,12,358.0,0.1932285837531367,35,1460.0
1460.0,30,187.0,1.654867256637168,4.125552781892285,4,770.0,0.2225590777572496,16,173.0,0.1763296925717973,10,285.0,0.21819716839451309,30,1228.0
1465.0,25,148.0,1.3214285714285714,4.326963296573504,2,505.0,0.28436026844566215,12,195.0,0.24204581829559407,11,306.0,0.24434912928266675,25,1006.0
1470.0,23,121.0,1.0083333333333333,4.5413679756144925,2,337.0,0.27445788112560493,7,212.0,0.3171562804188485,14,321.0,0.19476323385736263,23,870.0
1475.0,26,92.0,0.736,4.370888259559477,3,278.0,0.27209083375933,9,234.0,0.21908520027168554,14,314.0,0.1914843689459701,26,826.0
1480.0,28,131.0,1.0564516129032258,4.972689285296654,7,302.0,0.30753674785850216,13,291.0,0.12797674078774762,8,222.0,0.19720196289534955,28,815.0
1485.0,38,242.0,2.1415929203539825,3.7804682002103607,7,257.0,0.24622275418499212,20,378.0,0.06224125241876877,11,197.0,0.1926432298855603,38,832.0
1490.0,39,232.0,2.128440366972477,3.030171571520717,7,150.0,0.19492333207374762,21,426.0,0.13218115661107016,11,207.0,0.1375096770413462,39,783.0
1495.0,32,178.0,1.5892857142857142,3.7267385290382182,5,128.0,0.293433968695365,16,404.0,0.222976132032384,11,205.0,0.18598930068402483,32,737.0
1500.0,35,210.0,1.75,4.365380690623009,9,153.0,0.292550573230496,14,347.0,0.19718051222891056,12,208.0,0.2689269465554414,35,708.0
1505.0,37,222.0,1.776,4.1011759202728735,10,139.0,0.20641175382554122,12,307.0,0.2438571938792413,15,235.0,0.28709272099511135,37,681.0
1510.0,32,197.0,1.576,4.15673784469732,9,123.0,0.17837590564430125,8,248.0,0.36625886703624605,15,282.0,0.26385365424565216,32,653.0
1515.0,33,266.0,2.094488188976378,4.12666614145488,7,100.0,0.24317827738903666,9,227.0,0.3590086515004105,17,317.0,0.21338654003421456,33,644.0
1520.0,31,291.0,2.18796992481203,5.040677947437627,6,98.0,0.2561147691552505,9,205.0,0.4410094438013254,16,312.0,0.22882033074655048,31,615.0
1525.0,35,344.0,2.5671641791044775,4.358932565517405,7,109.0,0.2785923830018916,12,211.0,0.3812608217787056,16,346.0,0.18053017446433897,35,666.0
1530.0,39,292.0,2.162962962962963,4.01129394939472,11,143.0,0.3102038155418514,10,209.0,0.33916201098608556,18,330.0,0.12885470504824278,39,682.0
1535.0,37,151.0,1.0413793103448277,3.397794592434971,9,137.0,0.3048414743994998,12,256.0,0.21563790818632053,15,375.0,0.1259705418662533,36,768.0
1540.0,34,116.0,0.7581699346405228,3.5285980946809508,9,104.0,0.2803586240502773,11,286.0,0.09559162891675561,14,384.0,0.12895397891483917,34,774.0
1545.0,45,212.0,1.452054794520548,3.639041743290472,13,123.0,0.21124406691600897,15,307.0,0.05577016891214307,17,396.0,0.1790383795577064,45,826.0
1550.0,57,417.0,3.0217391304347827,3.332097797669531,21,189.0,0.22556558897704168,15,349.0,0.12493077659423807,21,494.0,0.14689097980970364,57,1032.0
1555.0,58,426.0,3.1323529411764706,2.623999560897433,20,250.0,0.13794274337912635,17,349.0,0.15350819061041007,21,534.0,0.10807745975148632,58,1133.0
1560.0,57,326.0,2.3795620437956204,2.9901328303217163,21,268.0,0.15044747012300771,15,269.0,0.20450528324297218,21,509.0,0.10549932036137494,57,1046.0
1565.0,44,263.0,1.8785714285714286,3.8320922268807593,16,282.0,0.16906007215296087,7,296.0,0.2941205454693975,21,482.0,0.15489445088617565,44,1060.0
1570.0,36,164.0,1.1549295774647887,3.932832691546047,11,319.0,0.2539152063562788,8,290.0,0.2677354244899704,17,516.0,0.18819469261969887,36,1125.0
1575.0,39,156.0,1.0909090909090908,3.694552503422759,9,330.0,0.21389324703555845,14,290.0,0.1356665672778194,16,580.0,0.17322728430224044,39,1200.0
1580.0,38,182.0,1.318840579710145,3.7219002192129707,10,334.0,0.20361634457432232,12,267.0,0.13919302230717331,16,655.0,0.14512088091104483,38,1256.0
1585.0,41,178.0,1.3587786259541985,3.1847630771308606,13,311.0,0.1569978238425483,14,277.0,0.15508482647103813,14,655.0,0.15247531133003256,41,1243.0
1590.0,33,133.0,0.9925373134328358,3.541980935614072,8,316.0,0.21164895448167403,14,271.0,0.23107819188185427,11,553.0,0.17397988421271857,33,1140.0
1595.0,36,162.0,1.125,3.7641687930791243,10,326.0,0.21272674610255068,14,278.0,0.23785214453913164,12,602.0,0.16195114087730275,36,1206.0
1600.0,41,209.0,1.4315068493150684,3.5096118219597088,11,341.0,0.178069757522932,12,274.0,0.1960112877041236,18,669.0,0.12437129769514456,41,1284.0
1605.0,46,253.0,1.8201438848920863,3.2687541605279993,20,409.0,0.15249308650550245,10,230.0,0.12797318967565932,16,674.0,0.10947179169935006,46,1313.0
1610.0,52,395.0,3.0384615384615383,3.3550039232299973,27,517.0,0.06324677061916913,14,189.0,0.22602685989643348,11,554.0,0.12345499635680394,52,1260.0
1615.0,50,511.0,3.9612403100775193,2.9702741298200523,34,667.0,0.0468191002014678,11,215.0,0.24051828747411824,5,539.0,0.16648504558356064,50,1421.0
1620.0,51,657.0,4.9772727272727275,2.851177122776802,37,846.0,0.12320749184008795,7,183.0,0.1880332771155883,7,554.0,0.1470745308214973,51,1583.0
1625.0,58,737.0,5.6692307692307695,2.7034712972649135,35,923.0,0.09327560702662886,9,164.0,0.22149068008838105,14,606.0,0.17912737940785842,58,1693.0
1630.0,59,676.0,5.121212121212121,3.0221706148210665,34,899.0,0.10590495578676368,12,172.0,0.29799884845063696,13,591.0,0.14369140979154713,59,1662.0
1635.0,49,479.0,3.6564885496183206,2.7284666481332196,26,988.0,0.0982506050029625,11,171.0,0.2567415816256206,12,477.0,0.13172148659134125,49,1636.0
1640.0,42,352.0,2.588235294117647,3.0805237887790966,23,1091.0,0.09455311612746004,7,183.0,0.23873287254604542,12,519.0,0.13069690466228162,42,1793.0
1645.0,34,220.0,1.6058394160583942,3.3591212562084087,15,1079.0,0.11169504940825668,5,122.0,0.2192297591760777,14,568.0,0.1197205920895646,34,1769.0
1650.0,35,220.0,1.7054263565891472,3.610937917629787,8,936.0,0.15435275117920735,8,109.0,0.3061554652024509,19,650.0,0.11323796650803751,35,1695.0
1655.0,27,148.0,1.1653543307086613,3.0014446588937798,8,926.0,0.1649682334496776,5,103.0,0.294225256081796,14,640.0,0.09440699234805643,27,1669.0
1660.0,30,133.0,1.023076923076923,3.592106955483942,7,946.0,0.198130501129207,8,76.0,0.28965520965075797,15,553.0,0.14545458470313571,30,1575.0
1665.0,37,170.0,1.2781954887218046,3.027356730994443,10,901.0,0.14526819814291578,12,103.0,0.2250662564333142,15,610.0,0.13106605425079,37,1614.0
1670.0,40,178.0,1.2992700729927007,2.854455456975478,11,776.0,0.12833150178241062,11,129.0,0.22844197012620981,18,683.0,0.12700894206355415,40,1588.0
1675.0,39,181.0,1.3021582733812949,3.276491138246394,10,764.0,0.14426147182154161,7,119.0,0.26565424927228115,22,787.0,0.12973451600633445,39,1670.0
1680.0,33,182.0,1.318840579710145,4.045288693725355,11,774.0,0.15178740787044723,5,85.0,0.35665049240302793,17,783.0,0.13298668961949647,33,1642.0
1685.0,30,104.0,0.8062015503875969,3.112268043954395,9,734.0,0.13015116258625226,2,73.0,0.3036675762166987,19,680.0,0.11435579612791433,30,1487.0
1690.0,35,126.0,1.0,2.962730773729848,11,629.0,0.1553196690293731,8,70.0,0.3474500835198995,16,752.0,0.13386309611110778,35,1451.0
1695.0,37,181.0,1.3308823529411764,3.6880328121508916,13,486.0,0.1631997335061772,4,73.0,0.3793046480295374,20,832.0,0.11673025012817778,37,1391.0
1700.0,41,269.0,1.935251798561151,4.0989316888156875,13,432.0,0.20522422020620393,5,49.0,0.4098244607646735,23,940.0,0.10893147367401794,41,1421.0
1705.0,46,449.0,3.2773722627737225,4.278129373529947,16,366.0,0.22387964823709022,7,55.0,0.3397487043199697,23,1058.0,0.08265679507147118,46,1479.0
1710.0,58,699.0,5.2164179104477615,4.02227885013743,19,360.0,0.2639011833744139,9,95.0,0.353382511939693,30,1190.0,0.0646733275304616,58,1645.0
1715.0,65,915.0,6.984732824427481,3.337823886253799,22,408.0,0.26826809732072854,8,103.0,0.19004951182470187,35,1352.0,0.06367740192802243,65,1863.0
1720.0,71,1029.0,7.854961832061068,2.9239903214799434,19,443.0,0.2557770961771931,10,83.0,0.14817738659476223,42,1552.0,0.06354784176032946,71,2078.0
1725.0,70,1071.0,8.113636363636363,2.676001562976587,17,391.0,0.21311676505121108,6,106.0,0.14751140030613352,47,1772.0,0.037309338437683776,70,2269.0
1730.0,64,1031.0,7.930769230769231,3.3129322138961044,12,297.0,0.22050033026418014,7,120.0,0.16583774390557074,45,1852.0,0.04639443495067207,64,2269.0
1735.0,65,973.0,7.784,3.56388863193224,19,276.0,0.21918876932382877,9,161.0,0.2334972651061402,37,1759.0,0.08580505760435497,65,2196.0
1740.0,58,845.0,6.983471074380165,2.519044756342254,14,318.0,0.14513564952365673,15,227.0,0.14942662448993604,29,1829.0,0.11114729406616469,58,2374.0
1745.0,53,664.0,5.312,3.3782858923579155,13,298.0,0.21160066257337998,16,298.0,0.26922992733007406,24,1946.0,0.13208609816496916,53,2542.0
1750.0,44,505.0,4.007936507936508,3.3951476888991143,8,280.0,0.2314756665506635,17,349.0,0.12488689316672429,19,1908.0,0.13305260306448766,44,2537.0
1755.0,41,421.0,3.4227642276422765,3.488280635120038,7,221.0,0.22804042858491277,22,447.0,0.12429924009294337,12,1633.0,0.12502013103278115,41,2301.0
1760.0,42,533.0,4.368852459016393,3.4805407958475567,10,228.0,0.2407824896623397,26,569.0,0.1276634361208633,6,1586.0,0.16817688578519682,42,2383.0
1765.0,40,640.0,5.039370078740157,3.3232641939540684,8,218.0,0.17026683746508237,26,694.0,0.1234322974969063,6,1586.0,0.1835846276616938,40,2498.0
1770.0,44,597.0,4.6640625,3.255545029517207,12,171.0,0.14717375244800154,21,739.0,0.16288216877393039,11,1489.0,0.16031711197346923,44,2399.0
1775.0,44,488.0,3.696969696969697,3.0931266726879763,14,209.0,0.20545586415453757,18,693.0,0.17530060084253843,12,1286.0,0.14717129908099486,44,2188.0
1780.0,46,460.0,3.3093525179856114,3.3964632053678945,17,285.0,0.21304443415505564,19,643.0,0.20889265814561947,10,1313.0,0.17722939360337678,46,2241.0
1785.0,46,465.0,3.184931506849315,3.3039539199229075,21,382.0,0.2135120136477974,16,623.0,0.22802935387853995,9,1323.0,0.1609237503525536,46,2328.0
1790.0,51,469.0,3.168918918918919,2.5833080969266913,30,510.0,0.15266838684368486,10,614.0,0.20338504132002636,11,1233.0,0.11993146329552369,51,2357.0
1795.0,52,544.0,3.6266666666666665,2.9688952002581797,31,625.0,0.11140444930426982,8,603.0,0.2743152411032469,13,1031.0,0.12484297084494728,52,2259.0
1800.0,53,662.0,4.355263157894737,3.3846877651923633,34,702.0,0.05461339739027367,4,557.0,0.32801411879434217,15,763.0,0.13776929107988672,53,2022.0
1805.0,54,762.0,4.980392156862745,2.982327660896881,32,808.0,0.08197394021985033,9,480.0,0.2807971612856222,13,798.0,0.14107687484742149,54,2086.0
1810.0,46,629.0,4.1381578947368425,3.358313938229085,26,869.0,0.11734193501001666,9,426.0,0.24537856883141984,11,798.0,0.1699143269454821,46,2093.0
1815.0,42,402.0,2.7724137931034485,3.4999037374388826,17,806.0,0.20048539267627746,12,394.0,0.14742212407687755,13,805.0,0.1880712625513657,42,2005.0
1820.0,33,203.0,1.45,3.549334355263797,8,674.0,0.24594257141723894,9,408.0,0.14027962658256862,16,753.0,0.18428286439540795,33,1835.0
1825.0,41,202.0,1.463768115942029,3.4142588486349923,16,578.0,0.2773415805195333,7,419.0,0.19320152552765682,18,608.0,0.13193738684713843,41,1605.0
1830.0,38,183.0,1.2887323943661972,3.1389621407141766,14,568.0,0.1198864398164755,6,380.0,0.2078787194232214,18,619.0,0.13521649387759602,38,1567.0
1835.0,40,169.0,1.1901408450704225,3.2325360540851285,17,564.0,0.10455023926444368,7,352.0,0.267487547122088,16,648.0,0.1353846176541745,40,1564.0
1840.0,42,205.0,1.3945578231292517,3.247294665240389,12,526.0,0.2019295415429953,12,311.0,0.17408197666072447,18,701.0,0.15630249979961527,42,1538.0
1845.0,52,261.0,1.7755102040816326,3.0654044943042007,16,476.0,0.24924639952782898,18,340.0,0.1233063276162956,18,668.0,0.13494414925198725,52,1484.0
1850.0,50,242.0,1.635135135135135,2.8050815833180307,14,497.0,0.20869307915821858,18,388.0,0.1610551965943431,18,533.0,0.11747529103441039,50,1418.0
1855.0,47,176.0,1.1655629139072847,2.9537804340383107,12,454.0,0.1433092543014808,11,376.0,0.23219426327995207,24,610.0,0.08937086061855916,47,1440.0
1860.0,40,169.0,1.111842105263158,3.333839412788187,12,477.0,0.16129218754578228,9,348.0,0.23422165635724496,19,668.0,0.10361175959382879,40,1493.0
1865.0,41,260.0,1.7105263157894737,3.7859067052973283,11,488.0,0.14630362283925358,13,337.0,0.18685347942881533,17,733.0,0.10756198657233942,41,1558.0
1870.0,42,313.0,2.2357142857142858,3.2980735832089962,13,511.0,0.14542492243012767,13,340.0,0.10133690000478954,16,691.0,0.1137371432573384,42,1542.0
1875.0,46,266.0,2.030534351145038,2.8945398931048496,13,510.0,0.1723129332791018,18,333.0,0.12762106623581776,15,541.0,0.12585183113514095,46,1384.0
1880.0,44,248.0,1.8102189781021898,3.088444446330382,13,437.0,0.16792693280241383,17,349.0,0.2477950017434761,14,568.0,0.12096380495684057,44,1354.0
1885.0,50,301.0,2.104895104895105,3.0044420385108594,17,408.0,0.18463232342601033,19,427.0,0.18009549234626976,14,611.0,0.11978360173777243,50,1446.0
1890.0,53,332.0,2.3055555555555554,2.5729910173724466,17,444.0,0.14283869686904274,23,530.0,0.12436296016988399,13,609.0,0.122137727699643,53,1583.0
1895.0,45,265.0,1.8402777777777777,2.9759321323545094,13,462.0,0.17614527695573956,24,594.0,0.12611191357014515,8,529.0,0.14139946314405416,45,1585.0
1900.0,34,215.0,1.4930555555555556,4.114716530348878,9,438.0,0.2111353842447825,16,577.0,0.21703740888456727,9,407.0,0.1861395406339604,34,1422.0
1905.0,35,293.0,2.078014184397163,4.666070160684569,12,381.0,0.18647310962645997,15,547.0,0.31702417031738406,8,321.0,0.22667750403908818,35,1249.0
1910.0,36,257.0,1.7847222222222223,3.92317584537419,14,369.0,0.11540158305539475,18,574.0,0.2252686949158589,4,295.0,0.2809445784743866,36,1238.0
1915.0,35,218.0,1.5138888888888888,4.111377691844369,7,367.0,0.18539772523699474,23,584.0,0.11039045690369519,5,275.0,0.320076150435941,35,1226.0
1920.0,44,327.0,2.352517985611511,4.409942192376312,9,372.0,0.2528581518002262,23,619.0,0.14012847892441094,12,271.0,0.2839135373695415,44,1262.0
1925.0,43,305.0,2.3106060606060606,3.3632058304603953,10,395.0,0.25400592247288045,19,637.0,0.12495559359490087,14,276.0,0.15911421735121561,43,1308.0
1930.0,47,304.0,2.356589147286822,2.980086780736707,20,466.0,0.13547218503536065,12,637.0,0.1971204088236516,15,241.0,0.13737012382499947,47,1344.0
1935.0,42,321.0,2.360294117647059,3.5992869729860226,23,556.0,0.10173950457226227,8,631.0,0.2513918087020385,11,189.0,0.206676305814341,42,1376.0
1940.0,37,364.0,2.6,3.8850436264183617,22,630.0,0.13869468295931747,10,571.0,0.22309154186674487,5,204.0,0.2794512191159996,37,1405.0
1945.0,46,505.0,3.7686567164179103,4.07734180409925,27,731.0,0.18354397638365888,10,491.0,0.196280794746336,9,211.0,0.24024273981077243,46,1433.0
1950.0,45,528.0,4.15748031496063,3.406931363317707,25,778.0,0.12145366198128253,7,443.0,0.16730527517342333,13,262.0,0.15678785107178667,45,1483.0
1955.0,49,503.0,4.0894308943089435,3.2191393875752916,25,738.0,0.10154192668337492,10,417.0,0.22162420570370608,14,280.0,0.10337911816171184,49,1435.0
1960.0,42,413.0,3.4132231404958677,3.509325460816466,21,827.0,0.1006069028781383,9,407.0,0.1908966164351627,12,233.0,0.18957349707120394,42,1467.0
1965.0,34,314.0,2.5528455284552845,4.097558481449864,16,890.0,0.18513515456331964,10,342.0,0.1837248558501837,8,269.0,0.24618614900602306,34,1501.0
1970.0,38,340.0,2.6984126984126986,4.541490408225621,17,959.0,0.23220770872315405,11,270.0,0.22772203820563375,10,314.0,0.1953610847128409,38,1543.0
1975.0,39,221.0,1.8264462809917354,3.0751592790978286,11,939.0,0.2056923643122189,9,281.0,0.1680545660753799,19,389.0,0.1573153740500424,39,1609.0
1980.0,39,256.0,2.1512605042016806,3.0390964921821904,12,834.0,0.18830362168317563,8,269.0,0.26046527727968816,19,482.0,0.057137339243449756,39,1585.0
1985.0,40,270.0,2.2131147540983607,3.401890362334562,10,795.0,0.15820613107685094,10,274.0,0.2607869244860378,20,509.0,0.0776848000314897,40,1578.0
1990.0,38,183.0,1.512396694214876,3.273822813838233,9,817.0,0.11744262344277936,11,256.0,0.2113515969672861,18,464.0,0.13564732668231932,38,1537.0
1995.0,39,177.0,1.5,3.993861092777964,12,797.0,0.1690823211155919,13,205.0,0.264172319366337,14,375.0,0.21933078106881831,39,1377.0
2000.0,27,110.0,0.9166666666666666,3.9668814410513638,8,700.0,0.20469594962571447,10,213.0,0.2968039124939431,9,422.0,0.2063208681183822,27,1335.0
2005.0,22,103.0,0.8306451612903226,4.478878609643769,7,718.0,0.19968206318934853,4,201.0,0.2807688032698387,11,472.0,0.1980377867967071,22,1391.0
2010.0,32,150.0,1.2605042016806722,3.7190412389337313,10,730.0,0.14377416640864724,7,192.0,0.20567728182412054,15,539.0,0.1234564305025256,32,1461.0
2015.0,36,169.0,1.5225225225225225,2.8339277474583424,11,707.0,0.1477260837371123,12,166.0,0.1598412859151351,13,541.0,0.14975091124082174,36,1414.0
2020.0,35,181.0,1.6160714285714286,3.925499280624724,9,608.0,0.22551858598542274,15,190.0,0.2695251874869976,11,477.0,0.22349255965552642,35,1275.0
2025.0,39,277.0,2.327731092436975,4.545211365060431,11,462.0,0.29375319684762874,17,239.0,0.2969211364519466,11,512.0,0.20741529586081425,39,1213.0
2030.0,37,295.0,2.36,4.044340856972874,10,409.0,0.26187737151712365,15,270.0,0.26814515755797214,12,572.0,0.12977892770429894,37,1251.0
2035.0,30,147.0,1.1484375,3.7175305596944224,8,369.0,0.19786852573943095,10,245.0,0.22380184376349485,12,570.0,0.14316453902720644,30,1184.0
2040.0,22,64.0,0.5203252032520326,4.069534822736407,9,357.0,0.19896646073525884,6,265.0,0.21297859147019393,7,491.0,0.19927931052919082,22,1113.0
2045.0,26,130.0,1.0924369747899159,4.387648003511135,10,376.0,0.24839865212469106,10,282.0,0.2190463792288304,6,366.0,0.2265923580659563,26,1024.0
2050.0,37,274.0,2.2644628099173554,4.79318512361549,13,420.0,0.248945730470172,15,334.0,0.25972960994652017,9,323.0,0.3028041886065165,37,1077.0
2055.0,35,273.0,2.275,4.18068658340131,12,412.0,0.1606851246940389,13,339.0,0.24875098280094102,10,256.0,0.27984266154475035,35,1007.0
2060.0,37,263.0,2.1557377049180326,4.588542542356928,13,283.0,0.1232938240968153,11,280.0,0.2662981099794499,13,261.0,0.29033222946862886,37,824.0
2065.0,36,223.0,1.8130081300813008,4.679559736510572,12,333.0,0.11664385098393941,12,201.0,0.2821611155178327,12,277.0,0.2663659669716111,36,811.0
2070.0,43,268.0,2.2521008403361344,4.48491402727401,14,369.0,0.1317571441050719,17,206.0,0.22044195605095188,12,261.0,0.22976031726895138,43,836.0
2075.0,43,225.0,1.991150442477876,3.308649958937542,14,355.0,0.10253369579701149,19,240.0,0.13154917017731496,10,263.0,0.1728326424379928,43,858.0
2080.0,33,162.0,1.514018691588785,3.9611591388412624,8,270.0,0.22866058741618944,12,229.0,0.28083663321061997,13,220.0,0.20818289858460468,33,719.0
2085.0,25,127.0,1.0672268907563025,4.926964222770607,6,253.0,0.3020801924962568,5,224.0,0.35522710079771036,14,253.0,0.2658090617873833,25,730.0
2090.0,26,114.0,0.8769230769230769,4.691558851619188,5,235.0,0.29274897614556383,8,211.0,0.2552984655757893,13,257.0,0.23809180212754286,26,703.0
2095.0,29,122.0,0.9312977099236641,4.449161560858854,8,251.0,0.20238093099539012,10,207.0,0.16925917392019926,11,223.0,0.2083810428641263,29,681.0
2100.0,32,156.0,1.3,3.861669141714813,8,263.0,0.23501926738031167,12,179.0,0.15316664427504034,12,221.0,0.2441972152022962,32,663.0
2105.0,39,269.0,2.2796610169491527,4.487161804562246,10,244.0,0.26486225655282425,12,145.0,0.2548278750715552,17,252.0,0.2839954695108637,39,641.0
2110.0,43,336.0,2.7540983606557377,4.656543884575731,11,221.0,0.26219163859729794,14,164.0,0.3119679825456017,18,278.0,0.25749076652665825,43,663.0
2115.0,36,213.0,1.7317073170731707,4.134710196512637,7,243.0,0.2591157091979288,12,178.0,0.34637639651446905,17,269.0,0.15426563008672728,36,690.0
2120.0,28,119.0,0.9444444444444444,4.467616117984064,8,245.0,0.23443287223184103,6,151.0,0.3093536776496978,14,304.0,0.17887912372632547,28,700.0
2125.0,26,117.0,0.9512195121951219,4.13390478387001,11,279.0,0.12437814315332561,7,131.0,0.16185118708709245,8,311.0,0.1835232500159326,26,721.0
2130.0,35,194.0,1.7321428571428572,3.4795442618034165,17,356.0,0.17990768021412168,7,135.0,0.0992053394354515,11,302.0,0.1880881775475857,35,793.0
2135.0,33,177.0,1.6388888888888888,2.9163268481287883,15,382.0,0.17963674754159506,8,141.0,0.18654565128625336,10,260.0,0.17414619007894946,33,783.0
2140.0,24,109.0,0.9396551724137931,3.8489302461627553,13,339.0,0.14980413380867563,7,107.0,0.31616934243407274,4,234.0,0.18286035012307492,24,680.0
2145.0,27,93.0,0.775,3.7762804266897336,12,387.0,0.1469516467941162,8,107.0,0.2129145264395615,7,232.0,0.19478884325580612,27,726.0
2150.0,38,190.0,1.6379310344827587,3.8254743567574914,15,453.0,0.15178497625593323,10,109.0,0.1486475825032259,13,276.0,0.20002736124089493,38,838.0
2155.0,42,268.0,2.4144144144144146,3.4287527044835997,20,548.0,0.15065187043952888,8,124.0,0.27342786262410196,14,291.0,0.15345802383246562,42,963.0
2160.0,32,237.0,2.1743119266055047,3.410395081392866,13,554.0,0.21168349883125553,6,141.0,0.3092793771054886,13,269.0,0.1428669157161549,32,964.0
2165.0,28,127.0,1.0854700854700854,4.121568430502532,11,471.0,0.17940261397899362,5,123.0,0.41608959876687196,12,205.0,0.20406982503339205,28,799.0
2170.0,23,69.0,0.5348837209302325,4.266600657881031,10,517.0,0.1596542673726012,5,73.0,0.3482956534195176,8,231.0,0.2006381782411625,23,821.0
2175.0,32,140.0,1.09375,4.758817189346779,15,583.0,0.14192863369850803,8,70.0,0.32519340944915415,9,241.0,0.2112801445863607,32,894.0
2180.0,36,177.0,1.5258620689655173,3.5073274944293873,14,581.0,0.10705798254546033,11,113.0,0.18034814898303167,11,240.0,0.14843025110096297,36,934.0
2185.0,39,238.0,2.18348623853211,3.3679241119137773,12,515.0,0.14649775733670387,14,184.0,0.2552955864179555,13,218.0,0.1980274788309974,39,917.0
2190.0,35,337.0,3.0089285714285716,4.685772594485177,7,395.0,0.23837395907526518,15,259.0,0.35340754329654706,13,196.0,0.19188005848640446,35,850.0
2195.0,32,321.0,2.697478991596639,4.505505700240597,5,403.0,0.1993640990578558,15,279.0,0.2920098310724194,12,206.0,0.23462635641892357,32,888.0
2200.0,31,225.0,1.875,4.505861172393249,9,427.0,0.2149052273152804,13,254.0,0.2656748561536269,9,204.0,0.2593991413558451,31,885.0
2205.0,32,160.0,1.3333333333333333,4.547560577065994,13,485.0,0.23246910893961145,11,294.0,0.13601831478702672,8,157.0,0.27613403171246226,32,936.0
2210.0,28,145.0,1.2608695652173914,4.097026391321552,10,481.0,0.14425772681440335,12,343.0,0.09568262420403753,6,161.0,0.23215157672351602,28,985.0
2215.0,26,89.0,0.839622641509434,3.4306718179731885,10,413.0,0.15566092835168807,8,350.0,0.203336543459572,8,142.0,0.1917475331077677,26,905.0
2220.0,23,98.0,0.9074074074074074,4.054869336122058,7,423.0,0.2101490791725663,5,291.0,0.24006652796385833,11,157.0,0.23753690547392634,23,871.0
2225.0,31,176.0,1.4915254237288136,4.564084029843886,11,451.0,0.23292202052675662,7,211.0,0.2547582579474669,13,214.0,0.2171440853878996,31,876.0
2230.0,29,170.0,1.452991452991453,4.255569426919778,15,513.0,0.21477650441724067,2,208.0,0.2611266255546167,12,216.0,0.21310339991389027,29,937.0
2235.0,31,158.0,1.3982300884955752,4.14882690755717,14,506.0,0.17291659656455752,8,237.0,0.19316442736491113,9,156.0,0.2194417581228822,31,899.0
2240.0,23,91.0,0.8125,3.6892256357749185,10,427.0,0.14569672508617543,4,227.0,0.29534442256992877,9,184.0,0.13144489549312302,23,838.0
2245.0,26,136.0,1.2710280373831775,4.418859673785517,13,325.0,0.22315538376597893,3,173.0,0.3877949035610246,10,208.0,0.17120890594935487,26,706.0
2250.0,27,119.0,1.0347826086956522,4.079499235648677,9,354.0,0.19182820211685792,4,187.0,0.3202621494795863,14,251.0,0.17417179561976634,27,792.0
2255.0,30,192.0,1.6134453781512605,4.192165402517299,8,355.0,0.21070634761176094,7,206.0,0.22299231749894793,15,305.0,0.17270453950588543,30,866.0
2260.0,32,191.0,1.6754385964912282,3.2115869392587033,10,348.0,0.17871066766188154,12,251.0,0.13395704899338268,10,301.0,0.16117499724234985,32,900.0
2265.0,34,176.0,1.6,3.067095073666587,12,296.0,0.18042320023679473,12,267.0,0.15626367943760944,10,285.0,0.1502442951780958,34,848.0
2270.0,30,206.0,1.8070175438596492,4.328964056409792,11,240.0,0.26209446808914644,10,238.0,0.29795416305321704,9,273.0,0.20325588116483198,30,751.0
2275.0,31,294.0,2.601769911504425,3.9671331271469827,12,245.0,0.23673837608970702,7,230.0,0.26383290129194575,12,275.0,0.2551850532477867,31,750.0
2280.0,39,332.0,2.743801652892562,3.8542802341881366,12,257.0,0.22038909064877374,11,270.0,0.1782651336080119,16,299.0,0.19925919583638174,39,826.0
2285.0,44,394.0,3.283333333333333,3.6476254195267446,7,221.0,0.2508204649349808,16,341.0,0.13183575319809132,21,343.0,0.14200358340673647,44,905.0
2290.0,52,576.0,5.008695652173913,2.47300943671186,6,201.0,0.20763411308126073,18,426.0,0.08318602597079891,28,452.0,0.07429975229898574,52,1079.0
2295.0,63,842.0,7.196581196581197,2.3994119263136904,10,199.0,0.15885137347561457,22,531.0,0.17112828900104063,31,598.0,0.056747830208173276,63,1328.0
2300.0,70,1046.0,8.435483870967742,2.5066078612849947,16,234.0,0.13050585232654402,21,559.0,0.15572442258942304,33,760.0,0.09084023642147916,70,1553.0
2305.0,68,1123.0,8.7734375,3.012087551842625,16,260.0,0.17604633392481825,18,512.0,0.17837168664123973,34,927.0,0.15119154829420398,68,1699.0
2310.0,49,915.0,6.984732824427481,3.697127069785905,10,210.0,0.24759241559067058,12,506.0,0.1517589132854774,27,978.0,0.17964301530461896,49,1694.0
2315.0,40,674.0,5.349206349206349,3.8364150444799394,7,179.0,0.27886850636507915,11,557.0,0.1545422937532379,22,914.0,0.15017872700386925,40,1650.0
2320.0,42,593.0,4.7063492063492065,3.3730198521417676,12,180.0,0.239954583303772,11,542.0,0.11908755246199153,19,1001.0,0.13241755431248342,42,1723.0
2325.0,42,540.0,4.390243902439025,4.03824887682295,17,237.0,0.2443646172193923,7,459.0,0.2182650364686058,18,1077.0,0.19201494001009276,42,1773.0
2330.0,36,428.0,3.5081967213114753,3.560494800356427,15,277.0,0.20047906104961558,2,407.0,0.2572896878537178,19,1076.0,0.16141924067590993,36,1760.0
2335.0,37,242.0,1.967479674796748,3.657070488364861,18,257.0,0.17285437264103945,7,417.0,0.2741837884585298,12,968.0,0.13167044238855932,37,1642.0
2340.0,26,124.0,0.992,3.599267542987997,13,300.0,0.16009450805864092,11,395.0,0.22487388017944338,2,901.0,0.18152306591591466,26,1596.0
2345.0,33,156.0,1.2380952380952381,4.030931261490103,16,352.0,0.20578958661665106,8,335.0,0.1941512307153626,9,893.0,0.20739646615733157,33,1580.0
2350.0,30,167.0,1.346774193548387,4.161362114073895,13,381.0,0.2221682458946859,10,245.0,0.23467946099132547,7,852.0,0.25116301855479495,30,1478.0
2355.0,23,151.0,1.3130434782608695,4.237644574104766,6,348.0,0.29358386452198104,11,210.0,0.29884122124219553,6,748.0,0.22314497841191394,23,1306.0
2360.0,17,109.0,0.923728813559322,4.33886751689271,4,357.0,0.2807639649886269,8,221.0,0.24473681807681447,5,597.0,0.24557320153686268,17,1175.0
2365.0,18,65.0,0.5284552845528455,4.304622039596478,8,370.0,0.18422016700849972,7,187.0,0.30078894052023747,3,606.0,0.18005448286813294,18,1163.0
2370.0,26,112.0,0.9105691056910569,3.397691869994085,14,406.0,0.11173335281216157,6,170.0,0.22639560100472558,6,622.0,0.17210474287571104,26,1198.0
2375.0,27,125.0,1.1061946902654867,2.8164202220365,13,425.0,0.12631434713955808,6,135.0,0.19322329096676,8,598.0,0.15599441711177806,27,1158.0
2380.0,30,145.0,1.2946428571428572,3.6341903311528503,13,365.0,0.17307017028023522,9,138.0,0.28133237132779343,8,516.0,0.20069985515355912,30,1019.0
2385.0,32,217.0,1.8083333333333333,4.337598235764932,13,412.0,0.19168026330100174,10,172.0,0.33411400361641824,9,453.0,0.27791919571688295,32,1037.0
2390.0,33,305.0,2.44,4.625879517432876,15,465.0,0.2067011531908121,10,218.0,0.3380912290740604,8,350.0,0.252759027529419,33,1033.0
2395.0,30,258.0,2.1147540983606556,4.0604839439933675,14,480.0,0.1584601886147896,7,189.0,0.22114451335008065,9,304.0,0.308756835968741,30,973.0
2400.0,28,258.0,2.15,4.577458067638018,11,442.0,0.12705871732422871,7,125.0,0.3195676589343904,10,308.0,0.28757275598595566,28,875.0
2405.0,30,293.0,2.5042735042735043,4.209357951597017,9,477.0,0.12268471701739944,7,116.0,0.3129106364895802,14,288.0,0.23618735016436326,30,881.0
2410.0,30,374.0,3.309734513274336,4.3767309541267805,9,478.0,0.18012559957973745,7,118.0,0.27638885039253236,14,356.0,0.25061327985222365,30,952.0
2415.0,29,288.0,2.6422018348623855,3.5530218014626214,12,467.0,0.13193981443056227,8,145.0,0.14226017013176023,9,342.0,0.2695369066451487,29,954.0
2420.0,29,186.0,1.7383177570093458,4.4986921277830225,12,383.0,0.17922014153968613,9,170.0,0.26262501558148327,8,248.0,0.32669587587302557,29,801.0
2425.0,17,109.0,1.0186915887850467,4.9598278276040215,9,330.0,0.19702951043916814,3,136.0,0.3975628539353483,5,220.0,0.2626501153429286,17,686.0
2430.0,15,47.0,0.4351851851851852,5.15892794592005,6,332.0,0.21434376525624999,4,90.0,0.4344390498153507,5,227.0,0.22042157185591202,15,649.0
2435.0,25,110.0,1.02803738317757,5.171954339200867,10,323.0,0.18762894874982328,8,81.0,0.31486551266797325,7,240.0,0.2036436052298188,25,644.0
2440.0,36,261.0,2.663265306122449,4.158663248939516,14,365.0,0.12217474781533788,14,127.0,0.10537770338072999,8,270.0,0.22668431646111023,36,762.0
2445.0,41,347.0,3.6914893617021276,3.0533396418190817,19,452.0,0.08419609185794434,14,175.0,0.0655717883159094,8,253.0,0.2677876409927989,41,880.0
2450.0,37,272.0,2.924731182795699,3.382155099542583,21,486.0,0.15023731556443737,9,174.0,0.14308678351133833,7,184.0,0.331419162248874,37,844.0
2455.0,30,219.0,2.305263157894737,4.133110215347444,12,425.0,0.17395320230298583,9,219.0,0.26099617479207704,9,115.0,0.3286272291402278,30,759.0
2460.0,30,165.0,1.6666666666666667,4.245234888399995,11,296.0,0.159556613886007,11,266.0,0.24222504276020165,8,139.0,0.30813203136244616,30,701.0
2465.0,25,120.0,1.2121212121212122,4.634866484915302,10,269.0,0.2539300794425323,5,265.0,0.3659733951256891,10,150.0,0.18862733421023054,25,684.0
2470.0,23,106.0,1.0707070707070707,4.985697535850739,7,273.0,0.31512577694910543,5,229.0,0.3257956021808655,11,180.0,0.2684272881326777,23,682.0
2475.0,19,97.0,0.97,5.298654020019118,10,310.0,0.274258981936069,3,181.0,0.25735362943878465,6,176.0,0.3370491105520141,19,667.0
2480.0,20,83.0,0.8383838383838383,5.133145305123421,12,306.0,0.27769968943400475,5,166.0,0.24578867834861703,3,150.0,0.3646095043035337,20,622.0
2485.0,17,102.0,1.0851063829787233,5.613039110090805,5,242.0,0.3019076199251603,4,133.0,0.45207792208144615,8,143.0,0.34720414903021557,17,518.0
2490.0,13,60.0,0.6060606060606061,5.245426284727492,4,160.0,0.2869751367835151,1,93.0,0.5206856072869829,8,153.0,0.1969952816861101,13,406.0
2495.0,19,56.0,0.5384615384615384,5.238894769750102,4,151.0,0.2513066363207197,4,92.0,0.47771361200480816,11,151.0,0.21976107643563192,19,394.0
2500.0,15,76.0,0.7450980392156863,5.017048802641437,6,176.0,0.2593678203550347,2,78.0,0.33715207801070957,7,148.0,0.20798261162084458,15,402.0
2505.0,16,45.0,0.4411764705882353,4.5349734482615,9,185.0,0.24040322546345058,3,53.0,0.29823229038536775,4,138.0,0.2435678617000964,16,376.0
2510.0,15,45.0,0.4639175257731959,4.7844873943715145,6,153.0,0.183709708189929,3,63.0,0.3298471068813735,6,143.0,0.29163098914256025,15,359.0
2515.0,23,99.0,1.03125,4.323071787525497,8,178.0,0.1386920704883801,7,82.0,0.2614850218351098,8,176.0,0.21242479237813194,23,436.0
2520.0,29,167.0,1.7765957446808511,3.2447874390080207,11,217.0,0.146411072195374,11,131.0,0.17895488646873337,7,176.0,0.12572489717405508,29,524.0
2525.0,41,293.0,3.150537634408602,2.849276287801316,17,289.0,0.10698767939415228,18,205.0,0.17025563785560469,6,137.0,0.20995367873132761,41,631.0
2530.0,49,491.0,4.959595959595959,3.4523446867080634,24,391.0,0.09628119027600204,20,302.0,0.19795205538094873,5,95.0,0.25470536034000607,49,788.0
2535.0,46,446.0,4.46,2.798522239997,23,446.0,0.09350067965846864,18,333.0,0.14073390255067114,5,73.0,0.20054252571080924,46,852.0
2540.0,37,284.0,2.8118811881188117,3.7082406437759574,17,415.0,0.1771094133287884,14,302.0,0.20401498586788158,6,85.0,0.326656852581498,37,802.0
2545.0,25,159.0,1.5142857142857142,3.9344479775163834,14,480.0,0.18557079229690074,10,305.0,0.2363265449119107,1,86.0,0.4037308432363958,25,871.0
2550.0,36,182.0,1.6851851851851851,4.2384289845158465,17,553.0,0.11487680863078598,14,366.0,0.12340724124158697,5,83.0,0.40126486079219476,36,1002.0
2555.0,41,237.0,2.2358490566037736,3.457034520425855,17,563.0,0.07852081757458561,15,439.0,0.0926437276242023,9,113.0,0.25634969618088055,41,1115.0
2560.0,36,279.0,2.90625,2.794431185940589,8,482.0,0.14003251480245416,16,520.0,0.1597623879823286,12,165.0,0.15166290070960364,36,1167.0
2565.0,37,344.0,3.405940594059406,3.5359675723536275,5,344.0,0.19492072406402858,20,612.0,0.20975347515340548,12,190.0,0.12142779306547462,37,1146.0
2570.0,34,286.0,2.69811320754717,3.703337886874639,3,291.0,0.26869524350533186,19,622.0,0.18086268565073535,12,176.0,0.145995535084199,34,1089.0
2575.0,32,198.0,1.8857142857142857,3.6229539159757542,4,280.0,0.29676474385355933,17,551.0,0.09789583824448875,11,203.0,0.21523944798926745,32,1034.0
2580.0,34,182.0,1.766990291262136,3.5708385890671916,9,314.0,0.23645321586307863,15,589.0,0.11282574307622527,10,240.0,0.20163510983669272,34,1143.0
2585.0,39,255.0,2.4757281553398056,3.372085283182264,14,376.0,0.19291556244247346,16,658.0,0.12022243582501121,9,284.0,0.18788425251803165,39,1318.0
2590.0,45,346.0,3.6041666666666665,2.424330895769433,20,463.0,0.13829110663434302,13,656.0,0.11817488384980426,12,335.0,0.10464523142815921,45,1454.0
2595.0,47,451.0,4.555555555555555,2.2654767487867637,23,572.0,0.08717213538368684,6,554.0,0.128775008718609,18,409.0,0.14531683128745124,47,1535.0
2600.0,51,661.0,6.544554455445544,2.3428909946213436,29,702.0,0.09868071831177394,3,554.0,0.14481252804337727,19,499.0,0.20586941214908455,51,1755.0
2605.0,53,631.0,5.952830188679245,1.8773205306596616,27,745.0,0.10410086872872634,8,583.0,0.09254024669265132,18,530.0,0.11131979804032159,53,1858.0
2610.0,51,480.0,4.571428571428571,2.6053954314685477,24,698.0,0.09773869644826078,8,567.0,0.23656865219503267,19,496.0,0.06701999069930645,51,1761.0
2615.0,39,423.0,3.953271028037383,4.244769139535256,18,632.0,0.20150084180292976,4,455.0,0.3001606131058577,17,508.0,0.20122347663586382,39,1595.0
2620.0,28,323.0,2.90990990990991,4.503196514612603,13,644.0,0.25612671423124983,3,423.0,0.301653325495761,12,555.0,0.21321975379642769,28,1622.0
2625.0,31,286.0,2.623853211009174,3.9086169248153424,14,700.0,0.21358256859706903,7,450.0,0.20515718642410266,10,601.0,0.17970594909303836,31,1751.0
2630.0,34,215.0,2.0673076923076925,3.0296690439182186,9,680.0,0.17847548014129608,13,500.0,0.13361345125448387,12,655.0,0.11355967723254617,34,1835.0
2635.0,36,214.0,2.1616161616161618,2.804535355894513,8,573.0,0.18104409246830372,14,497.0,0.19431048790510747,14,717.0,0.10659928854400966,36,1787.0
2640.0,24,163.0,1.63,3.7214534308613527,4,434.0,0.27717253406364006,8,420.0,0.24985605246642584,12,716.0,0.174187278028588,24,1570.0
2645.0,23,152.0,1.4476190476190476,5.169897960455719,6,370.0,0.3780369115612753,7,296.0,0.31153736929178405,10,636.0,0.26181677750388577,23,1302.0
2650.0,16,90.0,0.8411214953271028,5.175876444580858,2,315.0,0.3394638309678077,4,220.0,0.3123013250035688,10,620.0,0.30880570943458796,16,1155.0
2655.0,24,127.0,1.2095238095238094,5.641000752710555,6,301.0,0.3075437163178797,4,132.0,0.3894867446430296,14,675.0,0.24823015017057376,24,1108.0
2660.0,26,144.0,1.469387755102041,4.627088134034007,14,357.0,0.21373404610662752,1,120.0,0.4561725968641154,11,682.0,0.19494740259758708,26,1159.0
2665.0,24,124.0,1.3478260869565217,3.665901258253939,13,366.0,0.15643705212565415,7,122.0,0.26575687983207225,4,606.0,0.19508235708864194,24,1094.0
2670.0,18,77.0,0.8369565217391305,4.233095222946743,10,321.0,0.17890070362584687,7,125.0,0.2699281006677637,1,513.0,0.24570975050777413,18,959.0
2675.0,11,44.0,0.46808510638297873,5.040571901201445,8,352.0,0.22828876041685453,2,76.0,0.36437422579506895,1,381.0,0.32866865900750686,11,809.0
2680.0,15,38.0,0.3958333333333333,5.108585310053653,12,396.0,0.2363007381911971,1,41.0,0.4055626760902261,2,365.0,0.3492056285101956,15,802.0
2685.0,17,56.0,0.5773195876288659,4.035655890396085,11,397.0,0.1852713268218548,3,50.0,0.21068362713489314,3,376.0,0.36038263849825064,17,823.0
2690.0,23,98.0,1.053763440860215,3.5369953669264063,7,322.0,0.16147789276583213,9,84.0,0.17008742424223122,7,402.0,0.2842566767115619,23,808.0
2695.0,27,161.0,1.7127659574468086,3.643365304412959,9,246.0,0.17732982740174288,6,97.0,0.3115262136937655,12,454.0,0.1549674811018196,27,797.0
2700.0,24,182.0,1.8958333333333333,3.915481292766478,3,219.0,0.26977451931770974,3,68.0,0.35142821117686573,18,535.0,0.14051975564889949,24,822.0
2705.0,29,198.0,2.020408163265306,3.4097665060412927,6,215.0,0.1802291811520474,5,88.0,0.2028151060207865,18,547.0,0.15238759703339047,29,850.0
2710.0,31,173.0,1.8404255319148937,3.090914826797605,9,200.0,0.11786358795104998,10,130.0,0.18851716902829707,12,470.0,0.17885835150486237,31,800.0
2715.0,34,231.0,2.4838709677419355,2.763475213891328,5,149.0,0.17562938034237646,15,197.0,0.10835602314693517,14,521.0,0.11239929705718038,34,867.0
2720.0,32,224.0,2.3333333333333335,3.6928781382092843,4,110.0,0.24976951278440498,12,214.0,0.1935839139455626,16,597.0,0.09988585071581077,32,921.0
2725.0,23,116.0,1.2473118279569892,3.956951115860643,3,109.0,0.2945295110880352,7,178.0,0.279392595796974,13,590.0,0.09814184946604666,23,877.0
2730.0,19,91.0,1.0,4.85748861381537,9,120.0,0.27040758364343104,3,110.0,0.3656298023885748,7,487.0,0.24298410163283823,19,717.0
2735.0,19,110.0,1.2087912087912087,5.407961608119513,13,175.0,0.24413329252107036,1,76.0,0.47779378410425793,5,334.0,0.32955355418496735,19,585.0
2740.0,19,120.0,1.2903225806451613,4.9702169647731935,15,201.0,0.21657417073325796,1,59.0,0.43283549527504733,3,287.0,0.38859489329298247,19,547.0
2745.0,16,68.0,0.7083333333333334,5.244499013680707,10,180.0,0.24658257039538464,4,42.0,0.4974236504723265,2,236.0,0.37246735075830373,16,458.0
2750.0,17,65.0,0.6701030927835051,5.675865159457769,8,134.0,0.25299387006387586,2,33.0,0.4931002043637032,7,261.0,0.3065242119157646,17,428.0
2755.0,23,109.0,1.1473684210526316,4.748655337650335,7,153.0,0.18086023330400547,4,37.0,0.4144851893776662,12,310.0,0.1583593165937447,23,500.0
2760.0,36,221.0,2.3763440860215055,3.850322556509039,11,190.0,0.19138072643705725,5,44.0,0.2739315379258098,20,391.0,0.11120871578273779,36,625.0
2765.0,29,187.0,2.1744186046511627,3.386180064012491,9,207.0,0.2059859033558498,4,39.0,0.21544023120319916,16,415.0,0.18907272890824292,29,661.0
2770.0,18,91.0,1.0340909090909092,4.814279019637977,8,176.0,0.248249908400651,1,32.0,0.5722353091276633,9,358.0,0.24721360093490155,18,566.0
2775.0,14,62.0,0.6888888888888889,5.676562524691214,5,129.0,0.31018718093023095,1,27.0,0.7377199541513265,8,291.0,0.18626031417110972,14,447.0
2780.0,13,80.0,0.8695652173913043,6.4663958465764635,4,113.0,0.3442024807142512,1,21.0,0.7521543883246298,8,217.0,0.2713070605372877,13,351.0
2785.0,8,42.0,0.46153846153846156,6.48095997742977,1,79.0,0.30622333898379134,1,22.0,0.7162907570259051,6,204.0,0.31875528901339434,8,305.0
2790.0,16,80.0,0.8791208791208791,6.061162380898727,8,100.0,0.27489662528870884,1,27.0,0.6765020383398274,7,231.0,0.2639346636619647,16,358.0
2795.0,15,40.0,0.45454545454545453,4.440578255404233,6,107.0,0.2509741338612085,2,3.0,0.2965074774264955,7,229.0,0.28714034491232465,15,339.0
2800.0,15,42.0,0.4772727272727273,4.769743612465704,3,75.0,0.24564008546689153,8,37.0,0.3530958519127764,4,176.0,0.3416885455150497,15,288.0
2805.0,11,53.0,0.5888888888888889,5.375477546247002,2,65.0,0.21863340875082482,5,60.0,0.46951887183396074,4,118.0,0.31645230366227906,11,243.0
2810.0,11,35.0,0.3645833333333333,5.228290975736895,7,89.0,0.23956989174241192,1,39.0,0.5301732989848097,3,119.0,0.2648564659700151,11,247.0
2815.0,17,69.0,0.75,5.4329781341507575,8,102.0,0.21799593918879778,1,16.0,0.5248685547153599,8,131.0,0.2922917899205015,17,249.0
2820.0,17,94.0,1.1058823529411765,4.695023141536241,4,70.0,0.22238712029476448,2,7.0,0.3898950561663649,11,181.0,0.25396935352340244,17,258.0
2825.0,25,187.0,2.253012048192771,3.3645779464700607,2,60.0,0.20039817313715846,8,35.0,0.32599326153665703,15,251.0,0.0987861215000427,25,346.0
2830.0,34,297.0,3.453488372093023,2.6710966638727234,7,85.0,0.13432602759561782,4,50.0,0.30651877862422766,23,348.0,0.06783627003068594,34,483.0
2835.0,30,258.0,2.9318181818181817,3.2200804054037153,8,98.0,0.1714928716595252,1,27.0,0.31799848515134477,21,402.0,0.16511191022097804,30,527.0
2840.0,21,164.0,1.8850574712643677,4.042176412945863,3,71.0,0.18117452664728045,4,35.0,0.4844551206938783,14,373.0,0.21298933208992057,21,479.0
2845.0,18,143.0,1.5888888888888888,4.762373141605101,0,41.0,0.1860846049039235,6,63.0,0.5153092433437303,12,373.0,0.1593993455389005,18,477.0
2850.0,23,176.0,1.934065934065934,4.735277039743628,1,26.0,0.2904993346861015,8,99.0,0.39126735634040616,14,436.0,0.1268207582842902,23,561.0
2855.0,27,146.0,1.6404494382022472,3.7274795509076335,3,21.0,0.3415883126325649,7,97.0,0.2354129398497152,17,516.0,0.06328307211702937,27,634.0
2860.0,25,112.0,1.2584269662921348,3.9533261163222524,8,48.0,0.3146105360827624,3,59.0,0.21880753881283915,14,529.0,0.17175185018525832,25,636.0
2865.0,22,114.0,1.2954545454545454,5.001793509933669,14,103.0,0.27679470346214136,3,43.0,0.36288079328640355,5,445.0,0.31237727695330436,22,591.0
2870.0,26,191.0,2.1954022988505746,4.365742812800351,19,190.0,0.13420850141915167,1,43.0,0.4865580930865966,6,316.0,0.2930723237873581,26,549.0
2875.0,28,204.0,2.2666666666666666,4.352630679484669,19,251.0,0.07662556688532164,4,54.0,0.4283330742036957,5,271.0,0.2802086094019539,28,576.0
2880.0,25,147.0,1.6333333333333333,5.79938673465277,16,262.0,0.14326220444682577,4,61.0,0.5195104989541629,5,221.0,0.37280848053036403,25,544.0
2885.0,13,72.0,0.8470588235294118,6.261753860335907,10,223.0,0.24610200175015276,0,45.0,0.5990881130433285,3,208.0,0.3048651649547136,13,476.0
2890.0,14,56.0,0.6666666666666666,6.471358001744754,5,179.0,0.3265791698137139,2,48.0,0.4471520091021633,7,234.0,0.377939009798512,14,461.0
2895.0,16,62.0,0.7654320987654321,5.740557396188056,3,141.0,0.38621189760836055,9,77.0,0.22990940828377493,4,224.0,0.32615098888996924,16,442.0
2900.0,15,48.0,0.6075949367088608,5.698889477896815,2,98.0,0.47314670478404,8,101.0,0.2730387100390153,5,175.0,0.2239216101593201,15,374.0
2905.0,11,24.0,0.3076923076923077,6.104274220470133,2,90.0,0.5581131472502263,4,76.0,0.28495717846266144,5,194.0,0.2624968051240179,11,360.0
2910.0,16,59.0,0.7375,5.543704399209902,6,108.0,0.451391286655468,4,88.0,0.16867287160551755,6,217.0,0.2893982665137755,16,413.0
2915.0,27,159.0,2.0921052631578947,3.51241727069815,10,149.0,0.2587852717282024,8,123.0,0.13737312249080957,9,256.0,0.22507423204418323,27,528.0
2920.0,31,208.0,2.736842105263158,2.2531304132426935,14,212.0,0.12991535767004858,8,133.0,0.1268963825580055,9,242.0,0.15587179679278282,31,587.0
2925.0,33,258.0,3.2658227848101267,3.723611196784779,20,299.0,0.1805290479361954,5,104.0,0.23713326336257873,8,163.0,0.2369083490517764,33,566.0
2930.0,26,220.0,2.7160493827160495,4.700393953621607,15,335.0,0.2541844697609447,5,82.0,0.35627070757838597,6,133.0,0.29334143585440015,26,550.0
2935.0,19,122.0,1.4352941176470588,5.489527947480965,10,290.0,0.271151236341646,2,79.0,0.49866191288595774,7,99.0,0.31470233693550925,19,468.0
2940.0,18,108.0,1.2272727272727273,5.541857952906802,10,210.0,0.21436286158291795,4,90.0,0.3831171003929383,4,100.0,0.4030795621579445,18,400.0
2945.0,10,59.0,0.6555555555555556,5.160564103891494,4,215.0,0.25327952277988386,3,91.0,0.3049528711343863,3,90.0,0.4297661727483096,10,396.0
2950.0,14,38.0,0.4,5.35206955147475,10,246.0,0.22694674569681236,3,75.0,0.2640961500861259,1,79.0,0.489664825982237,14,400.0
2955.0,23,100.0,1.098901098901099,4.646833538927449,13,295.0,0.18783893626288536,5,94.0,0.16918294782502363,5,77.0,0.4329902381413963,23,466.0
2960.0,25,116.0,1.288888888888889,3.5423597868981465,11,297.0,0.14925402278280417,9,136.0,0.12310945131140387,5,78.0,0.2802116386955573,25,511.0
2965.0,21,75.0,0.8522727272727273,4.182209659368292,8,246.0,0.19583476025355565,9,159.0,0.2246706641571535,4,66.0,0.3728150528781357,21,471.0
2970.0,20,59.0,0.6555555555555556,4.132832374750054,9,283.0,0.19800738249476826,7,146.0,0.20111500111078343,4,82.0,0.3098376696108705,20,511.0
2975.0,27,101.0,1.030612244897959,3.7920127558581727,14,342.0,0.16453426014905628,7,164.0,0.11597811373080556,6,104.0,0.2676016839212166,27,610.0
2980.0,33,177.0,1.8631578947368421,3.1863406689065576,20,425.0,0.12131299626819225,8,200.0,0.1636090823342371,5,101.0,0.2846994371409426,33,726.0
2985.0,29,156.0,1.7333333333333334,2.458539092604193,15,440.0,0.0845822582726478,11,208.0,0.13633300992634867,3,81.0,0.19484075554863786,29,729.0
2990.0,20,80.0,0.8602150537634409,3.8805866893742986,9,374.0,0.206127171403955,7,175.0,0.24780537651791323,4,97.0,0.23679647150214683,20,646.0
2995.0,21,72.0,0.7346938775510204,4.383475170026938,9,381.0,0.2115590520324493,6,123.0,0.18547033211751607,6,116.0,0.292673202776244,21,620.0
3000.0,22,100.0,1.0309278350515463,4.261105181340241,12,432.0,0.15519589284392035,2,127.0,0.2961838938921783,8,149.0,0.25940561894888853,22,708.0
3005.0,30,166.0,1.8241758241758241,2.7314278403586494,11,426.0,0.10903673032808675,7,133.0,0.14872638426711915,12,202.0,0.10720607431595688,30,761.0
3010.0,32,213.0,2.393258426966292,2.585410572820713,6,316.0,0.15182210603541293,8,141.0,0.22638646975663423,18,275.0,0.06346514454467937,32,732.0
3015.0,25,191.0,2.098901098901099,3.631976246275873,4,319.0,0.258254145697504,4,93.0,0.282159352317665,17,315.0,0.15587168269464285,25,727.0
3020.0,26,168.0,1.7872340425531914,4.645913716911122,9,350.0,0.21158395912919245,2,55.0,0.40599082262347147,15,300.0,0.22895876308338883,26,705.0
3025.0,22,166.0,1.7849462365591398,5.238228136135839,6,327.0,0.1872916207958739,2,47.0,0.6209707459881297,14,265.0,0.2970659012222503,22,639.0
3030.0,17,143.0,1.625,5.567995539155624,3,244.0,0.19142377886741574,3,47.0,0.6279678338490491,11,276.0,0.3654831979935284,17,567.0
3035.0,13,147.0,1.6896551724137931,6.518228700055987,2,154.0,0.25619689831717984,4,66.0,0.6519099259350961,7,276.0,0.4202860897925536,13,496.0
3040.0,4,56.0,0.6746987951807228,6.38522704225051,0,147.0,0.2222527549192187,1,35.0,0.6576151093744069,3,261.0,0.47045402899541744,4,443.0
3045.0,11,81.0,0.9878048780487805,6.457690994637482,6,166.0,0.17979042589799427,3,16.0,0.5141606655303862,2,217.0,0.522617146362836,11,399.0
3050.0,17,116.0,1.5064935064935066,5.040026314319,6,162.0,0.1404858937353404,8,44.0,0.3721668597696243,3,197.0,0.5092604358835626,17,403.0
3055.0,10,27.0,0.3698630136986301,5.297607145796252,1,103.0,0.17767305657404897,7,62.0,0.3551476851944296,2,122.0,0.4240422328188263,10,287.0
3060.0,7,23.0,0.3194444444444444,6.217365475808318,1,47.0,0.32000638685481575,0,39.0,0.435441208576197,6,145.0,0.3139056268267882,7,231.0
3065.0,15,64.0,0.8767123287671232,5.859019845505003,4,52.0,0.330130845016721,2,13.0,0.4945266687861756,9,178.0,0.29668330459008485,15,243.0
3070.0,18,73.0,1.0,4.992841485701885,9,86.0,0.21795543511978896,2,6.0,0.4715147822951945,7,174.0,0.37713885259849783,18,266.0
3075.0,24,134.0,1.8108108108108107,4.046116279160929,15,148.0,0.13583870216647911,6,27.0,0.26897278261287383,3,127.0,0.4268767662491085,24,302.0
3080.0,22,119.0,1.6081081081081081,4.315638876337496,15,191.0,0.11864023465037023,6,42.0,0.355143503585703,1,59.0,0.44253157455984254,22,292.0
3085.0,11,60.0,0.7692307692307693,5.748674509736083,10,181.0,0.23671350380760953,0,21.0,0.5787060630509496,1,62.0,0.42951608805918184,11,264.0
3090.0,13,57.0,0.7125,6.600181069813571,8,148.0,0.2832132197916506,0,4.0,0.6285094800837183,5,81.0,0.44045516831229453,13,233.0
3095.0,15,65.0,0.7926829268292683,6.072481024166884,9,131.0,0.2590045381608184,1,5.0,0.5288795415718809,5,73.0,0.3830942876025801,15,209.0
3100.0,14,80.0,0.9876543209876543,6.530424313962796,7,129.0,0.36130916379470723,4,21.0,0.5034578970323657,3,43.0,0.31878819086583016,14,193.0
3105.0,8,20.0,0.25316455696202533,6.45305838416927,4,106.0,0.34715812010771435,3,30.0,0.4536915341030375,1,22.0,0.33785230426713103,8,158.0
3110.0,11,39.0,0.48148148148148145,6.014906542689929,8,112.0,0.32572025403480903,2,26.0,0.29292397008382,1,26.0,0.4130736511272646,11,164.0
3115.0,22,112.0,1.4933333333333334,4.894465204119302,13,166.0,0.24497787328412401,4,29.0,0.24473593039902145,5,44.0,0.37980762562181053,22,239.0
3120.0,28,167.0,2.287671232876712,3.2219289780695743,11,194.0,0.11236360583096021,9,61.0,0.09883719383724907,8,76.0,0.23549436497926177,28,331.0
3125.0,33,235.0,3.357142857142857,3.054526531433398,5,159.0,0.19087346366710434,15,125.0,0.17586761716247967,13,129.0,0.05021631874954152,33,413.0
3130.0,33,292.0,4.112676056338028,3.791670056396659,5,109.0,0.29134446110309464,11,162.0,0.23092033883557095,17,207.0,0.0882453116579534,33,478.0
3135.0,29,301.0,3.810126582278481,3.9513635698961918,5,128.0,0.30930343963628076,5,132.0,0.23539322414132485,19,300.0,0.16458743731150166,29,560.0
3140.0,24,266.0,3.2839506172839505,4.8789353543978375,6,155.0,0.3623983565613326,2,73.0,0.3313662267534995,16,326.0,0.24124228994094324,24,554.0
3145.0,22,242.0,2.951219512195122,5.618115251488813,9,198.0,0.34828383462752555,2,46.0,0.5254705734208173,11,291.0,0.28874019512079885,22,535.0
3150.0,21,155.0,1.8674698795180722,5.3086437989145665,12,208.0,0.2169393202773193,0,6.0,0.65460255701876,9,246.0,0.32514811634592083,21,460.0
3155.0,20,102.0,1.1590909090909092,5.487869122461246,8,153.0,0.1838926581763972,3,15.0,0.5308312086443252,9,238.0,0.30679427504039325,20,406.0
3160.0,16,95.0,1.0674157303370786,6.487115950904198,7,139.0,0.23985841515588907,3,23.0,0.6047382712734954,6,202.0,0.3382473625613048,16,364.0
3165.0,11,19.0,0.21348314606741572,6.0118991122624985,8,139.0,0.29405730161590415,0,14.0,0.5421002206804282,3,206.0,0.32231113395461036,11,359.0
3170.0,17,58.0,0.6590909090909091,5.35628371953305,8,173.0,0.2548408686481378,3,22.0,0.3072560004381142,6,218.0,0.3618205536229895,17,413.0
3175.0,27,126.0,1.5365853658536586,3.9390677332385096,9,190.0,0.17752847555214096,9,50.0,0.11575589641779423,9,258.0,0.23505431044136693,27,498.0
3180.0,22,96.0,1.263157894736842,2.7427124537337213,5,164.0,0.179969871094606,9,76.0,0.13101020840239558,8,256.0,0.09052659355548318,22,496.0
3185.0,13,42.0,0.5454545454545454,5.192898346854154,6,176.0,0.23318291847336897,1,65.0,0.4322155699529351,6,206.0,0.3029442100816655,13,447.0
3190.0,17,62.0,0.7848101265822784,5.135677201776421,9,207.0,0.1461221999747759,3,72.0,0.37209576707024594,5,147.0,0.3065134460837794,17,426.0
3195.0,19,74.0,0.9866666666666667,4.048589722919835,8,214.0,0.12404322618301178,8,103.0,0.2873454547932597,3,114.0,0.3285797265369624,19,431.0
3200.0,12,47.0,0.618421052631579,4.464242624728965,3,166.0,0.17142957558524416,9,122.0,0.29234201737693116,0,66.0,0.4346516663902553,12,354.0
3205.0,10,25.0,0.32894736842105265,5.138207044213737,5,164.0,0.22292814550588907,5,103.0,0.3093898038856582,0,41.0,0.6420675005030089,10,308.0
3210.0,14,52.0,0.6666666666666666,5.257496455234374,10,199.0,0.19816647660547868,3,55.0,0.28518937670710065,1,29.0,0.630249442502131,14,283.0
3215.0,10,54.0,0.6666666666666666,5.520674612877612,5,198.0,0.26560969760118064,1,40.0,0.38268831366113254,4,42.0,0.5017076643468044,10,280.0
3220.0,6,35.0,0.45454545454545453,5.953631210050088,1,132.0,0.27614225246106494,1,30.0,0.5718137389792267,4,43.0,0.4400601808549398,6,205.0
3225.0,7,36.0,0.45569620253164556,6.129261437797214,3,133.0,0.2497183470529382,1,29.0,0.78459343488371,3,33.0,0.3735815210440606,7,195.0
3230.0,13,41.0,0.47674418604651164,4.684670451788994,9,162.0,0.14222401721470534,1,5.0,0.5683517068016779,3,45.0,0.3151334482038846,13,212.0
3235.0,23,92.0,1.069767441860465,3.538670795720614,9,171.0,0.14184883714207955,6,23.0,0.28111016058938204,8,75.0,0.20628115450654186,23,269.0
3240.0,27,122.0,1.4698795180722892,2.933827831024067,7,146.0,0.14848350733668925,4,39.0,0.285013377049428,16,134.0,0.10622913336470106,27,319.0
3245.0,23,109.0,1.2976190476190477,3.6945535429163905,6,148.0,0.21605061717242116,2,32.0,0.4095594383168388,15,177.0,0.1581510007560833,23,357.0
3250.0,19,90.0,1.0344827586206897,4.539404581527469,8,181.0,0.18775120875481857,2,28.0,0.5971932917041411,9,172.0,0.2316953897562563,19,381.0
3255.0,16,67.0,0.7701149425287356,4.145858492380645,7,183.0,0.1304823314406587,0,21.0,0.5865021823839699,9,153.0,0.21695617255570987,16,357.0
3260.0,12,41.0,0.47674418604651164,4.713539677060319,2,135.0,0.17843847832978366,5,31.0,0.47884765581954863,5,168.0,0.20585578208272445,12,334.0
3265.0,20,88.0,1.0232558139534884,4.65371797782613,1,69.0,0.21517768934005443,8,61.0,0.39212892498920554,11,211.0,0.10842267116434491,20,341.0
3270.0,18,107.0,1.2891566265060241,4.2215802861452705,1,42.0,0.28146548768909874,4,62.0,0.3654387954573675,13,275.0,0.11959316615512267,18,379.0
3275.0,12,78.0,0.9512195121951219,4.534117832375843,2,48.0,0.3210817108131342,0,25.0,0.3175636225389166,10,287.0,0.18594306762415563,12,360.0
3280.0,16,66.0,0.8571428571428571,5.035921585789245,8,76.0,0.28384038719148996,1,8.0,0.5541293701447307,7,235.0,0.2760004018854049,16,319.0
3285.0,25,130.0,1.625,4.406952143067299,16,138.0,0.19587493400311934,1,11.0,0.7303912917812949,8,240.0,0.2679299137913272,25,389.0
3290.0,28,148.0,1.8048780487804879,3.576314266819148,14,175.0,0.12589235079341288,0,2.0,0.5138226725530026,14,297.0,0.19027860569840535,28,474.0
3295.0,26,102.0,1.2439024390243902,2.906247428991715,11,168.0,0.12579673313608217,4,17.0,0.31735665679672465,11,309.0,0.11683385969263006,26,494.0
3300.0,23,99.0,1.2073170731707317,3.643701611000428,12,224.0,0.1151188093440917,6,46.0,0.47736165146646087,5,228.0,0.1820291804622713,23,498.0
3305.0,22,135.0,1.569767441860465,4.024645429504454,13,279.0,0.13986060619156082,6,76.0,0.46428783035872623,3,242.0,0.17178706558849802,22,597.0
3310.0,26,100.0,1.2048192771084338,2.676431822182466,13,305.0,0.09618221685661422,3,64.0,0.22636501373192414,10,274.0,0.11727209989814594,26,643.0
3315.0,22,120.0,1.5,3.507582825169854,7,240.0,0.18634567934658033,0,20.0,0.5060762044811244,15,336.0,0.13920927897799415,22,596.0
3320.0,20,182.0,2.246913580246914,4.20939131833154,3,247.0,0.22850508470066735,0,2.0,0.787800740381972,17,418.0,0.17531027859319287,20,667.0
3325.0,30,304.0,3.753086419753086,3.0869846701114287,8,276.0,0.156531252203654,0,2.0,0.8955854330068694,22,518.0,0.08150572529506157,30,796.0
3330.0,36,436.0,5.382716049382716,2.123900126341986,7,271.0,0.12497512101440228,0,0.0,0.8237262497571436,29,650.0,0.07016530262761836,36,921.0
3335.0,31,391.0,4.949367088607595,2.247430581147676,3,209.0,0.15573746521739446,0,2.0,0.6906699579773055,28,711.0,0.043977915194424025,31,922.0
3340.0,25,260.0,3.2098765432098766,4.153147447656829,0,117.0,0.2221851496019255,2,11.0,0.7186018941981139,23,674.0,0.10419922320738384,25,802.0
3345.0,20,205.0,2.4698795180722892,5.212591903904855,2,119.0,0.21998340267136107,0,10.0,0.782210421917271,18,555.0,0.16896548796352656,20,684.0
3350.0,19,151.0,1.819277108433735,4.914999605659171,7,144.0,0.1470297844713358,1,0.0,0.7599395494717341,11,619.0,0.25708703039339,19,763.0
3355.0,23,158.0,1.9506172839506173,4.486586886165826,8,146.0,0.18853477679551126,1,1.0,0.6221937015809521,14,681.0,0.19662769641409256,23,828.0
3360.0,16,67.0,0.881578947368421,3.9036836265018233,3,99.0,0.22960073590037539,4,13.0,0.27619915090482894,9,658.0,0.1319068765335239,16,770.0
3365.0,12,56.0,0.7567567567567568,5.082366950810272,0,45.0,0.2825819015904139,8,49.0,0.3887123102803023,4,545.0,0.1801495194055991,12,639.0
3370.0,7,24.0,0.32,4.781581122359789,3,49.0,0.1786490520629329,2,56.0,0.5089293188075039,2,534.0,0.17405809412050957,7,639.0
3375.0,13,59.0,0.7662337662337663,4.357009516468189,6,77.0,0.22074781951415087,0,21.0,0.4900941274433917,7,561.0,0.1841871101141062,13,659.0
3380.0,21,107.0,1.4657534246575343,3.142879416962069,9,117.0,0.2283133433826119,4,30.0,0.11538873468621355,8,528.0,0.20278621111307635,21,675.0
3385.0,28,180.0,2.3376623376623376,2.737753342635748,12,173.0,0.17682957160993726,8,64.0,0.2035553560890332,8,421.0,0.17309338048961403,28,658.0
3390.0,22,124.0,1.5308641975308641,3.7520552006650236,12,188.0,0.11103812409311538,4,62.0,0.40079410618864125,6,287.0,0.19262508747283755,22,537.0
3395.0,13,89.0,1.072289156626506,6.029078727421899,9,130.0,0.21047202002569648,0,28.0,0.6908801374708681,4,238.0,0.3379997446220332,13,396.0
3400.0,18,119.0,1.4166666666666667,6.361775296335621,9,129.0,0.24627599405357542,4,36.0,0.5402176848636369,5,182.0,0.34797870902172795,18,347.0
3405.0,15,79.0,0.9518072289156626,5.407408004503905,6,143.0,0.25134133959283206,7,66.0,0.3733544965089277,2,150.0,0.3432674823582598,15,359.0
3410.0,21,77.0,0.9166666666666666,4.540532983927095,9,182.0,0.14036206852642785,7,75.0,0.18032463848280617,5,130.0,0.3018343710665595,21,387.0
3415.0,16,69.0,0.8961038961038961,4.668271037901646,10,230.0,0.2193032505211791,2,52.0,0.2368952066791416,4,125.0,0.37542771055929813,16,407.0
3420.0,10,40.0,0.5405405405405406,4.988538306737574,6,235.0,0.32258219584842546,3,60.0,0.2727353071101754,1,63.0,0.38643241039202847,10,358.0
3425.0,16,57.0,0.7215189873417721,5.149007483287516,7,201.0,0.25623519296117286,8,89.0,0.3205657875307473,1,23.0,0.39295217600923793,16,313.0
3430.0,18,64.0,0.7901234567901234,4.6441030241478,8,208.0,0.20613932015005415,8,102.0,0.2537481131306762,2,26.0,0.3936495980391123,18,336.0
3435.0,20,64.0,0.7804878048780488,4.524410407338029,13,255.0,0.16866512960992466,4,86.0,0.2022834485166927,3,5.0,0.4826973711643542,20,346.0
3440.0,14,68.0,0.8607594936708861,5.077875995053552,7,264.0,0.24044925793628283,3,55.0,0.22663974307153253,4,21.0,0.4531279716784773,14,340.0
3445.0,11,54.0,0.7105263157894737,4.653110959063959,3,215.0,0.3068956619844013,1,38.0,0.3314111287590146,7,49.0,0.28822902588069493,11,302.0
3450.0,27,138.0,1.7468354430379747,3.929281693683947,6,236.0,0.21117601008913592,7,60.0,0.24650303755359676,14,104.0,0.2064309460555839,27,400.0
3455.0,38,297.0,3.8076923076923075,2.2642877818281244,9,276.0,0.10318298207504183,12,112.0,0.1269701206689903,17,181.0,0.10714442724572157,38,569.0
3460.0,41,374.0,4.794871794871795,1.5210021311817756,10,274.0,0.1238451701430902,11,139.0,0.03216112650309318,20,275.0,0.07909026410718643,41,688.0
3465.0,33,411.0,5.074074074074074,3.2789990780801097,5,222.0,0.24938570341288627,5,125.0,0.26885708806785946,23,384.0,0.11566801216001939,33,731.0
3470.0,24,319.0,3.8902439024390243,3.831662652261457,4,209.0,0.23816598656609564,2,124.0,0.3327947139444323,18,423.0,0.16891779265566814,24,756.0
3475.0,29,250.0,2.9411764705882355,3.2296259016069833,9,244.0,0.1029731296581065,8,152.0,0.2328504351077536,12,385.0,0.1414671727290131,29,781.0
3480.0,34,249.0,2.9642857142857144,3.168273165897485,14,303.0,0.056751320908391197,9,156.0,0.238916440838884,11,331.0,0.17807604724341147,34,790.0
3485.0,23,173.0,2.0843373493975905,4.539823477059345,12,315.0,0.1610937605834818,2,110.0,0.3909220333385007,9,296.0,0.27930800687717394,23,721.0
3490.0,11,70.0,0.8433734939759037,5.883492916857148,5,248.0,0.2992582679623056,0,46.0,0.41962428434715765,6,332.0,0.33990754404694595,11,626.0
3495.0,12,42.0,0.5060240963855421,5.366963335576787,7,146.0,0.30959554122851435,1,48.0,0.39135143228104546,4,354.0,0.3043076422412881,12,548.0
3500.0,20,83.0,1.0,4.6248700654437025,5,172.0,0.2376129467940489,6,69.0,0.30472332189019474,9,385.0,0.24268082929085696,20,626.0
3505.0,26,100.0,1.2345679012345678,2.9623834266728086,12,219.0,0.1350379133277704,6,71.0,0.09797063622491005,8,379.0,0.14292504509662365,26,669.0
3510.0,15,50.0,0.6329113924050633,4.115410273087048,9,225.0,0.19564873145541462,1,38.0,0.34311201187526036,5,322.0,0.2377266412812473,15,585.0
3515.0,9,26.0,0.325,5.974713745391065,3,177.0,0.33959199408189067,0,15.0,0.5916446081256137,6,349.0,0.24368869756198447,9,541.0
3520.0,14,47.0,0.5949367088607594,5.354215377373955,3,162.0,0.3066409189646211,1,11.0,0.6673873139452169,10,391.0,0.2769047119722572,14,564.0
3525.0,19,70.0,0.875,4.5741933559503405,7,186.0,0.2389861207595655,2,14.0,0.613259280502652,10,387.0,0.21629411532622195,19,587.0
3530.0,19,99.0,1.2375,3.4086225815592535,13,241.0,0.14404262960183464,2,7.0,0.4529138474644646,4,334.0,0.1716677663707306,19,582.0
3535.0,23,114.0,1.3902439024390243,4.036099788039617,14,264.0,0.08542293068640765,5,24.0,0.36853167933399256,4,246.0,0.2482661956697355,23,534.0
3540.0,14,66.0,0.7951807228915663,4.8635257384484705,11,239.0,0.1473959256282884,0,26.0,0.5784867735858444,3,198.0,0.21250439569281798,14,463.0
3545.0,8,32.0,0.3764705882352941,6.6548090659729535,8,182.0,0.2700911461145563,0,4.0,0.7512245987891605,0,163.0,0.3411039936185652,8,349.0
3550.0,7,18.0,0.225,6.447137581567378,4,203.0,0.23768573176853383,0,0.0,0.8089228911063369,3,169.0,0.34906879179235367,7,372.0
3555.0,17,68.0,0.9066666666666666,5.1931488720370105,10,243.0,0.17860815811156608,1,3.0,0.7007915093812256,6,191.0,0.3865278369461178,17,437.0
3560.0,24,160.0,2.2222222222222223,3.148380777461817,14,302.0,0.14947586142383512,0,0.0,0.30708219492768035,10,232.0,0.2792099371576202,24,534.0
3565.0,34,243.0,3.2837837837837838,2.6551503537020458,15,326.0,0.15594486682937098,4,14.0,0.24338345019465277,15,298.0,0.1527154598220687,34,638.0
3570.0,35,308.0,4.0,2.3664860159564816,12,295.0,0.14773134773082322,4,36.0,0.3421574718725865,19,382.0,0.050234867823335576,35,713.0
3575.0,32,262.0,3.234567901234568,3.484368469526359,12,222.0,0.18568081265595465,0,27.0,0.6343242770834343,20,426.0,0.04214247002043187,32,675.0
3580.0,22,196.0,2.3902439024390243,4.617105789135419,7,260.0,0.22516051595971728,0,2.0,0.766380306171415,15,399.0,0.16187444444934418,22,661.0
3585.0,27,199.0,2.426829268292683,4.389150493731698,10,300.0,0.15974377690906538,0,2.0,0.8422276637605182,17,479.0,0.17218971952001094,27,781.0
3590.0,25,202.0,2.5569620253164556,3.55247687862304,8,302.0,0.14830672089926816,0,2.0,0.47831194434607766,17,568.0,0.15329417974646395,25,872.0
3595.0,29,204.0,2.6842105263157894,2.7664697672386924,5,234.0,0.18014397420020595,4,18.0,0.3372754263615402,20,656.0,0.10106934808627745,29,908.0
3600.0,18,90.0,1.1538461538461537,3.617771603454994,6,177.0,0.21542002200552005,0,19.0,0.5118159873353286,12,655.0,0.12037977711515195,18,851.0
