step,system_total_stopped,system_total_waiting_time,system_mean_waiting_time,system_mean_speed,A0_stopped,A0_accumulated_waiting_time,A0_average_speed,B0_stopped,B0_accumulated_waiting_time,B0_average_speed,C0_stopped,C0_accumulated_waiting_time,C0_average_speed,agents_total_stopped,agents_total_accumulated_waiting_time
0.0,0,0.0,0.0,0.0,0,0.0,1.0,0,0.0,1.0,0,0.0,1.0,0,0.0
5.0,0,0.0,0.0,4.5369723656214775,0,0.0,1.0,0,0.0,0.24671565269609436,0,0.0,0.36057083506880494,0,0.0
10.0,1,0.0,0.0,9.390189634043576,0,0.0,1.0,0,0.0,0.9428700787260993,1,0.0,0.5865771060322077,1,0.0
15.0,0,0.0,0.0,8.67272610538402,0,0.0,0.2812577094180312,0,0.0,1.0,0,0.0,0.8607947797812598,0,0.0
20.0,1,0.0,0.0,10.280273976157119,1,0.0,0.5752869738281803,0,0.0,0.92320373118081,0,0.0,0.9892403206022355,1,0.0
25.0,1,0.0,0.0,11.167717559727267,1,0.0,0.7380646593864216,0,0.0,0.9680573192812961,0,0.0,0.5996828668482476,1,0.0
30.0,0,0.0,0.0,9.382397830037549,0,0.0,0.6368226453283619,0,0.0,0.9755923984758459,0,0.0,0.3875569654115907,0,0.0
35.0,1,5.0,0.4166666666666667,8.276282255295564,0,0.0,0.5332577486539615,0,0.0,0.9942342214303046,1,5.0,0.667656017066631,1,5.0
40.0,1,2.0,0.13333333333333333,9.471606962826066,1,2.0,0.5812760712764474,0,1.0,0.9556084041434527,0,0.0,0.7763895115139003,1,3.0
45.0,2,7.0,0.3684210526315789,9.7166873369424,1,7.0,0.5886651877161555,0,3.0,0.906664160327113,1,0.0,0.6581383000080311,2,10.0
50.0,3,13.0,0.5652173913043478,9.819047061552107,1,12.0,0.6470788173429364,0,3.0,0.918856465122305,2,1.0,0.4904302724798853,3,16.0
55.0,3,7.0,0.28,9.836326096049026,1,1.0,0.6427136874504281,0,0.0,0.9131643534481997,2,6.0,0.614332394105586,3,7.0
60.0,4,22.0,0.7857142857142857,9.335289578253432,2,6.0,0.510425220328695,0,0.0,0.9384873906459237,2,16.0,0.6692271656850144,4,22.0
65.0,2,1.0,0.03571428571428571,9.163790283610258,0,0.0,0.7724238357721188,0,0.0,0.9846938166028014,2,9.0,0.5888206289212001,2,9.0
70.0,4,14.0,0.5,8.990794102211103,1,1.0,0.785837747499426,0,1.0,0.6774496198523721,3,13.0,0.3954830743366545,4,15.0
75.0,3,11.0,0.4074074074074074,8.473567200602384,2,7.0,0.6382950783108677,1,5.0,0.734606955227209,0,12.0,0.42291502336959125,3,24.0
80.0,2,17.0,0.6538461538461539,10.4084954849974,2,17.0,0.4419988595389947,0,3.0,0.8755060344278531,0,1.0,0.7390420675662144,2,21.0
85.0,3,29.0,1.1153846153846154,10.680036285071143,3,31.0,0.3740858898851357,0,2.0,0.8929488754360964,0,0.0,0.7036543569508472,3,33.0
90.0,4,44.0,1.5714285714285714,10.10326842070992,3,46.0,0.38162916945224296,1,2.0,0.7871260415311827,0,0.0,0.7854848243336409,4,48.0
95.0,3,59.0,2.107142857142857,10.373659583182029,3,59.0,0.5009378492686677,0,0.0,0.7113819314257738,0,0.0,0.8884529331680794,3,59.0
100.0,2,1.0,0.04,8.911563793981454,1,15.0,0.6710332106447203,1,1.0,0.4879242182884221,0,0.0,0.6508143431078898,2,16.0
105.0,3,10.0,0.4,9.36685613939894,0,0.0,0.8458806949192572,2,10.0,0.3007782506623679,1,0.0,0.49575945330124527,3,10.0
110.0,0,0.0,0.0,10.29143233106586,0,0.0,0.9347515304988353,0,7.0,0.7242495092803275,0,0.0,0.5841677235090221,0,7.0
115.0,1,0.0,0.0,10.363748976037947,1,2.0,0.6553863964350205,0,0.0,0.8126889406563936,0,0.0,0.48436066653363463,1,2.0
120.0,1,2.0,0.08,10.498411449814105,1,4.0,0.5768168934646576,0,0.0,0.9112424679715629,0,0.0,0.6580873372808047,1,4.0
125.0,3,11.0,0.44,9.801984301387023,2,13.0,0.5817943180756892,0,0.0,0.5509017060403422,1,0.0,0.6791757572809822,3,13.0
130.0,2,5.0,0.23809523809523808,8.911552004252924,1,7.0,0.545482019484757,1,5.0,0.5342236204705402,0,0.0,0.746976051774385,2,12.0
135.0,4,15.0,0.6818181818181818,9.61626367875392,2,3.0,0.5224671774284794,2,14.0,0.610184956365786,0,0.0,0.793687424098264,4,17.0
140.0,3,30.0,1.3043478260869565,10.03150475269252,1,8.0,0.5638254202472167,2,24.0,0.5752399619241467,0,0.0,0.870762431142633,3,32.0
145.0,3,15.0,0.6,9.28987567500271,1,13.0,0.6759570164602924,0,12.0,0.6803446171580283,2,2.0,0.3914878831156967,3,27.0
150.0,6,38.0,1.6521739130434783,7.380149492721478,1,18.0,0.6288183458355716,1,4.0,0.4909077985736445,4,18.0,0.17623707459669893,6,40.0
155.0,1,23.0,1.0,6.9860513714709205,1,23.0,0.6788381240809207,0,3.0,0.4033812153142674,0,14.0,0.3475882338840249,1,40.0
160.0,4,32.0,1.3333333333333333,8.88152596735886,2,30.0,0.5867639164869431,1,6.0,0.6293915222843619,1,2.0,0.6355245065823303,4,38.0
165.0,2,42.0,1.5,9.837957346133184,1,35.0,0.5993617610566804,1,11.0,0.791584293411168,0,2.0,0.7075891980975983,2,48.0
170.0,1,14.0,0.5,11.29203378039208,0,2.0,0.8043451826605754,1,14.0,0.7014818578945627,0,2.0,0.8020963777721437,1,18.0
175.0,6,29.0,1.0357142857142858,8.1533918340127,4,12.0,0.38473435715447324,1,19.0,0.4085448159916585,1,2.0,0.6123581865055708,6,33.0
180.0,5,32.0,1.1851851851851851,6.7879304046680495,0,12.0,0.4062189203942066,1,24.0,0.6319402212716559,4,10.0,0.41850454119221064,5,46.0
185.0,4,12.0,0.46153846153846156,6.749699987694337,1,3.0,0.45153751246649404,0,2.0,0.55376699967171,3,19.0,0.38226069060059475,4,24.0
190.0,3,18.0,0.6923076923076923,9.733991668226029,1,8.0,0.0,1,8.0,0.7256602670160581,1,15.0,0.5588813677857111,3,31.0
195.0,3,33.0,1.32,10.19564648378063,1,13.0,0.0,1,13.0,0.7745583758897281,1,11.0,0.5462072955011168,3,37.0
200.0,2,16.0,0.6666666666666666,9.741944931470137,1,0.0,0.24165450192947865,0,2.0,0.8180826405863982,1,16.0,0.6212570514967749,2,18.0
205.0,3,21.0,0.84,10.159195381786596,2,2.0,0.618198865689916,0,0.0,0.8591607095224285,1,21.0,0.6628906583479339,3,23.0
210.0,1,26.0,1.0833333333333333,10.189843371110037,0,2.0,0.7780252719085387,0,0.0,0.7130843990116414,1,26.0,0.6447114617178662,1,28.0
215.0,2,32.0,1.1851851851851851,9.368941419843733,0,2.0,0.7608816583445491,1,1.0,0.4791782758247914,1,31.0,0.666256815318189,2,34.0
220.0,3,46.0,1.5862068965517242,9.416651158990874,0,0.0,0.6281342836490673,2,10.0,0.5460756594180508,1,36.0,0.6722071197024381,3,46.0
225.0,4,63.0,2.1724137931034484,9.46891741294866,0,0.0,0.660906289907331,2,20.0,0.5861184651437674,2,43.0,0.4441912983908229,4,63.0
230.0,0,0.0,0.0,9.89702018569495,0,0.0,0.6600048698602132,0,14.0,0.6580954646673878,0,0.0,0.7892948010574798,0,14.0
235.0,3,1.0,0.03225806451612903,10.19153083281297,1,2.0,0.6842008104681648,0,0.0,0.8001385453498532,2,1.0,0.2722134782247031,3,3.0
240.0,3,13.0,0.5,10.11674325826258,1,5.0,0.7125974538351938,0,0.0,0.8812016928010664,2,10.0,0.4962138439990821,3,15.0
245.0,2,13.0,0.48148148148148145,9.115265424289975,2,15.0,0.6204234213345133,0,0.0,0.793025021306255,0,7.0,0.6213259760363667,2,22.0
250.0,3,26.0,0.896551724137931,10.690974054177447,2,23.0,0.6697075439847768,0,2.0,0.8792055446520082,1,3.0,0.6441575368368679,3,28.0
255.0,4,37.0,1.15625,9.188796890076912,2,33.0,0.4242398577436597,1,5.0,0.7513145861862823,1,1.0,0.6710799201920334,4,39.0
260.0,7,61.0,1.7428571428571429,8.832720063694836,3,48.0,0.4050170727808468,0,2.0,0.896344698581299,4,13.0,0.4743183156636078,7,63.0
265.0,9,72.0,2.25,5.847609365118272,4,66.0,0.18284961177319137,2,5.0,0.431852470604893,3,17.0,0.4209211380541392,9,88.0
270.0,2,6.0,0.1935483870967742,7.728083406359809,0,34.0,0.4791308591681572,0,5.0,0.6254226269059583,2,6.0,0.5443439189148452,2,45.0
275.0,4,17.0,0.5,9.894218650563,1,3.0,0.6651912276801476,1,2.0,0.7963110462479819,2,18.0,0.5435578917059676,4,23.0
280.0,5,34.0,1.0625,9.985590652941841,0,2.0,0.8987807768415831,0,2.0,0.8479897834482583,5,36.0,0.4518638251872469,5,40.0
285.0,3,5.0,0.16666666666666666,8.861774218263134,0,2.0,0.8274020333457146,2,8.0,0.4793275646344444,1,17.0,0.5697359301916096,3,27.0
290.0,3,9.0,0.3333333333333333,7.652059352995134,0,0.0,0.5463023915788929,0,6.0,0.5116110560836141,3,11.0,0.24172355724352643,3,17.0
295.0,6,28.0,1.2173913043478262,7.661991502293227,1,2.0,0.6633312988668203,0,2.0,0.6622235084540835,5,32.0,0.2619702714245184,6,36.0
300.0,0,0.0,0.0,9.812087608454224,0,2.0,0.8289470990058799,0,0.0,0.9917974101222158,0,22.0,0.5586431837469003,0,24.0
305.0,1,0.0,0.0,10.703218566406708,0,2.0,0.8469510908942044,0,2.0,0.6530870946005675,1,2.0,0.6744072556395373,1,6.0
310.0,2,7.0,0.25,10.226812646893123,0,0.0,0.7498095410592893,1,7.0,0.7563159349230824,1,2.0,0.5340730890983196,2,9.0
315.0,1,7.0,0.22580645161290322,10.83474619656536,0,0.0,0.6827367839757357,0,2.0,0.883297216756496,1,7.0,0.7499421809228938,1,9.0
320.0,3,13.0,0.4482758620689655,10.23577346130872,1,1.0,0.708548009388551,1,0.0,0.7800383289761982,1,14.0,0.6735507215708327,3,15.0
325.0,7,32.0,1.1851851851851851,8.255109367703808,2,6.0,0.5224164834125945,2,4.0,0.6083518175416284,3,24.0,0.5524790471879384,7,34.0
330.0,6,50.0,1.8518518518518519,7.839310674055962,0,0.0,0.8092531934509194,4,20.0,0.403185432782433,2,34.0,0.5087750042696579,6,54.0
335.0,4,46.0,1.6428571428571428,8.161959932990666,1,1.0,0.6080990691258125,1,17.0,0.49693783259327684,2,42.0,0.46780354862118634,4,60.0
340.0,2,0.0,0.0,8.917478477874624,0,2.0,0.7749494455295848,0,6.0,0.6143902296175376,2,2.0,0.6656075350896643,2,10.0
345.0,0,0.0,0.0,11.166024760375599,0,2.0,0.7991893140823333,0,4.0,0.7540797430097509,0,2.0,0.8172205563123287,0,8.0
350.0,0,0.0,0.0,9.733978970785548,0,2.0,0.7110113854896476,0,2.0,0.6548161449434918,0,0.0,0.6296829234977236,0,4.0
355.0,5,17.0,0.5483870967741935,8.693235833093278,2,7.0,0.5236919362727597,2,9.0,0.4548966067643831,1,4.0,0.7069949376443279,5,20.0
360.0,4,12.0,0.36363636363636365,8.592477452931792,1,10.0,0.5911743802607042,0,7.0,0.7168758092432155,3,12.0,0.4778761968129336,4,29.0
365.0,3,25.0,0.7575757575757576,10.423447478910145,0,2.0,0.6995830339738802,0,1.0,0.8381857419148667,3,27.0,0.615620443365886,3,30.0
370.0,4,40.0,1.1764705882352942,10.091970595669435,1,0.0,0.6863054591660064,0,0.0,0.7260337751725082,3,42.0,0.5572006654699663,4,42.0
375.0,1,2.0,0.0625,10.217030310566122,0,0.0,0.8188896415820552,1,2.0,0.6132561560965191,0,14.0,0.5333843501763624,1,16.0
380.0,6,17.0,0.5483870967741935,8.666100478424314,2,2.0,0.7004054710806865,2,9.0,0.6138182007317259,2,6.0,0.3045635624548305,6,17.0
385.0,4,27.0,1.0,8.45601386683203,1,7.0,0.6912518877457817,3,20.0,0.5391872814008827,0,6.0,0.6771069474193124,4,33.0
390.0,6,53.0,2.0384615384615383,7.981622431274221,1,12.0,0.592624610214337,5,43.0,0.5397519602988629,0,0.0,0.74952157002291,6,55.0
395.0,6,83.0,3.074074074074074,8.83493500183001,1,17.0,0.648399384601106,5,68.0,0.5194031472873711,0,0.0,0.7864882354765913,6,85.0
400.0,6,113.0,4.346153846153846,9.269088615287956,1,22.0,0.6045462657021569,5,91.0,0.46613514150866314,0,0.0,0.8833447869445754,6,113.0
405.0,7,144.0,5.333333333333333,8.28172813686954,2,28.0,0.32971128735968963,5,116.0,0.4902781117484627,0,0.0,0.8767444157432026,7,144.0
410.0,6,141.0,5.423076923076923,7.8021775429955,0,0.0,0.9188521759902244,5,141.0,0.40413085997251735,1,0.0,0.5368861134009142,6,141.0
415.0,7,168.0,6.0,7.219184350853694,0,0.0,0.6603484686594908,6,168.0,0.2455590451839854,1,0.0,0.49294392661395836,7,168.0
420.0,2,3.0,0.1111111111111111,6.995241867104162,2,3.0,0.49377245193390723,0,110.0,0.3266053232836342,0,0.0,0.6759543496849502,2,113.0
425.0,2,9.0,0.28125,8.917972178504398,0,0.0,0.695818359495623,2,10.0,0.38333793020316076,0,0.0,0.6651445443388765,2,10.0
430.0,3,21.0,0.6176470588235294,9.934753057747617,0,0.0,0.72809636523146,2,22.0,0.6238782437549236,1,2.0,0.6714042844493695,3,24.0
435.0,8,44.0,1.4666666666666666,8.754219776760186,2,1.0,0.5607035086110421,3,33.0,0.35740684984246157,3,13.0,0.5249848256559868,8,47.0
440.0,8,58.0,1.8709677419354838,5.74683084467078,2,8.0,0.5060664259674807,5,53.0,0.05080520750233549,1,5.0,0.19926425544639365,8,66.0
445.0,9,35.0,1.1666666666666667,5.789871996060746,6,27.0,0.24202838746479238,1,41.0,0.3948950792881112,2,5.0,0.4343992927354058,9,73.0
450.0,8,66.0,2.2,7.6582057463550415,7,56.0,0.25326824374648377,0,2.0,0.8927583676594113,1,12.0,0.666804800107824,8,70.0
455.0,8,62.0,2.0,7.846161203035868,5,71.0,0.3821638189712698,1,3.0,0.769173008638728,2,21.0,0.6145863815043413,8,95.0
460.0,6,41.0,1.2424242424242424,7.280346117083586,2,55.0,0.345825110331817,1,8.0,0.7383407443848521,3,34.0,0.5008294033137166,6,97.0
465.0,6,59.0,1.7352941176470589,8.96754017562213,2,31.0,0.4262590857678008,1,3.0,0.8041614262398741,3,47.0,0.5067703192967034,6,81.0
470.0,8,91.0,2.6,9.11322713074366,2,24.0,0.6122646594798662,2,9.0,0.7216461206602885,4,63.0,0.325574992825247,8,96.0
475.0,8,115.0,2.948717948717949,8.000478589497297,3,33.0,0.6220670956642299,1,6.0,0.5412573041447855,4,83.0,0.2419230375950929,8,122.0
480.0,3,44.0,1.1282051282051282,8.813488591102816,2,43.0,0.5527598392226076,0,1.0,0.6346603886794449,1,40.0,0.5872949050089754,3,84.0
485.0,1,8.0,0.2,9.705784456259586,0,4.0,0.667312992875548,0,0.0,0.5866460766717067,1,8.0,0.7294566917434762,1,12.0
490.0,3,5.0,0.125,9.455669447140997,3,7.0,0.5326308500233184,0,0.0,0.6666509478924679,0,0.0,0.816532064074089,3,7.0
495.0,1,0.0,0.0,9.738038849167554,0,2.0,0.6285619057751769,1,2.0,0.3979274922006689,0,0.0,0.9293247445661235,1,4.0
500.0,1,5.0,0.1388888888888889,10.141267267675737,0,0.0,0.5082826413545991,1,9.0,0.6905278159769539,0,0.0,0.797155601079177,1,9.0
505.0,1,10.0,0.2702702702702703,10.65114240002109,0,0.0,0.5352980319928481,1,14.0,0.7571990360380166,0,0.0,0.7955654102333173,1,14.0
510.0,5,29.0,0.725,9.672614614696077,3,11.0,0.32904428216669757,2,18.0,0.6807458657764799,0,0.0,0.6572323838686542,5,29.0
515.0,9,43.0,1.2285714285714286,7.763111111211523,5,34.0,0.34614725069419344,1,7.0,0.41209180106342624,3,8.0,0.500266586184548,9,49.0
520.0,6,26.0,0.8125,7.159800764029643,2,36.0,0.3829787183852981,4,17.0,0.3237591717831415,0,0.0,0.6613159629622891,6,53.0
525.0,2,5.0,0.15625,8.535547315053073,2,19.0,0.42586296151518344,0,14.0,0.750284780418965,0,0.0,0.495057512083454,2,33.0
530.0,2,10.0,0.30303030303030304,9.572357291898618,2,14.0,0.6360614370968928,0,4.0,0.9169866797442613,0,2.0,0.7944682974197418,2,20.0
535.0,3,17.0,0.5483870967741935,9.442435028747337,1,17.0,0.6767588709311997,1,2.0,0.7906941858678093,1,4.0,0.6187220249441052,3,23.0
540.0,5,29.0,0.8787878787878788,8.322342829333554,3,31.0,0.4690691752307035,1,2.0,0.7146113871912664,1,2.0,0.70609125429204,5,35.0
545.0,5,50.0,1.3888888888888888,8.956932056919026,4,48.0,0.35043920753618363,0,0.0,0.750554532409962,1,4.0,0.748648030559495,5,52.0
550.0,2,4.0,0.10810810810810811,8.584111467547416,1,23.0,0.3981615312389633,1,2.0,0.7492899926111226,0,0.0,0.7008462120068116,2,25.0
555.0,4,18.0,0.47368421052631576,9.619604838393405,3,15.0,0.5500359169114999,1,5.0,0.5984963895443659,0,0.0,0.8348820497603533,4,20.0
560.0,4,11.0,0.28205128205128205,8.317849032211516,1,15.0,0.5183896767974591,3,11.0,0.4589866214093811,0,0.0,0.6144321918542046,4,26.0
565.0,6,38.0,1.0555555555555556,9.280064109561586,0,0.0,0.7701596111002671,5,34.0,0.5031352860685125,1,4.0,0.5249653912471586,6,38.0
570.0,9,71.0,1.868421052631579,7.492272678299166,1,0.0,0.6962338099390424,7,62.0,0.27726229068849423,1,9.0,0.47827601282020205,9,71.0
575.0,5,30.0,0.8333333333333334,6.948986178237612,0,0.0,0.7049562581634611,3,57.0,0.3127021723119869,2,19.0,0.4225021178126248,5,76.0
580.0,2,4.0,0.125,8.455481008739604,1,4.0,0.6850874124917093,1,21.0,0.42276464646310913,0,10.0,0.7709417393663154,2,35.0
585.0,4,5.0,0.15625,7.59335373328226,1,5.0,0.453474042020411,1,11.0,0.4669766500385414,2,3.0,0.6522850560276887,4,19.0
590.0,3,13.0,0.37142857142857144,8.82182275215532,2,6.0,0.6115883740807048,1,11.0,0.6386247059725555,0,2.0,0.685559536991642,3,19.0
595.0,2,11.0,0.2972972972972973,9.86350477299469,1,9.0,0.6910280000001937,1,6.0,0.671825108603956,0,0.0,0.7946608215898665,2,15.0
600.0,4,21.0,0.525,10.208300994150033,2,14.0,0.6713765383346256,1,11.0,0.7467878626785998,1,0.0,0.6413942442931804,4,25.0
605.0,2,23.0,0.5609756097560976,10.395520760263778,1,19.0,0.6193011723210908,0,2.0,0.8643274773956612,1,4.0,0.7331141287620906,2,25.0
610.0,6,33.0,0.8048780487804879,9.451963347554695,3,26.0,0.5780245073873015,2,0.0,0.6359749150373405,1,9.0,0.8044263268857247,6,35.0
615.0,2,1.0,0.024390243902439025,9.733735603345863,1,4.0,0.7715419809321132,1,0.0,0.7420199960885431,0,0.0,0.6456546578176774,2,4.0
620.0,5,16.0,0.4,8.692761142198691,1,8.0,0.7224132650430946,1,1.0,0.6442684886982404,3,9.0,0.42562836015078215,5,18.0
625.0,3,11.0,0.2894736842105263,7.606888521162308,0,3.0,0.5300600567073526,3,11.0,0.4605412453128822,0,10.0,0.5840407186149191,3,24.0
630.0,5,32.0,0.8205128205128205,9.357655475459525,0,0.0,0.7615152215295886,5,36.0,0.5229144027198666,0,0.0,0.7262754133401192,5,36.0
635.0,3,5.0,0.11904761904761904,9.339203209344756,0,0.0,0.7077844063815103,1,32.0,0.6564243244404665,2,2.0,0.6174126760442838,3,34.0
640.0,5,16.0,0.36363636363636365,9.728386746595637,0,0.0,0.7213868120067276,1,7.0,0.7198922804943418,4,16.0,0.399648127256776,5,23.0
645.0,5,13.0,0.3611111111111111,7.10478781958038,3,8.0,0.3642719167322015,1,5.0,0.4937324975478336,1,14.0,0.3910705251433932,5,27.0
650.0,7,36.0,0.972972972972973,7.681553159592402,6,30.0,0.35622816992008455,1,12.0,0.625639777870331,0,4.0,0.6366615148564849,7,46.0
655.0,4,15.0,0.39473684210526316,8.861939854861875,1,30.0,0.5105376816199468,2,19.0,0.6263892122561182,1,0.0,0.7875239771164907,4,49.0
660.0,1,0.0,0.0,9.486107186638893,0,2.0,0.7089528602949492,0,4.0,0.7561662092734728,1,0.0,0.5954411334377885,1,6.0
665.0,4,8.0,0.17391304347826086,9.881235421842636,1,0.0,0.7511732322103685,0,4.0,0.7346243454943653,3,8.0,0.5542020558287111,4,12.0
670.0,5,27.0,0.6136363636363636,8.734776007414814,0,0.0,0.7970136966377792,0,3.0,0.5868664411609309,5,27.0,0.3827168366328073,5,30.0
675.0,9,53.0,1.127659574468085,7.930818212874321,2,2.0,0.6021915498542036,1,0.0,0.5216242620107608,6,52.0,0.40227335688968724,9,54.0
680.0,4,34.0,0.7727272727272727,8.629154000615173,2,11.0,0.5744907834040168,0,0.0,0.6979977361241928,2,54.0,0.5175104065355597,4,65.0
685.0,5,13.0,0.29545454545454547,8.052396988291276,2,17.0,0.5093081070760845,1,3.0,0.5850136065958536,2,30.0,0.551505693849709,5,50.0
690.0,5,31.0,0.7380952380952381,8.494372781798983,0,6.0,0.5630986978656266,2,14.0,0.5905231386450978,3,19.0,0.5090750914477019,5,39.0
695.0,8,45.0,1.0975609756097562,6.990212529495905,1,1.0,0.6376944381508171,0,9.0,0.5880769326892822,7,46.0,0.23920770042673303,8,56.0
700.0,7,28.0,0.5833333333333334,7.485094401053348,2,6.0,0.45698306236086167,1,7.0,0.7320684850532548,4,53.0,0.31699271861702455,7,66.0
705.0,3,16.0,0.3404255319148936,8.682940630117349,2,15.0,0.44522963435893853,1,1.0,0.6693209359195832,0,20.0,0.5555736616774771,3,36.0
710.0,8,42.0,0.9545454545454546,8.85693070509306,2,27.0,0.6132718555826081,3,10.0,0.5769099481930121,3,9.0,0.5297473524530164,8,46.0
715.0,5,28.0,0.6666666666666666,8.223331469914557,0,2.0,0.6066417057888769,1,9.0,0.5496504182861953,4,26.0,0.5616057121679384,5,37.0
720.0,9,26.0,0.6190476190476191,7.4725109178056925,2,9.0,0.4424948795980841,6,23.0,0.42144112245405935,1,15.0,0.5237256512845314,9,47.0
725.0,8,27.0,0.75,6.390022073900507,2,13.0,0.4279345650752612,3,34.0,0.4014320571185334,3,9.0,0.28874346482914015,8,56.0
730.0,3,14.0,0.4,7.8865121737262855,1,9.0,0.6394282786722252,1,26.0,0.5611682409088566,1,12.0,0.5069223675667157,3,47.0
735.0,2,14.0,0.3888888888888889,8.624845499692888,1,11.0,0.7471913744290554,0,22.0,0.5471538328923419,1,7.0,0.5600028173907652,2,40.0
740.0,7,23.0,0.6216216216216216,8.408649778314805,1,1.0,0.6503811441926097,5,42.0,0.4898163391806243,1,6.0,0.6722652466585443,7,49.0
745.0,8,25.0,0.6756756756756757,5.342509083688141,3,9.0,0.3283062064200088,3,43.0,0.19193733132791224,2,13.0,0.30622791198449767,8,65.0
750.0,4,12.0,0.36363636363636365,5.956350565337929,2,15.0,0.394178078250286,1,17.0,0.33321342470479376,1,14.0,0.589920305056557,4,46.0
755.0,2,12.0,0.32432432432432434,9.439501922975749,0,2.0,0.7366605706565816,1,15.0,0.5848086643676457,1,4.0,0.7140085892666858,2,21.0
760.0,4,22.0,0.55,10.086026891842598,1,2.0,0.6867146586429842,2,23.0,0.6940782237931821,1,1.0,0.7996244170816179,4,26.0
765.0,6,44.0,0.9777777777777777,9.38904731982679,3,7.0,0.5496988233727932,2,33.0,0.7361473195950313,1,6.0,0.7028552708158112,6,46.0
770.0,6,32.0,0.6808510638297872,8.423712693980224,3,21.0,0.5286193241311525,0,12.0,0.5197496957938577,3,11.0,0.5984314303206524,6,44.0
775.0,7,34.0,0.7555555555555555,8.243364730307773,1,13.0,0.45520885155236257,4,14.0,0.48078463608786737,2,19.0,0.6354142878748488,7,46.0
780.0,8,45.0,1.0465116279069768,8.143531756662258,3,11.0,0.3359598261639736,2,16.0,0.5548721106713005,3,29.0,0.5909326778055571,8,56.0
785.0,7,36.0,0.8372093023255814,7.5300199381230914,5,34.0,0.3753274275882079,1,7.0,0.5777299304717904,1,5.0,0.5435731078266981,7,46.0
790.0,12,45.0,0.9782608695652174,7.088694067893218,6,45.0,0.3708107218411117,1,6.0,0.6042769658030415,5,20.0,0.5664760047593631,12,71.0
795.0,6,13.0,0.2653061224489796,7.902580869242628,1,27.0,0.5942617252892171,2,13.0,0.5407075053519437,3,16.0,0.6013484456345427,6,56.0
800.0,4,26.0,0.5098039215686274,8.521761497189802,1,5.0,0.6019715769017911,2,25.0,0.6163418323935208,1,3.0,0.5648633958297695,4,33.0
805.0,6,28.0,0.509090909090909,9.383163175022322,3,12.0,0.6214085102781746,0,8.0,0.7418090686456577,3,16.0,0.5937325559726446,6,36.0
810.0,6,33.0,0.5892857142857143,8.998603042144131,3,27.0,0.5680963996692873,2,8.0,0.6521003423168462,1,17.0,0.5029540438232772,6,52.0
815.0,13,70.0,1.25,6.480279615136392,4,45.0,0.40186311383350626,3,11.0,0.37146622242505034,6,21.0,0.28027002050096156,13,77.0
820.0,6,24.0,0.4444444444444444,6.669301441681381,1,23.0,0.5503708678285453,2,16.0,0.3831738922001966,3,31.0,0.40572064361065385,6,70.0
825.0,5,30.0,0.5555555555555556,8.349967188572158,2,6.0,0.6607143948115585,3,28.0,0.42823555201180313,0,18.0,0.6236480044978021,5,52.0
830.0,6,40.0,0.6779661016949152,8.561483816706659,1,3.0,0.6199297342048595,5,44.0,0.5057050807191766,0,3.0,0.6454728530573408,6,50.0
835.0,8,73.0,1.2166666666666666,9.659193057419731,2,5.0,0.6506184454359032,4,64.0,0.6210245993284019,2,8.0,0.7163867294354381,8,77.0
840.0,11,119.0,1.9833333333333334,8.815746136928851,2,15.0,0.5348817479521614,6,88.0,0.5293504516915927,3,18.0,0.6171228545131558,11,121.0
845.0,18,189.0,2.953125,7.689579146273852,5,30.0,0.40561561633790977,8,126.0,0.473922238499024,5,35.0,0.4217724255303382,18,191.0
850.0,13,129.0,2.0806451612903225,7.589131726400632,4,50.0,0.3983388559897932,5,100.0,0.4130137356236437,4,55.0,0.5321475177805465,13,205.0
855.0,14,98.0,1.6065573770491803,6.188465692027862,7,75.0,0.235209062267599,6,48.0,0.31211722722118107,1,24.0,0.4015545849049564,14,147.0
860.0,21,146.0,2.433333333333333,5.362138409846124,8,110.0,0.25467474733289597,9,71.0,0.14308845469314688,4,12.0,0.37777440249748845,21,193.0
865.0,15,95.0,1.6379310344827587,6.150524569337177,4,94.0,0.44800533964689404,5,82.0,0.20465320769776002,6,36.0,0.4114774064156511,15,212.0
870.0,4,48.0,0.8275862068965517,7.9313451124708045,0,11.0,0.5940571795052362,4,82.0,0.3418555322222377,0,33.0,0.50980801055759,4,126.0
875.0,8,75.0,1.25,8.394944944188174,2,15.0,0.5555164314434906,4,94.0,0.40918743098169263,2,5.0,0.6438216808361019,8,114.0
880.0,9,39.0,0.6964285714285714,8.633173553290098,7,38.0,0.4386147025856255,0,51.0,0.7453244514361906,2,12.0,0.672670066488309,9,101.0
885.0,12,88.0,1.4426229508196722,8.978482565577824,8,77.0,0.4285742678882767,0,4.0,0.8431261119627371,4,22.0,0.5201738161076086,12,103.0
890.0,14,143.0,2.306451612903226,8.220330977190805,10,119.0,0.27504422169349024,1,3.0,0.6368185640831125,3,32.0,0.6448689616361775,14,154.0
895.0,9,54.0,0.8709677419354839,8.220827196178519,6,109.0,0.4139569459164227,1,8.0,0.7591031033748766,2,20.0,0.5611975495329152,9,137.0
900.0,9,42.0,0.6268656716417911,8.626990790451313,2,52.0,0.4948286195178745,1,13.0,0.68749842307061,6,21.0,0.49053924735013643,9,86.0
905.0,5,27.0,0.4576271186440678,7.9051310667557795,1,24.0,0.5046840250503761,2,23.0,0.2164169464155237,2,24.0,0.5147722290894765,5,71.0
910.0,12,62.0,1.1481481481481481,7.693348549305284,7,42.0,0.4143708708924751,3,42.0,0.5709986706123857,2,6.0,0.5564117818175078,12,90.0
915.0,7,68.0,1.1147540983606556,8.463079991850222,3,31.0,0.4310682865169378,3,57.0,0.7102956327744865,1,8.0,0.5934148028831163,7,96.0
920.0,11,104.0,1.5757575757575757,8.956006888474157,5,23.0,0.4279950770568565,3,68.0,0.6693675224236,3,17.0,0.5508868709117258,11,108.0
925.0,10,121.0,1.9836065573770492,8.145415050891579,3,28.0,0.3949638643565795,3,83.0,0.5667743204563777,4,32.0,0.5784753441201566,10,143.0
930.0,9,24.0,0.41379310344827586,7.531722994014153,7,32.0,0.406183415882686,2,25.0,0.48865423967590965,0,21.0,0.6218443482881353,9,78.0
935.0,9,64.0,1.0847457627118644,8.960650196815775,5,55.0,0.4981479270957222,2,10.0,0.6518936471404044,2,7.0,0.33321078281524485,9,72.0
940.0,11,46.0,0.8679245283018868,6.361025197289478,2,43.0,0.388257902323449,2,9.0,0.47584022601825043,7,31.0,0.02614672843323612,11,83.0
945.0,13,42.0,0.7636363636363637,6.397882542606528,5,35.0,0.4393263701052214,4,13.0,0.35710531416441404,4,41.0,0.29359656527811656,13,89.0
950.0,6,36.0,0.631578947368421,8.143964603932021,2,39.0,0.42591916916984107,4,34.0,0.4667127029823434,0,12.0,0.7536893173579634,6,85.0
955.0,10,26.0,0.4406779661016949,8.21208238775086,5,38.0,0.4771570822584311,3,30.0,0.5538362475796774,2,0.0,0.6171860702322158,10,68.0
960.0,10,67.0,1.046875,9.458568893241514,5,57.0,0.4673337071783982,2,19.0,0.715397785375888,3,8.0,0.6128821356339366,10,84.0
965.0,7,37.0,0.6166666666666667,8.662780258147189,2,37.0,0.5345545321355656,0,5.0,0.6450075378523706,5,27.0,0.4712758446518804,7,69.0
970.0,9,29.0,0.5087719298245614,7.562622480172156,6,28.0,0.38017412421300656,1,3.0,0.5947947488915365,2,31.0,0.4926177060036387,9,62.0
975.0,8,26.0,0.4406779661016949,8.485463278858541,5,39.0,0.47254553211877576,1,8.0,0.7524949427814024,2,16.0,0.5997958323384186,8,63.0
980.0,4,22.0,0.4074074074074074,9.005897072592496,2,27.0,0.5410175633792995,2,16.0,0.5653511930054429,0,5.0,0.7190887720116835,4,48.0
985.0,5,26.0,0.5,9.30272784733372,4,33.0,0.5639985471319767,0,4.0,0.7142898223906494,1,1.0,0.7719617362434525,5,38.0
990.0,8,56.0,0.9655172413793104,9.427187424937545,5,53.0,0.4724186200829534,2,9.0,0.748168966066791,1,6.0,0.6407636622013387,8,68.0
995.0,9,80.0,1.3333333333333333,8.10469154762905,5,76.0,0.40891349622650913,3,18.0,0.6054964195319477,1,0.0,0.3832209332625291,9,94.0
1000.0,7,24.0,0.3870967741935484,7.414256673289918,2,48.0,0.5071900723416717,2,8.0,0.4213086361872239,3,13.0,0.47845333143699953,7,69.0
1005.0,4,16.0,0.2711864406779661,7.740275300155273,3,23.0,0.5144388824815556,1,6.0,0.3749450502632009,0,8.0,0.5584125284817919,4,37.0
1010.0,5,16.0,0.2962962962962963,7.607822292924563,2,21.0,0.5100709340415003,2,16.0,0.43376160393257623,1,0.0,0.5381510075956222,5,37.0
1015.0,11,52.0,0.9454545454545454,8.080866477887058,4,29.0,0.5302462841566192,5,33.0,0.5614996953175282,2,6.0,0.610236799532995,11,68.0
1020.0,14,111.0,1.85,8.191460626491121,7,49.0,0.3859463705034188,4,53.0,0.6079741071914179,3,21.0,0.6193441032205899,14,123.0
1025.0,13,77.0,1.203125,7.574875255667056,8,81.0,0.34384689287018044,1,38.0,0.5853290924635153,4,22.0,0.5077994377629044,13,141.0
1030.0,13,44.0,0.6567164179104478,7.137822062492298,5,66.0,0.42806416949782133,3,12.0,0.3417372897880208,5,16.0,0.43679276402568196,13,94.0
1035.0,14,60.0,0.9090909090909091,6.327522239834228,1,26.0,0.4778256382776665,8,44.0,0.16077432403661454,5,34.0,0.25185726101094624,14,104.0
1040.0,10,50.0,0.8620689655172413,6.083529683199562,2,27.0,0.4471982765554403,5,66.0,0.20724995730604637,3,33.0,0.36964893972762475,10,126.0
1045.0,7,54.0,0.9642857142857143,8.602300647546253,3,39.0,0.4903744441674626,1,46.0,0.5927480268073464,3,38.0,0.57881499839152,7,123.0
1050.0,11,96.0,1.5238095238095237,8.888701218370999,4,58.0,0.5130802754572275,3,24.0,0.6336443771990193,4,51.0,0.5799465173795278,11,133.0
1055.0,6,29.0,0.4264705882352941,8.839975847256513,0,32.0,0.642249481205166,5,31.0,0.5951801429576639,1,19.0,0.6396723038999765,6,82.0
1060.0,16,78.0,1.0985915492957747,7.616202572449671,4,12.0,0.5447855270973193,7,60.0,0.41703025286628226,5,10.0,0.48586872598770214,16,82.0
1065.0,13,107.0,1.621212121212121,6.350019600890973,3,14.0,0.4385147980195995,8,100.0,0.20802322471821325,2,13.0,0.44427980764046543,13,127.0
1070.0,15,165.0,2.357142857142857,6.834014422617998,4,18.0,0.4099880320490371,8,144.0,0.3431583453746102,3,8.0,0.5597873373557739,15,170.0
1075.0,14,210.0,2.8767123287671232,6.810603823457047,3,24.0,0.32529151685176527,8,184.0,0.41025389808030316,3,22.0,0.5672605863839141,14,230.0
1080.0,16,114.0,1.4430379746835442,6.719247354172708,8,34.0,0.24017997525921403,3,147.0,0.5042584653377985,5,42.0,0.43228309552580757,16,223.0
1085.0,19,103.0,1.3037974683544304,6.346660810967582,10,62.0,0.21338635379515528,3,61.0,0.41844403258779983,6,67.0,0.41469228430990007,19,190.0
1090.0,14,41.0,0.5466666666666666,5.925394604557402,9,72.0,0.19920851977894727,5,75.0,0.3809322117116065,0,42.0,0.4241178784349665,14,189.0
1095.0,10,39.0,0.5342465753424658,6.4305768430214885,3,76.0,0.32758786797612277,5,87.0,0.35441206589707014,2,9.0,0.5025271380106066,10,172.0
1100.0,13,41.0,0.5616438356164384,6.242324117844723,8,78.0,0.30281017154187617,3,68.0,0.3451439746458974,2,15.0,0.4320882561129098,13,161.0
1105.0,19,64.0,0.9411764705882353,5.161240929879406,9,94.0,0.21009678126253117,7,48.0,0.2993385883469024,3,13.0,0.3950833393920102,19,155.0
1110.0,19,75.0,1.0869565217391304,5.025289240954293,8,94.0,0.1647216322229576,7,63.0,0.3795749116710583,4,22.0,0.3928671396112028,19,179.0
1115.0,11,62.0,0.8493150684931506,6.932037685447495,6,95.0,0.3392237482232179,4,45.0,0.4179504327593446,1,9.0,0.5742641873145069,11,149.0
1120.0,9,51.0,0.6623376623376623,7.702771514485972,3,77.0,0.398895173354565,5,52.0,0.40459208426247933,1,7.0,0.7073880824302812,9,136.0
1125.0,18,114.0,1.4615384615384615,7.4012738810887315,8,71.0,0.3779011813201078,6,75.0,0.4088150326620468,4,17.0,0.575395671747707,18,163.0
1130.0,20,143.0,1.9861111111111112,5.237885432385759,11,96.0,0.2231770381824806,8,110.0,0.24749115574356836,1,15.0,0.5134018688839587,20,221.0
1135.0,16,88.0,1.1891891891891893,5.982736680377582,7,92.0,0.2735993374766706,7,105.0,0.3375638413100984,2,10.0,0.5134700955265139,16,207.0
1140.0,9,37.0,0.46835443037974683,7.242512835666713,3,78.0,0.2422634158955378,3,80.0,0.5342062807205521,3,18.0,0.6099860566865436,9,176.0
1145.0,18,77.0,0.9166666666666666,6.314192924692182,10,107.0,0.2286952910664665,2,68.0,0.5125739604189511,6,37.0,0.3601461659073467,18,212.0
1150.0,23,177.0,2.269230769230769,5.951162683279106,14,168.0,0.24341196863659836,3,76.0,0.42869899935223665,6,69.0,0.4674815378566418,23,313.0
1155.0,22,122.0,1.605263157894737,4.614119267872034,14,198.0,0.19310426610065545,6,72.0,0.2716189138315017,2,58.0,0.4387089051367837,22,328.0
1160.0,20,88.0,1.1282051282051282,5.662882054823914,13,184.0,0.14391172912716868,4,58.0,0.42771248721948246,3,27.0,0.5363367986507861,20,269.0
1165.0,16,66.0,0.8461538461538461,5.714264536570085,9,155.0,0.2572122054131515,3,52.0,0.4046756758296237,4,30.0,0.31075924811271644,16,237.0
1170.0,17,89.0,1.0987654320987654,6.547362757349434,10,144.0,0.3399186521140052,4,59.0,0.4616249306289997,3,30.0,0.38340799672871423,17,233.0
1175.0,14,27.0,0.3,6.258829297415834,8,150.0,0.31570424987346274,6,60.0,0.4415372072931576,0,18.0,0.501892053442066,14,228.0
1180.0,20,73.0,0.7684210526315789,6.30612368089422,7,160.0,0.25387593518809054,9,67.0,0.23792490984110198,4,9.0,0.4830120024981124,20,236.0
1185.0,22,92.0,1.069767441860465,5.164550275716858,7,164.0,0.20711840697578646,10,94.0,0.13320600985748385,5,28.0,0.3939141292570375,22,286.0
1190.0,19,60.0,0.75,4.8569077594065515,7,143.0,0.23428509201259526,5,85.0,0.3017421182422286,7,46.0,0.3536978409272129,19,274.0
1195.0,18,76.0,0.926829268292683,5.987381950839685,6,147.0,0.3250227161120571,7,84.0,0.46341306424951545,5,48.0,0.41111280353871765,18,279.0
1200.0,18,85.0,0.9340659340659341,6.072176563268995,8,168.0,0.2795085482454068,4,80.0,0.392428075623225,6,50.0,0.5060792131551707,18,298.0
1205.0,22,120.0,1.3043478260869565,5.670524136038481,10,176.0,0.14159023095378895,6,64.0,0.40858746279834335,6,61.0,0.4668197261693381,22,301.0
1210.0,19,64.0,0.7032967032967034,4.9379102420069145,9,152.0,0.17300771275210552,7,76.0,0.34177541377403114,3,49.0,0.3436050985898095,19,277.0
1215.0,19,64.0,0.6736842105263158,5.160001444455415,5,155.0,0.22370197773075712,8,64.0,0.23096349305349897,6,39.0,0.4007741549599603,19,258.0
1220.0,20,67.0,0.6979166666666666,5.09776611440167,9,163.0,0.25066016479794034,6,74.0,0.2191353219713707,5,50.0,0.38391293474688126,20,287.0
1225.0,24,129.0,1.449438202247191,5.102088983636174,14,210.0,0.12946354529558748,7,70.0,0.26490418281867606,3,53.0,0.4873745005507135,24,333.0
1230.0,32,200.0,2.2222222222222223,4.919752810380604,13,233.0,0.0818681581311159,13,101.0,0.24147012292355782,6,56.0,0.3865073134656936,32,390.0
1235.0,20,118.0,1.3258426966292134,4.867007348994315,8,197.0,0.20921807887929475,11,130.0,0.22510732831125413,1,40.0,0.41315554755366546,20,367.0
1240.0,19,75.0,0.8064516129032258,5.937426713179039,6,129.0,0.28521374034778546,8,111.0,0.3231135602789764,5,26.0,0.4140138361343303,19,266.0
1245.0,22,80.0,0.8791208791208791,6.622190295375401,9,100.0,0.31868252929987984,7,93.0,0.4289818481487999,6,34.0,0.43170661088959317,22,227.0
1250.0,19,105.0,1.1797752808988764,6.949404060762871,7,98.0,0.43610722142401265,6,101.0,0.48103914319357743,6,45.0,0.4654253313632106,19,244.0
1255.0,16,121.0,1.3010752688172043,7.118165828373993,4,101.0,0.4935216297997849,5,99.0,0.44823493185615404,7,54.0,0.4454081714414227,16,254.0
1260.0,20,170.0,1.7525773195876289,7.114099685565886,7,113.0,0.4854405859874257,7,103.0,0.36181778117137386,6,76.0,0.5228045015171089,20,292.0
1265.0,17,161.0,1.6770833333333333,6.1023814015968405,5,120.0,0.5097375978507936,7,119.0,0.29970766110768815,5,82.0,0.3570445520181003,17,321.0
1270.0,21,161.0,1.61,5.822660207229044,5,137.0,0.4775556733673816,10,113.0,0.19565994353875305,6,52.0,0.3276185094465824,21,302.0
1275.0,16,71.0,0.7319587628865979,5.7815663917909745,3,95.0,0.49834493548738446,9,112.0,0.2027694035498332,4,68.0,0.3851170598182754,16,275.0
1280.0,25,142.0,1.4947368421052631,6.273882328561722,6,36.0,0.4840047270878092,14,163.0,0.2812944231486845,5,67.0,0.4438855673546307,25,266.0
1285.0,27,239.0,2.39,6.284872640813717,5,48.0,0.4129692590476997,16,229.0,0.32174814147833697,6,75.0,0.4176062916038831,27,352.0
1290.0,28,351.0,3.4411764705882355,6.585192947625023,5,50.0,0.39909215246954505,15,302.0,0.32813577307713004,8,104.0,0.48586845586510263,28,456.0
1295.0,22,274.0,2.74,6.081911897805319,6,64.0,0.4292277854432547,12,308.0,0.3245728656881503,4,85.0,0.40060566601678643,22,457.0
1300.0,25,158.0,1.5192307692307692,5.799607031468899,4,55.0,0.3528304036245735,12,233.0,0.2875010379366369,9,45.0,0.2564293918852291,25,333.0
1305.0,27,128.0,1.3061224489795917,5.33918900689442,7,45.0,0.2465794737083144,12,235.0,0.14539373506828251,8,66.0,0.2710557484395835,27,346.0
1310.0,30,128.0,1.391304347826087,4.362214412460308,9,72.0,0.18338707272733235,15,282.0,0.15927086586541342,6,64.0,0.2884743187564413,30,418.0
1315.0,20,81.0,0.9,4.344867134293973,6,84.0,0.23292818963272732,7,287.0,0.2596048231451245,7,72.0,0.2677882405659113,20,443.0
1320.0,28,154.0,1.5876288659793814,6.142328465278945,8,90.0,0.3990622938359362,11,270.0,0.3630295422330359,9,87.0,0.36029540777361424,28,447.0
1325.0,25,169.0,1.69,5.783720728415664,12,120.0,0.4000715642356609,8,256.0,0.3812405585131994,5,92.0,0.33957420312317166,25,468.0
1330.0,22,130.0,1.2264150943396226,5.220089233413215,7,128.0,0.31179886952869956,10,230.0,0.2813294644142728,5,55.0,0.2962825561232306,22,413.0
1335.0,25,110.0,1.0476190476190477,5.280152616837289,9,118.0,0.2501135948277678,9,252.0,0.19947457920327938,7,63.0,0.3690713574297292,25,433.0
1340.0,30,195.0,1.9696969696969697,5.935145633707753,11,125.0,0.3097137122683643,9,228.0,0.21519696935808585,10,108.0,0.4322348415234181,30,461.0
1345.0,28,196.0,2.020618556701031,4.815894028050866,10,148.0,0.26534987826380835,10,234.0,0.25081805038493965,8,124.0,0.3326282360135903,28,506.0
1350.0,27,195.0,1.95,5.626627333494899,7,142.0,0.3346117729169842,14,281.0,0.2650785466305462,6,116.0,0.44487711306004,27,539.0
1355.0,34,313.0,3.1616161616161618,6.293328814401904,10,126.0,0.39943536911191846,15,342.0,0.38318603467336937,9,102.0,0.4077901981566617,34,570.0
1360.0,26,219.0,2.1683168316831685,4.940560002181133,8,124.0,0.33846841240977676,10,324.0,0.3272296106640378,8,116.0,0.2202343557425442,26,564.0
1365.0,27,137.0,1.3838383838383839,5.061773734681011,11,108.0,0.2549045101510549,9,233.0,0.2792956436117477,7,106.0,0.25907767136509824,27,447.0
1370.0,21,65.0,0.6632653061224489,4.4004573821992565,10,135.0,0.1832501146907856,3,249.0,0.27742389437957604,8,112.0,0.27112988512883196,21,496.0
1375.0,25,94.0,0.9690721649484536,4.94041515016928,9,138.0,0.2343828291448751,5,250.0,0.33810525635662747,11,116.0,0.3033524071892355,25,504.0
1380.0,27,131.0,1.3232323232323233,4.785240587474716,10,147.0,0.3025910229204875,8,240.0,0.24894681892625273,9,122.0,0.27314825282105154,27,509.0
1385.0,29,124.0,1.158878504672897,4.456365282390923,7,143.0,0.2826391415833468,12,223.0,0.2974969319787209,10,104.0,0.2071608513704743,29,470.0
1390.0,20,75.0,0.6880733944954128,4.95856312189771,9,125.0,0.24408252316147555,7,251.0,0.25846612565302074,4,104.0,0.2706022918229308,20,480.0
1395.0,27,85.0,0.7657657657657657,4.70038375600737,9,128.0,0.2639064432612492,10,243.0,0.1733716893894743,8,114.0,0.2706465120007441,27,485.0
1400.0,26,88.0,0.88,4.39112594154426,10,139.0,0.251748759076593,6,218.0,0.2640053084567564,10,125.0,0.24199623275201174,26,482.0
1405.0,29,130.0,1.3,4.737138476458592,10,157.0,0.27070824615327493,9,179.0,0.3720676302010418,10,115.0,0.16622181687737939,29,451.0
1410.0,29,216.0,2.0186915887850465,5.576717864273948,13,196.0,0.3004022554522507,5,188.0,0.3757116761972725,11,120.0,0.20301806266636951,29,504.0
1415.0,27,254.0,2.3518518518518516,5.194116802677401,15,253.0,0.32021061545474505,6,188.0,0.34111467452879407,6,131.0,0.23796119859031797,27,572.0
1420.0,32,342.0,3.0535714285714284,5.0767381354453205,16,324.0,0.30255881190171163,11,208.0,0.257657581314478,5,104.0,0.3333758274454227,32,636.0
1425.0,39,421.0,3.8623853211009176,4.23274571514887,22,417.0,0.25821921559296745,9,201.0,0.22402653907112235,8,102.0,0.31715951255143887,39,720.0
1430.0,37,343.0,3.175925925925926,3.9453392276212917,16,423.0,0.2087192312954624,12,159.0,0.24529085379898827,9,109.0,0.24327197664827216,37,691.0
1435.0,28,180.0,1.6216216216216217,5.083680935786487,9,324.0,0.2747676975277673,7,164.0,0.30334319753003947,12,135.0,0.2620900315024918,28,623.0
1440.0,28,129.0,1.1517857142857142,5.1991875654276445,7,222.0,0.4065083163832398,9,160.0,0.29218299409323845,12,152.0,0.23382214476174976,28,534.0
1445.0,29,88.0,0.7857142857142857,4.487614933130368,8,236.0,0.3545693207911909,9,167.0,0.19069059754604117,12,139.0,0.2455522050656914,29,542.0
1450.0,27,109.0,0.990909090909091,4.5551140958422325,9,231.0,0.3397487588114836,10,164.0,0.20889800031437608,8,159.0,0.21207812562107495,27,554.0
1455.0,28,111.0,1.0373831775700935,4.1131403179797354,7,204.0,0.3003519933974023,11,174.0,0.21671947296874672,10,167.0,0.15820658944436272,28,545.0
1460.0,27,129.0,1.2169811320754718,4.817673610231059,7,121.0,0.3122718273047915,9,162.0,0.24647021573466346,11,193.0,0.23997545916880944,27,476.0
1465.0,24,117.0,1.073394495412844,5.010002789451006,5,119.0,0.3885118218425052,11,163.0,0.2218203447222191,8,190.0,0.30626435176903805,24,472.0
1470.0,26,94.0,0.8468468468468469,5.038155619456295,9,126.0,0.29375106573200244,9,164.0,0.25312902486248995,8,146.0,0.34972997798364386,26,436.0
1475.0,18,75.0,0.6696428571428571,5.007891608229177,5,117.0,0.3783634120280197,9,170.0,0.1752473495718055,4,127.0,0.2777141325935898,18,414.0
1480.0,24,112.0,1.018181818181818,4.7054146124698395,5,66.0,0.2837414275402553,13,182.0,0.17765382251651082,6,131.0,0.19302844088922297,24,379.0
1485.0,29,99.0,0.908256880733945,3.9087843972741143,8,73.0,0.18652033922525635,13,212.0,0.18669662615694058,8,124.0,0.19934611725560164,29,409.0
1490.0,30,116.0,1.0740740740740742,4.349088282919572,11,86.0,0.28400455827443016,10,192.0,0.21204718861649147,9,110.0,0.24230728972811363,30,388.0
1495.0,25,124.0,1.1071428571428572,4.230788418170677,9,114.0,0.31602719803054397,9,216.0,0.19637864013216938,7,120.0,0.23181200493580859,25,450.0
1500.0,27,99.0,0.8608695652173913,4.0565112909969265,5,108.0,0.35104893872814624,13,245.0,0.16349814224751233,9,113.0,0.168742768326821,27,466.0
1505.0,33,170.0,1.4655172413793103,4.535302955626229,5,68.0,0.29705737765201107,15,293.0,0.21217691188500326,13,137.0,0.14309172455075256,33,498.0
1510.0,32,183.0,1.605263157894737,4.160472684746939,9,82.0,0.27305061821520765,15,320.0,0.16771269997199903,8,152.0,0.16659005261251789,32,554.0
1515.0,25,112.0,1.0,4.100528909834238,8,96.0,0.26292464611781685,13,294.0,0.14711656572028792,4,124.0,0.2710208905768293,25,514.0
1520.0,30,102.0,0.9026548672566371,4.033021264986889,11,94.0,0.24138268366882207,12,318.0,0.1599915393219263,7,136.0,0.27175656679852667,30,548.0
1525.0,33,148.0,1.3333333333333333,3.750217306327572,9,128.0,0.29888019908189417,16,367.0,0.17769142466551935,8,144.0,0.20749797303604336,33,639.0
1530.0,31,149.0,1.3070175438596492,3.465516433808506,7,140.0,0.20248786482576703,12,381.0,0.1728995852707633,12,161.0,0.15636147917655704,31,682.0
1535.0,20,106.0,0.9380530973451328,3.955530795366401,7,144.0,0.2974287804344809,7,313.0,0.15676903606029635,6,162.0,0.23137464999144952,20,619.0
1540.0,23,111.0,0.9652173913043478,4.456665705736617,7,142.0,0.2489880632021029,11,272.0,0.15296848695836682,5,132.0,0.2967946165323747,23,546.0
1545.0,28,118.0,1.063063063063063,4.305905110976833,12,152.0,0.24788464306851382,10,300.0,0.18130311300158355,6,121.0,0.288125362524363,28,573.0
1550.0,28,144.0,1.309090909090909,3.994222555457527,12,174.0,0.20370585162062116,11,319.0,0.2167323646816601,5,122.0,0.22381054491743196,28,615.0
1555.0,21,90.0,0.7964601769911505,4.116584240953364,3,161.0,0.2577983832429785,9,314.0,0.22012408940138967,9,128.0,0.21632885782755756,21,603.0
1560.0,23,113.0,0.9826086956521739,3.481698744949071,4,179.0,0.21411761130362858,8,287.0,0.20008058838735676,11,153.0,0.21765554951584423,23,619.0
1565.0,28,169.0,1.4322033898305084,3.3256838219849088,8,186.0,0.20310974671494433,7,282.0,0.16836302443419074,13,202.0,0.2896753751272105,28,670.0
1570.0,34,275.0,2.2357723577235773,3.389561363528166,12,189.0,0.17230134238254388,10,289.0,0.13558711779964727,12,256.0,0.31980802512302803,34,734.0
1575.0,30,233.0,1.8492063492063493,2.9425967589639686,9,198.0,0.1558842217506256,9,292.0,0.12778744033030895,12,253.0,0.23687456383579364,30,743.0
1580.0,36,198.0,1.523076923076923,3.6007392588495297,11,168.0,0.19155628707978295,10,240.0,0.13778678309694703,15,239.0,0.22246549015298916,36,647.0
1585.0,24,127.0,0.9769230769230769,3.7851255018280123,10,180.0,0.22464358292693173,7,258.0,0.1120651178683954,7,269.0,0.24367964680160073,24,707.0
1590.0,34,197.0,1.5271317829457365,3.7478402872194745,13,220.0,0.22343408770962903,11,243.0,0.13750614428873287,10,271.0,0.2236596760843203,34,734.0
1595.0,38,276.0,2.123076923076923,3.146535820238241,18,288.0,0.10621323905434406,10,252.0,0.1464654546598966,10,273.0,0.17640253048667254,38,813.0
1600.0,39,244.0,1.90625,3.445763975142538,17,321.0,0.16606357074087405,11,217.0,0.15925578899514964,11,259.0,0.19083307520993864,39,797.0
1605.0,38,233.0,1.8203125,3.3311995226824322,17,300.0,0.20680268453909278,10,236.0,0.14278947589608004,11,244.0,0.21203794556550734,38,780.0
1610.0,39,302.0,2.377952755905512,3.5933713697742906,14,332.0,0.23001916943019146,12,257.0,0.11187420744718794,13,221.0,0.1768439230970045,39,810.0
1615.0,51,438.0,3.4761904761904763,3.5900822864471733,16,402.0,0.14418765883940432,15,293.0,0.1252067430266993,20,274.0,0.14235905637009982,51,969.0
1620.0,60,644.0,5.411764705882353,3.251735557592016,16,480.0,0.1466829679731487,21,374.0,0.10809010606992467,23,379.0,0.11624452716224562,60,1233.0
1625.0,59,692.0,5.9655172413793105,2.036040137869994,11,489.0,0.10600838408343516,21,413.0,0.08198474196883875,27,502.0,0.060386731861034486,59,1404.0
1630.0,53,554.0,4.694915254237288,3.068509905204305,7,434.0,0.26855370346955043,21,402.0,0.16311652314741162,25,562.0,0.14237956293980844,53,1398.0
1635.0,46,443.0,3.5725806451612905,3.5143533869978394,7,356.0,0.22894120125295883,18,454.0,0.19614435424302018,21,527.0,0.20444579611743746,46,1337.0
1640.0,47,428.0,3.34375,3.6227636133194916,11,402.0,0.17255647520692866,16,517.0,0.16755871004241293,20,482.0,0.1990859793784738,47,1401.0
1645.0,43,363.0,2.813953488372093,3.1361511571272636,15,466.0,0.1336668347760755,13,523.0,0.12778747719881828,15,544.0,0.13662054545556412,43,1533.0
1650.0,36,270.0,2.16,3.3737800990998563,12,491.0,0.20973882615087733,10,463.0,0.132273951599191,14,593.0,0.20282179187056082,36,1547.0
1655.0,26,166.0,1.328,3.87589225791338,12,496.0,0.2444602793512312,8,469.0,0.1469060758260852,6,583.0,0.2802463040660258,26,1548.0
1660.0,29,150.0,1.2096774193548387,3.5674764268899564,13,504.0,0.20605479347013744,9,492.0,0.16761924197574865,7,519.0,0.21829635799046626,29,1515.0
1665.0,39,176.0,1.3643410852713178,3.4825613658706946,15,481.0,0.15755263909410963,12,485.0,0.14881428409699315,12,449.0,0.21482601395673628,39,1415.0
1670.0,40,227.0,1.7067669172932332,2.9116020994866783,17,535.0,0.15937985928707646,13,439.0,0.11638076510384888,10,465.0,0.19750326747956443,40,1439.0
1675.0,40,320.0,2.318840579710145,3.505493403027438,14,569.0,0.2112282797862822,12,405.0,0.1301670201994693,14,490.0,0.17127402550143064,40,1464.0
1680.0,30,211.0,1.5629629629629629,3.440558978828815,12,579.0,0.21246948743247085,9,426.0,0.14271585085650015,9,500.0,0.2361038916304238,30,1505.0
1685.0,28,114.0,0.8702290076335878,3.379830098782557,13,534.0,0.12779994929958624,11,417.0,0.15918118986946841,4,451.0,0.265989672897567,28,1402.0
1690.0,33,142.0,1.0441176470588236,3.602196318402168,15,511.0,0.17698944443773854,11,407.0,0.151622900338125,7,440.0,0.19709377986280335,33,1358.0
1695.0,33,199.0,1.463235294117647,3.2682881375634527,12,456.0,0.21122345898691927,9,316.0,0.16231607475878718,12,420.0,0.14923440689197925,33,1192.0
1700.0,40,229.0,1.6474820143884892,2.95080920073418,11,479.0,0.22460576785679714,13,343.0,0.13487278415624246,16,425.0,0.1463775752068502,40,1247.0
1705.0,34,196.0,1.3611111111111112,3.2784496317435425,9,455.0,0.24694332847513453,9,343.0,0.11592649917210539,16,451.0,0.127556024829722,34,1249.0
1710.0,29,121.0,0.8581560283687943,3.0882644766092167,6,445.0,0.1997565851255574,9,326.0,0.12271444901454207,14,413.0,0.11812551491594413,29,1184.0
1715.0,27,95.0,0.6884057971014492,3.204474704361408,11,402.0,0.17731723766620272,9,274.0,0.150207951226199,7,417.0,0.17856897030267874,27,1093.0
1720.0,32,139.0,1.0,3.2711738291011097,11,413.0,0.16198259156515954,9,226.0,0.17707451539342742,12,385.0,0.21106531679559062,32,1024.0
1725.0,31,123.0,0.831081081081081,3.725019708112072,7,385.0,0.2675032277429219,11,237.0,0.16434615807196418,13,380.0,0.18986603445595285,31,1002.0
1730.0,33,117.0,0.8013698630136986,3.779109855462057,10,368.0,0.19846825155651648,10,233.0,0.16082353048882336,13,355.0,0.15406941114894404,33,956.0
1735.0,33,133.0,0.9568345323741008,3.436969580745961,13,338.0,0.15225197144893898,9,248.0,0.17506692386047565,11,320.0,0.13237527362833715,33,906.0
1740.0,34,133.0,0.9779411764705882,3.1490676634919472,12,326.0,0.17299257329908113,10,234.0,0.18174449035670331,12,323.0,0.18531167435545834,34,883.0
1745.0,31,130.0,0.9154929577464789,3.877927724238813,6,321.0,0.21688820393654012,13,230.0,0.2092820639918517,12,276.0,0.2331491926599518,31,827.0
1750.0,39,248.0,1.7464788732394365,4.376602063120056,9,303.0,0.2393011601100651,13,264.0,0.22431274159036782,17,267.0,0.2458373515332054,39,834.0
1755.0,39,308.0,2.1538461538461537,4.015716373395667,9,299.0,0.1964688702733457,11,270.0,0.22286413855440168,19,322.0,0.24277505450427855,39,891.0
1760.0,37,265.0,1.8661971830985915,4.277688133779799,8,268.0,0.24512961554218918,12,257.0,0.28287799674062075,17,347.0,0.17876634517316428,37,872.0
1765.0,34,150.0,1.056338028169014,4.106759618136706,13,231.0,0.16584940785403943,8,259.0,0.24452074851264324,13,313.0,0.1840140126346635,34,803.0
1770.0,31,110.0,0.8029197080291971,3.922438470789294,12,257.0,0.19710737602249132,11,262.0,0.17650714777383378,8,324.0,0.25850439418827686,31,843.0
1775.0,32,147.0,1.0970149253731343,4.026628207276952,10,261.0,0.25026811911214875,13,277.0,0.17075690540554295,9,316.0,0.27140758633356443,32,854.0
1780.0,32,194.0,1.4477611940298507,4.093499864020928,6,248.0,0.3311122030336724,14,331.0,0.20543198879754634,12,315.0,0.22442556620737167,32,894.0
1785.0,33,181.0,1.3507462686567164,4.391678371266134,7,227.0,0.2966938021394531,13,336.0,0.2749075934271122,13,265.0,0.2028688271003785,33,828.0
1790.0,33,191.0,1.4148148148148147,4.669084455619849,10,220.0,0.28352358218895624,8,269.0,0.3083368942094105,15,264.0,0.16216659815412363,33,753.0
1795.0,38,255.0,1.9172932330827068,3.947110995939909,10,234.0,0.18091417996602235,6,271.0,0.20442551327622369,22,307.0,0.14131704605068798,38,812.0
1800.0,46,387.0,3.0,3.5063769020656945,11,232.0,0.2244172175286308,9,279.0,0.10512693168486219,26,424.0,0.15154072570718133,46,935.0
1805.0,38,346.0,2.7244094488188977,3.271113253860091,7,249.0,0.2283679612002193,7,262.0,0.1494972136312127,24,479.0,0.13413740222312642,38,990.0
1810.0,40,287.0,2.3524590163934427,3.6062275681802367,8,240.0,0.22823831452207244,8,195.0,0.317878374396651,24,437.0,0.08066478362285057,40,872.0
1815.0,44,272.0,2.141732283464567,3.973820270526568,12,241.0,0.14698230908934226,11,215.0,0.27761976168508956,21,415.0,0.18266107239230855,44,871.0
1820.0,38,230.0,1.7829457364341086,4.201088126829906,12,252.0,0.18280242429521468,13,230.0,0.2504014651276291,13,380.0,0.2979193824966158,38,862.0
1825.0,34,249.0,1.8308823529411764,4.964242307093706,9,227.0,0.28327214902796316,12,245.0,0.20546908681213413,13,361.0,0.3318961430818219,34,833.0
1830.0,25,184.0,1.3529411764705883,4.8498718411669826,6,207.0,0.29281525450320156,12,271.0,0.23923913637492758,7,347.0,0.31696316134331753,25,825.0
1835.0,31,241.0,1.8396946564885497,5.009636211833567,9,205.0,0.2714614427393187,13,316.0,0.30725596661116694,9,331.0,0.3075357584801,31,852.0
1840.0,39,227.0,1.6940298507462686,4.241832372729723,15,234.0,0.20597330450112772,14,304.0,0.30428560822555273,10,327.0,0.22175334746224037,39,865.0
1845.0,40,258.0,1.9398496240601504,4.299090889100939,16,291.0,0.1972682874334456,12,190.0,0.32925576169065546,12,295.0,0.19204192975177306,40,776.0
1850.0,35,292.0,2.162962962962963,3.9187913390404883,18,365.0,0.1603121413860093,10,223.0,0.23990404370888832,7,277.0,0.18628827736738454,35,865.0
1855.0,40,260.0,1.8571428571428572,4.060230467176067,15,371.0,0.22317895795857348,13,236.0,0.1684847806284319,12,282.0,0.21530545710600318,40,889.0
1860.0,27,143.0,1.0514705882352942,4.179790873990612,9,299.0,0.3078936077017564,7,226.0,0.1571485671597347,11,293.0,0.2074492943033124,27,818.0
1865.0,31,97.0,0.7461538461538462,3.6070097583877296,9,322.0,0.2594906014129787,11,186.0,0.1850828882572918,11,268.0,0.15755238932978766,31,776.0
1870.0,34,114.0,0.8571428571428571,3.186623811091599,13,355.0,0.1798050882517846,10,210.0,0.20001202715640126,11,285.0,0.13409557826547414,34,850.0
1875.0,38,136.0,1.0225563909774436,3.3815917114467986,16,354.0,0.16966868865946147,11,203.0,0.18518973216891874,11,276.0,0.20284104613861048,38,833.0
1880.0,34,161.0,1.1925925925925926,3.591502584064734,11,290.0,0.23084938342718725,8,203.0,0.15176050286728374,15,315.0,0.18230123479070656,34,808.0
1885.0,37,235.0,1.7938931297709924,3.403321000759266,8,298.0,0.23068424098748538,9,194.0,0.16315048372031135,20,385.0,0.1456751338002069,37,877.0
1890.0,44,248.0,1.8507462686567164,2.9855435819769585,13,309.0,0.15665209157019397,9,187.0,0.19746489266803557,22,419.0,0.1373532280602547,44,915.0
1895.0,46,192.0,1.381294964028777,3.2644805314905527,15,300.0,0.1608119748622515,8,170.0,0.2523004375994701,23,399.0,0.14608813320507183,46,869.0
1900.0,33,176.0,1.2394366197183098,3.7208879503458325,8,245.0,0.21007316626813732,4,155.0,0.23199881915242485,21,349.0,0.10471735768223596,33,749.0
1905.0,30,151.0,1.0785714285714285,3.7659185239177533,4,217.0,0.21087298960663775,6,164.0,0.18159740797460755,20,405.0,0.1630285772662876,30,786.0
1910.0,39,172.0,1.2740740740740741,3.6786007075351987,11,215.0,0.1606631249255467,13,197.0,0.17235484944328258,15,450.0,0.19636662147124823,39,862.0
1915.0,40,203.0,1.5037037037037038,3.284662074412729,10,215.0,0.12128088364541995,15,225.0,0.14003223500293804,15,485.0,0.17755657317978246,40,925.0
1920.0,35,161.0,1.2105263157894737,3.373914524497925,8,166.0,0.17555449104852433,13,199.0,0.12925115982649846,14,489.0,0.20707573096346688,35,854.0
1925.0,32,143.0,1.0671641791044777,3.81916615766777,8,156.0,0.21465433843664758,11,245.0,0.18038992840671558,13,457.0,0.20610977625336838,32,858.0
1930.0,35,154.0,1.1323529411764706,3.747311473453023,9,155.0,0.2149849900385197,10,282.0,0.1937458745838474,16,421.0,0.19586504675238545,35,858.0
1935.0,33,130.0,0.9558823529411765,3.2294625229746003,12,159.0,0.1325549456422008,10,284.0,0.1987265346037186,11,436.0,0.176673293631782,33,879.0
1940.0,35,117.0,0.841726618705036,3.432476280700921,12,196.0,0.1744512514826923,11,247.0,0.17056597462249493,12,454.0,0.20933878795292246,35,897.0
1945.0,31,136.0,0.9645390070921985,3.590255803240974,9,198.0,0.19584912279373956,8,256.0,0.14270641880527668,14,475.0,0.17008103125609256,31,929.0
1950.0,35,151.0,1.0863309352517985,3.4117902268316005,11,215.0,0.17061003238552244,11,283.0,0.1638606067551034,13,483.0,0.18807902751628605,35,981.0
1955.0,43,194.0,1.4264705882352942,3.3668078914478476,11,227.0,0.15834225684449565,16,321.0,0.2694194652040524,16,402.0,0.13078545077413178,43,950.0
1960.0,41,202.0,1.4428571428571428,3.4630844900416324,12,237.0,0.144927850452141,16,338.0,0.2184935992394058,13,341.0,0.1840004002926085,41,916.0
1965.0,35,139.0,0.9788732394366197,3.3326238540072084,7,232.0,0.179016664217139,17,314.0,0.11020881371386179,11,373.0,0.22217995744533053,35,919.0
1970.0,39,135.0,0.9507042253521126,3.4721072747117323,9,249.0,0.19712740273990365,15,345.0,0.12783355128776885,15,396.0,0.20586097701051964,39,990.0
1975.0,37,178.0,1.3088235294117647,3.597784939325186,12,257.0,0.16429127768080265,10,367.0,0.23285401723878574,15,426.0,0.1612769427406023,37,1050.0
1980.0,37,161.0,1.1925925925925926,2.849938938101886,11,287.0,0.14462588475128788,10,347.0,0.16259247191496978,16,434.0,0.15518628320714836,37,1068.0
1985.0,36,132.0,0.9635036496350365,3.349002335576411,10,281.0,0.19391297936152188,10,297.0,0.18435433792809178,16,378.0,0.194597712771671,36,956.0
1990.0,33,174.0,1.2517985611510791,3.8836926793858546,9,285.0,0.23469685481509978,12,251.0,0.20335859650893698,12,305.0,0.26733848996113335,33,841.0
1995.0,40,284.0,2.0,3.986010950236115,11,253.0,0.25436777052316734,14,269.0,0.2383142612534187,15,279.0,0.24809343715298804,40,801.0
2000.0,41,330.0,2.26027397260274,3.8247670497799753,10,267.0,0.24171565737083223,17,284.0,0.23692889868397238,14,317.0,0.24282866031624364,41,868.0
2005.0,39,278.0,1.9172413793103449,4.1805561378474145,13,246.0,0.18851829589452812,13,300.0,0.2716268654962796,13,327.0,0.2554551173194014,39,873.0
2010.0,34,198.0,1.4042553191489362,4.02864440686642,14,287.0,0.1683051900572854,11,261.0,0.24575479808847975,9,337.0,0.1760315686921459,34,885.0
2015.0,41,205.0,1.5769230769230769,3.4552965959848,17,325.0,0.13840958882086246,14,248.0,0.16309535273629083,10,309.0,0.15408740539866075,41,882.0
2020.0,46,230.0,1.7692307692307692,3.7319241553805482,17,323.0,0.1252573477671124,15,265.0,0.2280151124653655,14,296.0,0.17343322065881328,46,884.0
2025.0,40,264.0,1.9849624060150375,4.58774613165283,16,290.0,0.21105191732483086,11,254.0,0.28349461685466215,13,325.0,0.2871053816480816,40,869.0
2030.0,36,215.0,1.6044776119402986,4.364366254574896,12,316.0,0.24080415030506555,13,251.0,0.2663479869827801,11,328.0,0.2784861773723446,36,895.0
2035.0,37,228.0,1.7014925373134329,4.711749280605309,12,303.0,0.23913428012515128,14,274.0,0.2456248165014456,11,310.0,0.2782773863927056,37,887.0
2040.0,32,181.0,1.3923076923076922,4.174793012029559,11,322.0,0.1889034356972229,8,264.0,0.2666336176074961,13,291.0,0.24770569946510185,32,877.0
2045.0,38,160.0,1.28,3.4231725429027393,14,295.0,0.15715200205102012,11,218.0,0.25245829119392404,13,322.0,0.1801128238386668,38,835.0
2050.0,35,98.0,0.7538461538461538,3.4091465309304803,11,313.0,0.14064172304492104,9,209.0,0.2620459961966543,15,303.0,0.1341929833435678,35,825.0
2055.0,31,101.0,0.753731343283582,3.7068543433051926,11,311.0,0.19865500178890677,8,201.0,0.2015491498758972,12,330.0,0.21308973212609003,31,842.0
2060.0,28,101.0,0.7318840579710145,3.624150274627116,12,320.0,0.154620015283061,4,179.0,0.21964506272072984,12,320.0,0.20373278043912701,28,819.0
2065.0,35,122.0,0.9037037037037037,3.1089555078428432,13,294.0,0.11363493174044194,8,150.0,0.2365901420447442,14,337.0,0.13292619923863053,35,781.0
2070.0,35,152.0,1.1428571428571428,3.358146955587194,13,263.0,0.13642717648562364,10,168.0,0.2893057951947158,12,317.0,0.13533343534548437,35,748.0
2075.0,28,124.0,0.8985507246376812,3.8368116288527654,11,286.0,0.22267543866036177,9,152.0,0.31883435799571885,8,302.0,0.19684339128324585,28,740.0
2080.0,31,170.0,1.2056737588652482,4.273043436576849,10,279.0,0.24122217850657646,11,166.0,0.19739382605418027,10,286.0,0.23874163016739097,31,731.0
2085.0,39,291.0,2.1555555555555554,4.380800607624151,12,301.0,0.2234594684083352,14,212.0,0.27582822191326223,13,313.0,0.18598832107969093,39,826.0
2090.0,41,252.0,1.984251968503937,3.4313721763144973,15,313.0,0.20687964108131188,11,214.0,0.20282441923574704,15,333.0,0.16356484121616477,41,860.0
2095.0,37,179.0,1.4793388429752066,3.395918888570891,15,268.0,0.14789031340584183,9,171.0,0.34077151846829123,13,301.0,0.14170912160344729,37,740.0
2100.0,37,156.0,1.2093023255813953,4.304326598961948,18,266.0,0.15291571156449985,3,161.0,0.40203423347296563,16,283.0,0.1762490683903165,37,710.0
2105.0,38,179.0,1.3458646616541354,4.446399967861612,18,294.0,0.23162070921971906,7,163.0,0.4174613061363048,13,322.0,0.20313756916724104,38,779.0
2110.0,35,216.0,1.588235294117647,4.583160926793945,17,308.0,0.2441810860645748,4,141.0,0.38170242154771394,14,351.0,0.19037306790160338,35,800.0
2115.0,26,158.0,1.196969696969697,4.285629789580241,10,322.0,0.2638759785445598,6,105.0,0.3084653021005979,10,351.0,0.15978972028379848,26,778.0
2120.0,27,107.0,0.8106060606060606,4.134412544404144,12,294.0,0.2581127170063766,5,128.0,0.29444958602202115,10,287.0,0.13501699482784218,27,709.0
2125.0,30,117.0,0.8931297709923665,3.9670491398554706,11,321.0,0.18881961022762977,7,141.0,0.2707577238572626,12,288.0,0.22601991958526912,30,750.0
2130.0,33,165.0,1.2313432835820894,4.416064071248988,12,322.0,0.2036379167578769,8,138.0,0.333339586240036,13,272.0,0.23759032321848664,33,732.0
2135.0,29,115.0,0.8394160583941606,4.345675560254421,9,298.0,0.18637082234202942,7,76.0,0.3576219054774259,13,283.0,0.21671563413514883,29,657.0
2140.0,26,123.0,0.8978102189781022,4.777082776356597,8,259.0,0.18448941136263033,8,68.0,0.27856909363948745,10,259.0,0.19779394525094215,26,586.0
2145.0,33,191.0,1.4806201550387597,4.288463867357315,7,269.0,0.15347453216461596,14,111.0,0.1791838319117506,12,269.0,0.19455472242322694,33,649.0
2150.0,38,206.0,1.7166666666666666,3.586276302986043,8,245.0,0.145164385420044,13,152.0,0.21267922025899216,17,287.0,0.1377034235778712,38,684.0
2155.0,32,182.0,1.5689655172413792,4.159360494887242,10,230.0,0.21226542475982207,8,134.0,0.3415235315308904,14,267.0,0.1986151941589314,32,631.0
2160.0,36,256.0,2.048,5.153614739501788,14,267.0,0.2733485521063958,7,126.0,0.3992378914512365,15,272.0,0.25478609682875947,36,665.0
2165.0,33,234.0,1.7727272727272727,4.811752787533141,11,259.0,0.28830166392294293,9,113.0,0.3573062188466519,13,299.0,0.22908819909944336,33,671.0
2170.0,34,169.0,1.2706766917293233,4.444868930555524,9,215.0,0.2708600675113792,10,120.0,0.23431602731663848,15,293.0,0.20942038457688483,34,628.0
2175.0,25,91.0,0.7109375,4.3028420718796285,5,204.0,0.2741120452478521,10,127.0,0.2130705354511554,10,323.0,0.15678057152416197,25,654.0
2180.0,30,142.0,1.2033898305084745,4.036355520215152,6,209.0,0.23577784697675913,12,153.0,0.2768189304621601,12,305.0,0.15179586725741218,30,667.0
2185.0,33,154.0,1.232,3.729857856087353,9,225.0,0.23036783736734062,12,173.0,0.27326898885176365,12,328.0,0.1301064002980375,33,726.0
2190.0,32,176.0,1.375,4.051480092128504,10,266.0,0.27896069780075305,10,164.0,0.1978674221731405,12,307.0,0.1801496908060276,32,737.0
2195.0,37,220.0,1.6923076923076923,3.7896799831177788,15,325.0,0.28767200206858834,10,184.0,0.22180812268756248,12,324.0,0.14467864121991664,37,833.0
2200.0,33,217.0,1.6953125,3.7013598468645728,12,321.0,0.2691722987963582,11,202.0,0.22074572377472135,10,309.0,0.1523158810695855,33,832.0
2205.0,32,197.0,1.5511811023622046,4.001799852029188,10,261.0,0.26008660932893485,14,239.0,0.23605046535460378,8,293.0,0.1507541824426625,32,793.0
2210.0,41,284.0,2.236220472440945,4.049567549427652,11,199.0,0.24616032011361455,18,309.0,0.15672530670325344,12,287.0,0.12007896419972035,41,795.0
2215.0,46,320.0,2.622950819672131,3.1214255545919047,11,226.0,0.19935273765267303,20,350.0,0.10233735730481355,15,311.0,0.12771077682857873,46,887.0
2220.0,43,253.0,2.090909090909091,3.4881484851030264,12,240.0,0.24376310165051387,16,285.0,0.17145144198403242,15,334.0,0.19909897164222928,43,859.0
2225.0,38,213.0,1.704,4.098638982081927,13,268.0,0.29086385965137834,14,284.0,0.26009007820023095,11,302.0,0.22125666156481613,38,854.0
2230.0,43,263.0,2.0076335877862594,3.9677558856574744,16,322.0,0.26235391914731004,15,253.0,0.21786937447772675,12,302.0,0.2188703121058193,43,877.0
2235.0,42,227.0,1.6814814814814816,3.6998402562068096,17,332.0,0.21770404535734814,10,298.0,0.267065120033522,15,328.0,0.16866722073474344,42,958.0
2240.0,34,158.0,1.161764705882353,3.7848464175967953,13,298.0,0.1985269927235059,10,312.0,0.2262471616490588,11,338.0,0.1354251513455822,34,948.0
2245.0,32,160.0,1.2698412698412698,3.451099271288103,13,266.0,0.17655759880938407,9,325.0,0.21676516262303872,10,298.0,0.12342212846213416,32,889.0
2250.0,38,269.0,2.1693548387096775,3.8778978084130467,18,323.0,0.21895469741165213,8,280.0,0.22244146375827467,12,266.0,0.19740462836431896,38,869.0
2255.0,35,254.0,2.032,4.122408140357334,17,350.0,0.2167821029191196,9,250.0,0.22774959272371564,9,279.0,0.23182596174558812,35,879.0
2260.0,34,178.0,1.424,3.8446024903952134,13,327.0,0.1869958679099284,10,259.0,0.27445526246336993,11,275.0,0.19689914822526827,34,861.0
2265.0,40,186.0,1.453125,4.095289200159593,17,287.0,0.19964366601701986,13,262.0,0.257385211913949,10,266.0,0.18190527506178575,40,815.0
2270.0,34,136.0,1.088,3.723228367542258,15,331.0,0.16953157900675003,11,287.0,0.24203864936734257,8,217.0,0.16046993646819288,34,835.0
2275.0,30,138.0,1.104,4.159906548907639,13,351.0,0.1858342584055116,11,275.0,0.20278392262936376,6,208.0,0.23161062998317905,30,834.0
2280.0,27,186.0,1.5,4.580249124026431,12,391.0,0.2586978097173116,11,270.0,0.18994894570084317,4,203.0,0.25325273498303125,27,864.0
2285.0,29,212.0,1.7666666666666666,4.357937284203573,9,393.0,0.27211511762982865,14,308.0,0.23429845611842898,6,175.0,0.25971315184824006,29,876.0
2290.0,32,171.0,1.4741379310344827,3.8493791494674743,12,350.0,0.21236466960429667,10,301.0,0.31060709212992205,10,188.0,0.19920534165689285,32,839.0
2295.0,29,158.0,1.3504273504273505,4.360619538146937,13,307.0,0.23036845682979776,10,230.0,0.2686294646041348,6,167.0,0.1746688903493004,29,704.0
2300.0,25,82.0,0.6949152542372882,4.174871117932391,14,347.0,0.1966767610628941,8,256.0,0.3206999267559652,3,133.0,0.1819507450116556,25,736.0
2305.0,28,111.0,0.9327731092436975,4.055556930976053,15,387.0,0.1655737038888512,6,256.0,0.22065814351159813,7,140.0,0.2059847192333422,28,783.0
2310.0,25,85.0,0.7589285714285714,3.1650107271474943,10,402.0,0.19987748731408628,7,239.0,0.14096889694549106,8,146.0,0.18007352201414856,25,787.0
2315.0,22,72.0,0.631578947368421,3.7440182458623408,7,346.0,0.20945201746043168,9,198.0,0.18799746451286642,6,117.0,0.18810225498616387,22,661.0
2320.0,22,103.0,0.8956521739130435,4.593943202776208,8,284.0,0.21428542184648902,9,227.0,0.36391624403553163,5,74.0,0.21901312693694375,22,585.0
2325.0,22,157.0,1.3083333333333333,5.07637751429108,11,282.0,0.24237788056722387,5,218.0,0.40620509084441914,6,76.0,0.29459448014765655,22,576.0
2330.0,29,253.0,2.0737704918032787,5.009934844384453,16,291.0,0.2458015081143705,6,191.0,0.3410717872573898,7,83.0,0.3208682535503989,29,565.0
2335.0,27,180.0,1.4173228346456692,4.851990671685453,12,304.0,0.26253591266221155,12,162.0,0.21722633500343388,3,72.0,0.3718180278766161,27,538.0
2340.0,23,116.0,0.9586776859504132,5.376694469842752,9,278.0,0.3207991977674334,7,155.0,0.19355505975263873,7,50.0,0.3647113224255054,23,483.0
2345.0,30,99.0,0.8461538461538461,4.4488884017404775,11,241.0,0.30492264836151695,10,146.0,0.14884524030001395,9,76.0,0.24197403873526632,30,463.0
2350.0,26,127.0,1.1140350877192982,4.303429321177086,10,256.0,0.2900189899024954,9,164.0,0.23329700901421055,7,80.0,0.26057613454854855,26,500.0
2355.0,26,129.0,1.1025641025641026,4.456007345934134,11,238.0,0.23162427156204976,8,165.0,0.2902550716866044,7,83.0,0.33601301923375365,26,486.0
2360.0,35,140.0,1.1764705882352942,4.144449733264124,17,267.0,0.20521171906448718,11,151.0,0.24037184050250704,7,68.0,0.26483477869914007,35,486.0
2365.0,36,137.0,1.113821138211382,3.8967268897688863,16,291.0,0.16113773847972943,10,187.0,0.16850974055091184,10,74.0,0.2928749647711327,36,552.0
2370.0,31,125.0,1.0330578512396693,3.9348289509097594,12,279.0,0.21996302897120024,9,200.0,0.18519130736940578,10,100.0,0.2537465480002964,31,579.0
2375.0,29,97.0,0.8290598290598291,3.83344001142996,9,269.0,0.20890816461266204,9,205.0,0.187869146364936,11,108.0,0.25013800227610883,29,582.0
2380.0,28,111.0,0.9487179487179487,3.935467875958775,10,253.0,0.19206680476300117,11,209.0,0.2060900615428135,7,105.0,0.24023957117627734,28,567.0
2385.0,27,102.0,0.8360655737704918,4.033350222804582,9,233.0,0.19189065938506247,11,239.0,0.21480676937438212,7,111.0,0.26285609071846017,27,583.0
2390.0,26,143.0,1.125984251968504,4.8071317772431374,12,254.0,0.2524058129319827,8,229.0,0.23031570605800938,6,109.0,0.3076154851894879,26,592.0
2395.0,40,294.0,2.352,4.812939565332489,15,290.0,0.23963506616462973,11,217.0,0.19491839453479984,14,150.0,0.28440049017168956,40,657.0
2400.0,46,373.0,3.1610169491525424,3.686308439607254,17,336.0,0.29530059333034164,11,229.0,0.23922086482326252,18,193.0,0.15422001173340918,46,758.0
2405.0,42,429.0,3.6050420168067228,4.270428673749444,16,400.0,0.3275648426264507,11,223.0,0.2727936722173668,15,198.0,0.1887514739743201,42,821.0
2410.0,34,314.0,2.532258064516129,4.14718869430545,13,376.0,0.25295631250800377,9,252.0,0.2273563084650295,12,184.0,0.2396459689672538,34,812.0
2415.0,31,244.0,1.983739837398374,4.433180758841158,10,299.0,0.30640280983003976,10,252.0,0.16887842487950425,11,194.0,0.3269574173720029,31,745.0
2420.0,25,164.0,1.3333333333333333,4.1128890221036025,4,303.0,0.2714348506800461,10,262.0,0.11239586587600048,11,189.0,0.32391627934389017,25,754.0
2425.0,30,243.0,2.0082644628099175,4.104914780555386,7,305.0,0.2431820243677575,12,246.0,0.1346055103462659,11,218.0,0.33125855169840895,30,769.0
2430.0,23,135.0,1.0714285714285714,3.562611091579706,9,288.0,0.148995389949889,8,241.0,0.1489915620773749,6,205.0,0.2695509127706764,23,734.0
2435.0,26,92.0,0.7301587301587301,3.8179772289073735,10,257.0,0.22369324101092591,8,216.0,0.13649462631123047,8,158.0,0.25237409860124094,26,631.0
2440.0,26,120.0,0.9836065573770492,3.7563306918253043,6,271.0,0.24841971408299673,8,212.0,0.1544313700597267,12,142.0,0.22697613179793638,26,625.0
2445.0,37,210.0,1.7355371900826446,3.791946083842408,9,262.0,0.20936810695865563,11,216.0,0.13967005608387434,17,185.0,0.1659797078304034,37,663.0
2450.0,46,393.0,3.330508474576271,3.552885364607103,12,284.0,0.222266989295231,14,238.0,0.14506783230659326,20,278.0,0.07479038633881832,46,800.0
2455.0,48,413.0,3.560344827586207,2.709688094923976,13,329.0,0.19382660897769746,18,267.0,0.11226744998664658,17,317.0,0.10737257091738298,48,913.0
2460.0,34,284.0,2.4482758620689653,3.3895230949917026,8,315.0,0.25846863036284184,16,264.0,0.1431345071149514,10,251.0,0.26635037307992426,34,830.0
2465.0,33,208.0,1.7333333333333334,3.8148591163563523,5,340.0,0.2784353962344901,18,254.0,0.11385035745812355,10,298.0,0.31881083630802515,33,892.0
2470.0,38,166.0,1.3070866141732282,3.5770787240202266,7,369.0,0.2211834500624124,16,299.0,0.16770095440980476,15,356.0,0.21393869634663418,38,1024.0
2475.0,38,161.0,1.2777777777777777,3.376254625204379,17,432.0,0.1751470756668646,10,329.0,0.18991496736683666,11,354.0,0.16759841635118006,38,1115.0
2480.0,36,208.0,1.6774193548387097,3.1315027959370854,18,446.0,0.07604463795409405,14,357.0,0.1815031566899889,4,287.0,0.202478579958479,36,1090.0
2485.0,42,289.0,2.3688524590163933,3.3241417430842906,22,415.0,0.07057829783797907,15,386.0,0.14009694118067878,5,239.0,0.23633876532659198,42,1040.0
2490.0,38,280.0,2.3140495867768593,3.610247520723226,19,481.0,0.14476562099812404,14,366.0,0.14696993651183587,5,212.0,0.2890127642501871,38,1059.0
2495.0,34,241.0,2.0083333333333333,4.013402695132021,18,471.0,0.19555585366784137,13,317.0,0.19080559378660414,3,207.0,0.29057063886016415,34,995.0
2500.0,35,263.0,2.138211382113821,4.807530120345162,18,514.0,0.26196742844125803,11,276.0,0.24984985980332028,6,204.0,0.32221613448538405,35,994.0
2505.0,33,217.0,1.8083333333333333,4.593791870766864,18,518.0,0.23280589044541197,9,263.0,0.3144510642535604,6,198.0,0.28699052458727353,33,979.0
2510.0,25,127.0,1.0948275862068966,4.773421079723922,16,510.0,0.22634745170614026,2,227.0,0.41171280164208895,7,171.0,0.22740903836632576,25,908.0
2515.0,23,108.0,0.9473684210526315,4.464504905996083,8,533.0,0.168827372074026,8,205.0,0.35210039533716525,7,158.0,0.22244909966317017,23,896.0
2520.0,24,144.0,1.2857142857142858,4.383872461696577,9,507.0,0.1690593930376643,7,203.0,0.27901621936484156,8,161.0,0.2526797543639493,24,871.0
2525.0,20,84.0,0.7304347826086957,3.7871053392300964,12,488.0,0.172928516863746,4,160.0,0.22239011785707302,4,152.0,0.2412211743710736,20,800.0
2530.0,22,81.0,0.7105263157894737,4.224782467910332,11,458.0,0.1897874889321374,3,90.0,0.21560750308892507,8,105.0,0.26309642323935395,22,653.0
2535.0,16,68.0,0.6126126126126126,4.442716260068563,10,466.0,0.19183655530382,1,53.0,0.3416972777345167,5,104.0,0.33841122777592053,16,623.0
2540.0,17,78.0,0.7428571428571429,5.072408461476302,9,404.0,0.19745003309444928,2,45.0,0.6136155532424955,6,88.0,0.34288166925884966,17,537.0
2545.0,19,71.0,0.6339285714285714,4.58658270497253,11,384.0,0.1700507136137246,1,28.0,0.5058290589915135,7,96.0,0.25118832288347515,19,508.0
2550.0,29,160.0,1.3445378151260505,4.57371687969821,12,373.0,0.20191645313639964,7,40.0,0.32197335642398417,10,116.0,0.17972509444958534,29,529.0
2555.0,26,126.0,1.0956521739130434,3.7732677106948933,7,333.0,0.24243223938823844,7,59.0,0.18674126277223402,12,133.0,0.12800415035884008,26,525.0
2560.0,18,69.0,0.6160714285714286,4.731938492748676,7,293.0,0.30105463338655,4,49.0,0.23695244574333568,7,121.0,0.22451274732930723,18,463.0
2565.0,23,94.0,0.8545454545454545,5.284398456333017,10,300.0,0.24695910068968324,4,47.0,0.42112973125253456,9,104.0,0.2832541863654211,23,451.0
2570.0,23,144.0,1.3211009174311927,5.488912963849247,12,283.0,0.2141953098644101,3,49.0,0.6410402215769653,8,114.0,0.3165610623628831,23,446.0
2575.0,21,227.0,1.9912280701754386,6.001653009909115,10,262.0,0.21840001133937742,3,57.0,0.6669093160408991,8,129.0,0.34388125819346543,21,448.0
2580.0,22,267.0,2.3628318584070795,6.208439817108627,9,271.0,0.2285540390701094,1,24.0,0.5917965635716381,12,167.0,0.33387754376214795,22,462.0
2585.0,25,160.0,1.391304347826087,5.511732160319539,9,249.0,0.26055903776028283,8,32.0,0.36665245696932286,8,166.0,0.32468421362557837,25,447.0
2590.0,29,140.0,1.2727272727272727,5.23749126811776,8,143.0,0.3041392489103884,14,85.0,0.09316794355068636,7,115.0,0.2788941878623702,29,343.0
2595.0,44,283.0,2.8585858585858586,3.6782149602675593,14,130.0,0.20172125534189747,20,167.0,0.03252672839051622,10,145.0,0.1380304422268089,44,442.0
2600.0,43,375.0,4.1208791208791204,2.627463487496764,14,167.0,0.08232223739883983,22,276.0,0.11814214715061995,7,153.0,0.18343964874627952,43,596.0
2605.0,43,446.0,4.795698924731183,3.5212995128490436,16,175.0,0.14774235966951754,22,388.0,0.194240783500177,5,126.0,0.21023196716579381,43,689.0
2610.0,36,414.0,4.3125,4.274490731352999,9,168.0,0.2362215185538816,19,434.0,0.13372196504172326,8,115.0,0.22665084128484728,36,717.0
2615.0,26,246.0,2.510204081632653,4.991350783192487,7,161.0,0.36977853769578306,13,403.0,0.1609105688953862,6,107.0,0.2813815592788977,26,671.0
2620.0,20,167.0,1.7395833333333333,6.891381305291474,8,171.0,0.4514660102160262,8,299.0,0.3586799166942094,4,75.0,0.4338112031856946,20,545.0
2625.0,13,93.0,0.96875,6.694260846396752,6,154.0,0.4649582340290665,4,203.0,0.354092779269974,3,51.0,0.42972591078420896,13,408.0
2630.0,14,66.0,0.6875,7.1379092106805855,7,131.0,0.32002156020451733,2,123.0,0.4891772206428204,5,57.0,0.4891778022527367,14,311.0
2635.0,16,73.0,0.7849462365591398,6.013470123796832,9,143.0,0.1819966665420488,4,101.0,0.4127448414123495,3,67.0,0.5433845494100429,16,311.0
2640.0,23,116.0,1.2210526315789474,5.824121189892514,7,136.0,0.1335032998923431,10,127.0,0.40181120861190556,6,76.0,0.4474614486969961,23,339.0
2645.0,17,86.0,0.9052631578947369,5.744429895975516,5,139.0,0.30912569759071573,11,138.0,0.25694926558731046,1,25.0,0.39129839712598424,17,302.0
2650.0,23,127.0,1.3229166666666667,6.0866873932004895,5,148.0,0.49270931381543887,10,121.0,0.19995956087547534,8,34.0,0.30873808262091235,23,303.0
2655.0,20,159.0,1.7472527472527473,6.283707049183229,7,172.0,0.5190610581348156,7,101.0,0.2275213783394438,6,54.0,0.34726670308048846,20,327.0
2660.0,18,193.0,2.218390804597701,6.433682071445522,9,207.0,0.4647097899413749,4,100.0,0.34519563496511735,5,47.0,0.3651346261174697,18,354.0
2665.0,11,147.0,1.6333333333333333,7.41839404956191,3,173.0,0.5408484163557843,4,91.0,0.3730376129086069,4,45.0,0.4594735407684241,11,309.0
2670.0,9,43.0,0.4777777777777778,7.4285517973200665,2,80.0,0.5038524200901535,3,65.0,0.4012027365854053,4,51.0,0.5082556533175698,9,196.0
2675.0,15,91.0,1.0224719101123596,6.463409782081616,2,88.0,0.308195952594953,9,64.0,0.2921345978583819,4,61.0,0.458765278110779,15,213.0
2680.0,18,126.0,1.5555555555555556,5.4914649551401995,4,93.0,0.24428325094961473,8,88.0,0.274797154206783,6,85.0,0.3526591747223967,18,266.0
2685.0,22,180.0,2.1951219512195124,5.813871745150918,5,117.0,0.3562333853265815,8,82.0,0.2985478313380391,9,117.0,0.32567968662679253,22,316.0
2690.0,18,122.0,1.4698795180722892,6.142619262099893,6,142.0,0.5639744988155655,6,76.0,0.192197592867176,6,109.0,0.38827735562310683,18,327.0
2695.0,9,66.0,0.8148148148148148,7.151411638704482,1,84.0,0.6354475444258382,3,72.0,0.30761372165993234,5,52.0,0.42296527608739914,9,208.0
2700.0,10,73.0,0.9125,7.192435775873042,4,24.0,0.5344228118022731,3,71.0,0.4493411460081848,3,56.0,0.3724096951618497,10,151.0
2705.0,14,101.0,1.364864864864865,7.064996935167981,2,26.0,0.534168659523368,5,84.0,0.4995914872621409,7,66.0,0.3889724082913735,14,176.0
2710.0,14,169.0,2.1666666666666665,7.341928864760743,1,21.0,0.4459740815711374,5,106.0,0.5192198648628448,8,92.0,0.44232869475442527,14,219.0
2715.0,19,239.0,2.8117647058823527,7.260115940104306,3,9.0,0.40717221776604906,7,134.0,0.5276356209275709,9,132.0,0.4415952890208585,19,275.0
2720.0,16,97.0,1.0898876404494382,6.085598751968572,8,37.0,0.29407921529804526,3,87.0,0.4037882711293,5,116.0,0.367648099523526,16,240.0
2725.0,18,61.0,0.7093023255813954,5.030746120879661,7,55.0,0.2514906393068466,5,53.0,0.23858655626714356,6,64.0,0.29382488749192676,18,172.0
2730.0,27,138.0,1.6626506024096386,5.295895151317056,6,51.0,0.2389928113902644,10,64.0,0.2346822526874301,11,70.0,0.23187895411116646,27,185.0
2735.0,25,172.0,2.263157894736842,4.598541870916079,4,53.0,0.2552679487203505,12,121.0,0.3178168391056924,9,95.0,0.1550217072306078,25,269.0
2740.0,26,214.0,2.779220779220779,5.245013669614332,8,81.0,0.24623103637828211,13,184.0,0.22560827253725643,5,68.0,0.3365082192493679,26,333.0
2745.0,25,190.0,2.4675324675324677,4.678309317876875,13,132.0,0.22808277549043185,8,196.0,0.1620770457934653,4,68.0,0.3307925184760648,25,396.0
2750.0,22,120.0,1.5789473684210527,4.911041450889009,12,166.0,0.22108879557326963,2,137.0,0.22903483557662785,8,83.0,0.33869496433584895,22,386.0
2755.0,12,49.0,0.6621621621621622,6.331558247626901,6,154.0,0.30330047963015133,0,52.0,0.6350587130799551,6,88.0,0.397884774789771,12,294.0
2760.0,12,47.0,0.6025641025641025,6.865059037768397,4,102.0,0.36912176481390063,1,7.0,0.7137598656908075,7,65.0,0.377099310786532,12,174.0
2765.0,11,83.0,1.0246913580246915,7.8732182368897305,2,77.0,0.4127673594647475,2,15.0,0.7014158887216666,7,66.0,0.4560082768520065,11,158.0
2770.0,14,145.0,1.7682926829268293,7.9955552529334195,2,62.0,0.45506161315414867,5,31.0,0.6269149110409079,7,93.0,0.4755016523416044,14,186.0
2775.0,16,223.0,2.6547619047619047,8.304102613160545,3,52.0,0.48043698542078345,5,54.0,0.6278526225858677,8,129.0,0.49033292906443326,16,235.0
2780.0,20,310.0,3.6904761904761907,8.304202035709274,4,58.0,0.5734841192493186,6,81.0,0.5633462464982028,10,173.0,0.511151930502052,20,312.0
2785.0,25,413.0,4.916666666666667,7.84054193157916,6,78.0,0.5419254977105106,7,115.0,0.5151162086497788,12,221.0,0.43637643807221255,25,414.0
2790.0,22,343.0,3.942528735632184,7.305177132726404,6,103.0,0.5561873315427176,9,154.0,0.44987390015469053,7,200.0,0.3554204642644337,22,457.0
2795.0,15,218.0,2.5647058823529414,7.25102777124596,1,46.0,0.5093642605681722,8,194.0,0.45003111179604044,6,107.0,0.3504973933809128,15,347.0
2800.0,18,264.0,3.259259259259259,6.40117022395421,4,15.0,0.44799830958403236,10,237.0,0.19312623760869418,4,88.0,0.2963347058449424,18,340.0
2805.0,18,99.0,1.337837837837838,4.506887603566314,5,23.0,0.23716035490857604,6,191.0,0.2576884474625013,7,86.0,0.28193182190641086,18,300.0
2810.0,16,73.0,0.9733333333333334,6.3476801252801405,7,35.0,0.24432705109697278,3,93.0,0.5887813411329018,6,97.0,0.2932295214749817,16,225.0
2815.0,11,55.0,0.6875,7.163048422447534,5,54.0,0.29926555291971907,4,90.0,0.5844000881793033,2,57.0,0.4353285440558728,11,201.0
2820.0,15,106.0,1.358974358974359,8.159652438544535,5,71.0,0.4603569977498997,7,106.0,0.4785718146695854,3,31.0,0.5124280805112432,15,208.0
2825.0,16,163.0,2.263888888888889,7.19241537870799,5,90.0,0.5044959513913974,7,138.0,0.42393326102403794,4,33.0,0.3345322472218871,16,261.0
2830.0,18,234.0,3.4411764705882355,6.992017282166292,6,117.0,0.5471517995470458,7,173.0,0.44605854869477,5,41.0,0.3373878737694138,18,331.0
2835.0,19,318.0,4.47887323943662,7.274061139469635,6,144.0,0.4773513936866982,9,216.0,0.42236788841568856,4,46.0,0.43207768133135444,19,406.0
2840.0,12,270.0,3.8028169014084505,7.896674182381802,6,174.0,0.4525795107543032,3,174.0,0.5554157785548319,3,53.0,0.43999918558705897,12,401.0
2845.0,11,210.0,3.1343283582089554,7.9551210846862705,7,205.0,0.35556308282707977,2,34.0,0.5173283561815983,2,26.0,0.5209927963944785,11,265.0
2850.0,12,65.0,1.0,6.195458470165841,2,155.0,0.2106138038436292,3,40.0,0.23981870589683185,7,26.0,0.3195693890906686,12,221.0
2855.0,9,31.0,0.5344827586206896,6.844843169461783,3,54.0,0.4285269204920277,2,41.0,0.3980265936341633,4,37.0,0.353120489478321,9,132.0
2860.0,6,30.0,0.5882352941176471,7.887304615005951,1,52.0,0.6003843107082146,2,51.0,0.5635652871249587,3,30.0,0.42016869738669677,6,133.0
2865.0,10,64.0,1.2075471698113207,7.906914205101371,2,50.0,0.639942549934233,4,68.0,0.6524052241835304,4,33.0,0.30746023582615034,10,151.0
2870.0,6,57.0,1.0555555555555556,8.789920814183366,2,55.0,0.5691681861907086,0,39.0,0.7411007005369554,4,49.0,0.44725485509170604,6,143.0
2875.0,8,43.0,0.8269230769230769,8.475134279358718,5,71.0,0.34727317128104923,2,7.0,0.5949951664412532,1,42.0,0.589949812428721,8,120.0
2880.0,9,63.0,1.2115384615384615,7.13671905991664,5,96.0,0.439769943155562,1,8.0,0.45627321686105565,3,20.0,0.33341213686552196,9,124.0
2885.0,3,17.0,0.3269230769230769,7.641404037597933,1,37.0,0.6497687557639326,0,2.0,0.44072216284892374,2,17.0,0.3914424080463447,3,56.0
2890.0,3,9.0,0.2,9.32040137624116,2,17.0,0.60640352616766,1,6.0,0.6798828751151982,0,6.0,0.6345418710805393,3,29.0
2895.0,6,14.0,0.30434782608695654,8.091635033149823,3,23.0,0.40936500169420087,2,7.0,0.5809132233741152,1,4.0,0.5804617626194492,6,34.0
2900.0,9,41.0,0.8541666666666666,8.840802541428117,2,20.0,0.5153464813945723,3,23.0,0.6610110530481371,4,14.0,0.5403943487990253,9,57.0
2905.0,6,39.0,0.7959183673469388,8.453096247814512,1,23.0,0.557157313627908,3,16.0,0.4977549746903885,2,24.0,0.5683103686474165,6,63.0
2910.0,4,29.0,0.6041666666666666,9.187843228421897,2,34.0,0.5892778895392249,1,7.0,0.7149472775422973,1,5.0,0.46038763643642466,4,46.0
2915.0,9,59.0,1.3409090909090908,9.685119631264767,4,49.0,0.6714124160303657,1,11.0,0.7704142379039622,4,13.0,0.5414793885238018,9,73.0
2920.0,7,57.0,1.2127659574468086,8.029429096296521,3,62.0,0.5841169188957275,2,2.0,0.46133610006692644,2,15.0,0.4910423456758127,7,79.0
2925.0,10,88.0,1.872340425531915,8.539645122135317,5,82.0,0.4628538890400897,4,18.0,0.5594833784913046,1,4.0,0.6732691682674509,10,104.0
2930.0,9,105.0,2.142857142857143,8.159176209491555,4,102.0,0.45522407694143613,4,25.0,0.46363107253536684,1,1.0,0.663798949539398,9,128.0
2935.0,11,135.0,2.547169811320755,8.237419038331488,6,126.0,0.47648844104553856,4,35.0,0.45175271744625856,1,8.0,0.7012632441080147,11,169.0
2940.0,11,184.0,3.4716981132075473,8.656761958184825,6,153.0,0.4590597659517034,3,35.0,0.5663543353120737,2,15.0,0.7248490785537371,11,203.0
2945.0,12,242.0,4.481481481481482,8.773463970759096,7,186.0,0.42720108033719545,3,45.0,0.5823459545790948,2,23.0,0.7426775243808016,12,254.0
2950.0,14,249.0,4.527272727272727,7.5920893826076785,8,224.0,0.4253508796551571,3,19.0,0.5070354943641513,3,33.0,0.627842349992137,14,276.0
2955.0,13,76.0,1.3103448275862069,6.775222416828894,4,151.0,0.38331490302326454,6,27.0,0.3566208100469479,3,21.0,0.5271536929746061,13,199.0
2960.0,15,54.0,0.9310344827586207,5.867061584366452,3,58.0,0.3532734940679377,5,44.0,0.2897920708076824,7,29.0,0.24156506587544896,15,131.0
2965.0,13,80.0,1.4035087719298245,6.003402664635322,3,69.0,0.41104504016454824,1,20.0,0.33550036264492095,9,75.0,0.3578499456144987,13,164.0
2970.0,13,67.0,1.1551724137931034,6.310759403484318,3,69.0,0.5981626303551005,4,27.0,0.334209385391488,6,89.0,0.3498792366732035,13,185.0
2975.0,14,49.0,0.7903225806451613,6.523459934380717,3,52.0,0.4274355879675913,8,61.0,0.38017513309788,3,58.0,0.37761784838342277,14,171.0
2980.0,17,70.0,1.044776119402985,6.545946799179261,8,35.0,0.2583182741965166,5,70.0,0.38709229822014446,4,19.0,0.4198049994977357,17,124.0
2985.0,9,30.0,0.46153846153846156,6.898375477812624,6,53.0,0.35894679162812315,2,41.0,0.4328415757460618,1,15.0,0.4988673595832167,9,109.0
2990.0,11,46.0,0.7540983606557377,7.17510168262248,2,34.0,0.4538012136500476,2,25.0,0.43880000267201047,7,26.0,0.4423408987890466,11,85.0
2995.0,6,50.0,0.847457627118644,8.345813010834448,1,16.0,0.5995124351366732,3,34.0,0.6050566346017983,2,35.0,0.4611729509457338,6,85.0
3000.0,6,65.0,1.0483870967741935,8.556905740451837,1,15.0,0.6578434258421759,4,54.0,0.6474884893520505,1,12.0,0.37548080091794633,6,81.0
3005.0,3,21.0,0.3230769230769231,9.55200795135896,2,20.0,0.7273589659296146,0,19.0,0.6959117295400167,1,2.0,0.5295854576662105,3,41.0
3010.0,8,39.0,0.6,9.583593469018647,3,25.0,0.6155515308404187,2,8.0,0.5774559806258476,3,8.0,0.5734504790690751,8,41.0
3015.0,8,57.0,0.9344262295081968,8.586328034199038,1,30.0,0.683456069932452,3,16.0,0.4414748875922456,4,20.0,0.49679504736563707,8,66.0
3020.0,6,74.0,1.2542372881355932,8.168080833848245,2,35.0,0.692325443368812,1,16.0,0.4364167982733597,3,37.0,0.5046927045974389,6,88.0
3025.0,6,104.0,1.7333333333333334,8.737550544631112,2,45.0,0.6670559029317865,1,14.0,0.4719340849457102,3,52.0,0.6527560166645652,6,111.0
3030.0,8,86.0,1.6538461538461537,8.169333415829737,1,1.0,0.7363052238352951,2,15.0,0.4730290145845337,5,72.0,0.5476993580938838,8,88.0
3035.0,12,112.0,2.24,6.445939586299488,2,9.0,0.5050588431513863,3,7.0,0.3997340333335452,7,98.0,0.48671398657377946,12,114.0
3040.0,15,159.0,3.0576923076923075,5.31688567269285,2,9.0,0.30409375583418485,7,31.0,0.2780532425211715,6,128.0,0.34542735970698396,15,168.0
3045.0,13,177.0,3.2181818181818183,5.894386588385714,0,3.0,0.5314618590150315,6,51.0,0.23928562687890972,7,158.0,0.24909067775607152,13,212.0
3050.0,3,6.0,0.10344827586206896,8.445777066840215,0,2.0,0.7175623223940191,3,41.0,0.42811002909684753,0,96.0,0.53740740682637,3,139.0
3055.0,3,3.0,0.05172413793103448,9.126207048681255,1,2.0,0.7565326011622681,1,28.0,0.3713730046214961,1,4.0,0.6449842597265405,3,34.0
3060.0,2,6.0,0.10344827586206896,9.27194876293489,0,0.0,0.8010888072045252,1,22.0,0.45084867514875854,1,7.0,0.6039786483085413,2,29.0
3065.0,4,19.0,0.3275862068965517,9.412989384930658,1,0.0,0.6881966471167662,1,15.0,0.6939149351311846,2,11.0,0.5733294096995858,4,26.0
3070.0,9,43.0,0.7166666666666667,9.401482027730347,3,3.0,0.6241406501904236,2,16.0,0.6540724067251138,4,26.0,0.6389380213936944,9,45.0
3075.0,9,55.0,0.9322033898305084,8.551768165897977,3,12.0,0.5499101102571026,1,8.0,0.6155128062927304,5,42.0,0.5373959365852624,9,62.0
3080.0,13,107.0,1.8771929824561404,7.61808618889511,5,33.0,0.23465555685649886,3,14.0,0.4523779376629114,5,62.0,0.4992773215304381,13,109.0
3085.0,13,105.0,1.9811320754716981,6.4833950536409155,4,31.0,0.24326882476837713,4,25.0,0.3486187381106996,5,82.0,0.4781048273072846,13,138.0
3090.0,8,119.0,2.2884615384615383,7.097213661418032,3,22.0,0.45240501627168267,1,20.0,0.2864635553519485,4,104.0,0.42153188232096844,8,146.0
3095.0,6,45.0,0.9183673469387755,8.147292009024502,1,22.0,0.5614732184828404,3,25.0,0.40517117799427077,2,85.0,0.5976178604139749,6,132.0
3100.0,6,51.0,1.0851063829787233,9.01322563912357,3,30.0,0.6748174070951942,2,32.0,0.5935535748056677,1,30.0,0.6069727869986574,6,92.0
3105.0,7,73.0,1.4313725490196079,8.974975856961764,3,43.0,0.7032561263154309,2,42.0,0.6035721755968113,2,28.0,0.5634411042936646,7,113.0
3110.0,11,107.0,2.0980392156862746,8.795257934093485,3,58.0,0.5981160582270236,4,54.0,0.5788025885125885,4,30.0,0.5671826317651424,11,142.0
3115.0,7,79.0,1.462962962962963,9.519185392011629,4,73.0,0.5905797799328525,2,17.0,0.645840825059196,1,35.0,0.6903154949191799,7,125.0
3120.0,6,84.0,1.5849056603773586,9.147176262343239,3,88.0,0.48605121141072705,1,11.0,0.7144088236731105,2,2.0,0.4919679049819468,6,101.0
3125.0,10,115.0,2.3,7.429314338843725,4,108.0,0.41640724079562536,1,7.0,0.5116641338758571,5,17.0,0.3695432802756599,10,132.0
3130.0,15,171.0,3.42,7.668071486530227,5,128.0,0.4540643178730624,1,12.0,0.6494711608012179,9,50.0,0.4053055926836316,15,190.0
3135.0,9,167.0,3.7111111111111112,7.585652682694662,4,148.0,0.5449778921922246,1,15.0,0.6041048790327377,4,56.0,0.47479411782019715,9,219.0
3140.0,5,5.0,0.1,6.818721017348448,2,69.0,0.4422171007192702,2,5.0,0.5380191478667183,1,20.0,0.4784666857317377,5,94.0
3145.0,10,29.0,0.5370370370370371,7.8403786925445,4,9.0,0.4568787785497205,4,20.0,0.4752925710723796,2,4.0,0.5409222421230346,10,33.0
3150.0,8,23.0,0.41818181818181815,8.141325857246077,3,9.0,0.4217264307613919,4,33.0,0.48317779501108793,1,7.0,0.656946575048297,8,49.0
3155.0,7,35.0,0.6481481481481481,8.818465150121973,3,13.0,0.5113823303004914,2,24.0,0.6141703175512496,2,18.0,0.6528928269120621,7,55.0
3160.0,5,18.0,0.32142857142857145,8.740027559856962,4,14.0,0.45784393511541094,1,16.0,0.6685986542536005,0,9.0,0.6808200922902334,5,39.0
3165.0,10,53.0,0.9137931034482759,8.765660875918707,7,28.0,0.4406119555301101,1,19.0,0.691126624312892,2,11.0,0.5773452551888394,10,58.0
3170.0,7,13.0,0.25,6.872413050844798,3,31.0,0.4924789711588039,2,4.0,0.33218858758898934,2,14.0,0.46734182098125593,7,49.0
3175.0,6,24.0,0.4528301886792453,7.285261289701809,1,15.0,0.48821161219278614,4,24.0,0.37269339744898294,1,3.0,0.49612399567145,6,42.0
3180.0,4,21.0,0.40384615384615385,9.4872846138454,2,13.0,0.5531168369876897,2,30.0,0.6641843351169177,0,0.0,0.6030104761004346,4,43.0
3185.0,5,25.0,0.4716981132075472,9.52046746961316,3,25.0,0.5248201598629187,0,13.0,0.6850007519064311,2,4.0,0.6254542919734575,5,42.0
3190.0,2,11.0,0.21568627450980393,10.176556524763164,0,12.0,0.6857687959205008,1,4.0,0.6722662006311416,1,9.0,0.7871794614276068,2,25.0
3195.0,4,29.0,0.5471698113207547,10.014362233812275,2,10.0,0.5938302395224252,1,9.0,0.6751662096878638,1,12.0,0.6878665358064571,4,31.0
3200.0,3,34.0,0.7083333333333334,9.495479894893682,1,12.0,0.554542485217113,1,14.0,0.7232061447127348,1,17.0,0.7757050154057707,3,43.0
3205.0,4,42.0,0.875,8.891275985210628,1,4.0,0.5005323352288603,2,22.0,0.693699352465827,1,22.0,0.639453000515558,4,48.0
3210.0,3,6.0,0.11538461538461539,8.920184265067803,2,5.0,0.6041987888914525,0,6.0,0.5769116745836164,1,3.0,0.5979946252919152,3,14.0
3215.0,8,31.0,0.5636363636363636,8.890940235866205,1,10.0,0.707314725732547,3,11.0,0.6325576694289582,4,14.0,0.4030696508696537,8,35.0
3220.0,6,28.0,0.509090909090909,7.547092030815758,3,18.0,0.5298421140909636,0,12.0,0.5227383868584606,3,21.0,0.46155899368965037,6,51.0
3225.0,5,36.0,0.6545454545454545,8.891100839768544,3,34.0,0.6158512192910857,1,6.0,0.6760737479679101,1,17.0,0.5019885464034555,5,57.0
3230.0,7,62.0,1.1071428571428572,9.50883527581409,4,49.0,0.6048913496665677,1,11.0,0.7680947394949501,2,10.0,0.5892505584661641,7,70.0
3235.0,9,97.0,1.6724137931034482,9.405403042411542,4,64.0,0.5415612699480559,2,14.0,0.7474097254527559,3,19.0,0.6038018740204226,9,97.0
3240.0,7,56.0,0.9824561403508771,9.286218345943858,1,25.0,0.5738282318435394,1,19.0,0.8218867798133037,5,35.0,0.5564098258961109,7,79.0
3245.0,11,97.0,1.7321428571428572,8.709095104332414,6,18.0,0.45106145051918645,1,24.0,0.7428523177010155,4,55.0,0.5918449608164211,11,97.0
3250.0,7,111.0,2.018181818181818,8.038539800391446,1,21.0,0.5346287345644843,2,33.0,0.6215832112979304,4,75.0,0.4809240290095262,7,129.0
3255.0,11,104.0,1.8245614035087718,7.852373450827334,3,4.0,0.493373620111266,2,12.0,0.5380429483711057,6,100.0,0.4385563979624874,11,116.0
3260.0,13,156.0,2.736842105263158,7.918962848704967,2,9.0,0.5728429778913021,4,19.0,0.45248665752358924,7,130.0,0.3364022617270762,13,158.0
3265.0,6,43.0,0.7818181818181819,8.670200783420382,2,19.0,0.5339229887587473,2,28.0,0.5635374341155768,2,95.0,0.4844837529304148,6,142.0
3270.0,7,36.0,0.72,8.730647076592486,4,35.0,0.4953315290481006,0,11.0,0.685815839034073,3,17.0,0.41255295876438297,7,63.0
3275.0,5,52.0,1.1555555555555554,9.03513099153708,3,50.0,0.6313478406002839,0,0.0,0.6225498431700225,2,22.0,0.5626458993683714,5,72.0
3280.0,5,23.0,0.575,8.671960871340858,0,14.0,0.6400451810214262,1,4.0,0.6529064374753504,4,33.0,0.5276586441440861,5,51.0
3285.0,6,41.0,1.0,7.854840881871011,2,7.0,0.4422449852566405,1,2.0,0.5054299583148905,3,48.0,0.5852996961727291,6,57.0
3290.0,9,65.0,1.4772727272727273,6.708402014905607,1,10.0,0.34794391431428123,4,16.0,0.5200743826846791,4,63.0,0.4190822082223527,9,89.0
3295.0,5,10.0,0.22727272727272727,8.130823852593485,1,2.0,0.5399119306964637,2,23.0,0.6048208082178728,2,23.0,0.5395193485800112,5,48.0
3300.0,3,17.0,0.3695652173913043,10.304124016876425,1,7.0,0.7029868597951743,0,8.0,0.8581291984901059,2,12.0,0.5441913311850622,3,27.0
3305.0,3,2.0,0.0425531914893617,9.337775807736987,2,2.0,0.6542905850656023,0,2.0,0.788864976944481,1,4.0,0.5632340427634835,3,8.0
3310.0,3,11.0,0.25,9.740095788598317,2,9.0,0.614671445388619,1,4.0,0.7190306977469826,0,2.0,0.7067470629905513,3,15.0
3315.0,2,0.0,0.0,8.3251206343632,1,3.0,0.3626079990958902,0,2.0,0.6533832051656908,1,0.0,0.725664098016531,2,5.0
3320.0,5,9.0,0.20454545454545456,8.761709682656575,1,0.0,0.3662541815419495,2,10.0,0.7427028347921637,2,3.0,0.5626353657878178,5,13.0
3325.0,5,30.0,0.6521739130434783,8.87914899831864,0,0.0,0.6287974316777885,3,21.0,0.5461718385710185,2,13.0,0.5233423939728471,5,34.0
3330.0,3,23.0,0.48936170212765956,8.782557891493926,0,0.0,0.7746072598660357,0,15.0,0.48538359279805876,3,23.0,0.5436796603426894,3,38.0
3335.0,3,33.0,0.7021276595744681,9.294671299519091,1,2.0,0.6802395619071547,0,0.0,0.5472129019710814,2,35.0,0.6314160033027486,3,37.0
3340.0,4,51.0,1.186046511627907,10.146078937854638,1,7.0,0.7251800108986416,1,3.0,0.6418783913108594,2,45.0,0.7289407677179635,4,55.0
3345.0,4,22.0,0.55,9.078083456875996,3,16.0,0.5942678113757902,1,8.0,0.7310369723928934,0,2.0,0.7076406972737825,4,26.0
3350.0,8,29.0,0.6744186046511628,7.084212495073798,3,18.0,0.45088067252675684,1,13.0,0.6605298134359456,4,11.0,0.4349516444380919,8,42.0
3355.0,5,22.0,0.5,7.455423148306843,1,11.0,0.5498782502121125,1,20.0,0.7019800651183492,3,20.0,0.40562728674337184,5,51.0
3360.0,0,0.0,0.0,9.216703966152895,0,4.0,0.7063789157265528,0,4.0,0.7438532099802935,0,7.0,0.445112484513269,0,15.0
3365.0,4,6.0,0.11320754716981132,9.229938922665852,1,2.0,0.5294686209352352,1,9.0,0.7060328399423886,2,2.0,0.5355483499675275,4,13.0
3370.0,7,22.0,0.4,8.910829365999566,7,23.0,0.20139331505218447,0,2.0,0.7744361396601405,0,2.0,0.7487200576066813,7,27.0
3375.0,5,19.0,0.3584905660377358,8.418752530314231,5,45.0,0.2742864829743144,0,0.0,0.6952940539659438,0,0.0,0.7556827932746606,5,45.0
3380.0,2,3.0,0.058823529411764705,8.800092957032803,1,29.0,0.5253318710945835,1,5.0,0.731334151129755,0,0.0,0.6374395133505437,2,34.0
3385.0,5,10.0,0.19230769230769232,9.014424614691338,1,8.0,0.6536624692171619,1,3.0,0.6578281244779036,3,7.0,0.4600733859339745,5,18.0
3390.0,6,23.0,0.45098039215686275,8.930074918722426,1,7.0,0.683899856603276,3,15.0,0.5984929121260952,2,12.0,0.4710597046837319,6,34.0
3395.0,3,17.0,0.3695652173913043,9.109232389885094,2,15.0,0.6289237266502075,1,18.0,0.6274639421914346,0,3.0,0.5268183176510516,3,36.0
3400.0,4,30.0,0.6382978723404256,10.44887443717727,2,27.0,0.669380451441334,1,6.0,0.7284932239125825,1,3.0,0.669400319948706,4,36.0
3405.0,6,50.0,1.0638297872340425,10.50198943761345,3,37.0,0.6397821177995158,1,9.0,0.7920089569128903,2,8.0,0.7371064501245393,6,54.0
3410.0,4,70.0,1.5217391304347827,10.544017713840274,2,45.0,0.7301243760232358,1,12.0,0.7089226514491299,1,13.0,0.7382881783101448,4,70.0
3415.0,7,79.0,1.7555555555555555,9.001753654372907,3,56.0,0.635007394425816,2,21.0,0.6667144678011331,2,2.0,0.5497493387449028,7,79.0
3420.0,10,23.0,0.5,6.771938640811413,2,34.0,0.5477399616876628,2,10.0,0.3594046266873379,6,17.0,0.3997688311069493,10,61.0
3425.0,14,51.0,1.0851063829787233,5.945273236168086,4,16.0,0.37156549859683474,6,22.0,0.14074329014388914,4,30.0,0.40592381304892683,14,68.0
3430.0,11,56.0,1.1428571428571428,5.678967152517149,6,43.0,0.22329803720457697,2,31.0,0.3729626900901058,3,25.0,0.3715992357688246,11,99.0
3435.0,5,16.0,0.32,8.420934061562615,4,46.0,0.41199002523876427,0,7.0,0.7765825233983772,1,17.0,0.6292455252233,5,70.0
3440.0,2,12.0,0.23076923076923078,9.9191984727841,0,14.0,0.5642020523989467,1,10.0,0.8079727749862712,1,16.0,0.6976729538015284,2,40.0
3445.0,6,32.0,0.6037735849056604,9.582741667322706,1,5.0,0.6469857682651035,2,16.0,0.6249278248920141,3,22.0,0.5691104546266018,6,43.0
3450.0,5,14.0,0.2545454545454545,8.741179998780462,2,8.0,0.6244851089796396,2,16.0,0.557610400455253,1,5.0,0.5337521044349853,5,29.0
3455.0,5,24.0,0.43636363636363634,8.687801832436856,2,15.0,0.6999990635326031,0,11.0,0.5614662603561474,3,11.0,0.33363117111253343,5,37.0
3460.0,4,21.0,0.42,9.210506660594213,2,20.0,0.7442611238260864,1,4.0,0.6048441533509388,1,13.0,0.5748498538938883,4,37.0
3465.0,2,6.0,0.12,10.156502273756471,0,2.0,0.7734571090548216,1,8.0,0.804111240301229,1,2.0,0.6534651201879368,2,12.0
3470.0,5,22.0,0.4230769230769231,9.696792956867773,3,9.0,0.5708838862676484,1,13.0,0.7667240205571453,1,4.0,0.742245740958948,5,26.0
3475.0,3,26.0,0.5098039215686274,8.943896908124747,1,7.0,0.4612385092914999,1,18.0,0.6732155489914101,1,9.0,0.7462269828187419,3,34.0
3480.0,2,1.0,0.019230769230769232,7.851838348664787,0,1.0,0.34987200276165586,0,4.0,0.6168074741065204,2,1.0,0.6210282986979384,2,6.0
3485.0,10,26.0,0.4642857142857143,7.3487531744371735,1,0.0,0.4797947560974615,4,15.0,0.39613370475179144,5,15.0,0.37018401947864676,10,30.0
3490.0,7,23.0,0.40350877192982454,7.416725718650742,0,0.0,0.6874689300718233,3,23.0,0.450445284177955,4,30.0,0.3053376640676621,7,53.0
3495.0,3,5.0,0.09259259259259259,9.456601461271175,0,2.0,0.8755543289442954,0,19.0,0.6206794440007294,3,24.0,0.4315750553778467,3,45.0
3500.0,2,4.0,0.07407407407407407,10.023925522255432,1,3.0,0.6985599181021073,1,9.0,0.7480533891313471,0,10.0,0.5402354801424324,2,22.0
3505.0,3,19.0,0.34545454545454546,10.958830100592754,2,13.0,0.7071146294359629,1,10.0,0.8428380485384876,0,0.0,0.7751586519288305,3,23.0
3510.0,3,34.0,0.6415094339622641,11.201169944160743,2,21.0,0.6786570800123374,1,13.0,0.8495910315007005,0,0.0,0.7727205008320047,3,34.0
3515.0,6,55.0,1.0784313725490196,9.970976734493462,4,33.0,0.5198406437601926,1,18.0,0.7462583595006658,1,4.0,0.7439733101483103,6,55.0
3520.0,2,32.0,0.6666666666666666,10.624077464219852,0,5.0,0.6682900074716775,1,23.0,0.7330000589739162,1,9.0,0.8376986921420533,2,37.0
3525.0,5,51.0,1.0851063829787233,9.896644686881789,3,9.0,0.6137672383443004,1,28.0,0.6167300208058409,1,14.0,0.6891325009360305,5,51.0
3530.0,3,23.0,0.5111111111111111,9.076189667404577,1,15.0,0.5335850432565215,0,0.0,0.8629480325051554,2,19.0,0.5834523050833289,3,34.0
3535.0,2,4.0,0.09090909090909091,7.924942718353981,0,5.0,0.42871028808563466,1,3.0,0.5190410474720473,1,1.0,0.5525463893503219,2,9.0
3540.0,4,13.0,0.30952380952380953,8.808765629854845,0,0.0,0.5968016060192889,1,6.0,0.5772035327369787,3,12.0,0.46681264128869426,4,18.0
3545.0,1,0.0,0.0,9.579638070214818,1,2.0,0.6596654665752081,0,1.0,0.8129185996561475,0,10.0,0.4374105002629533,1,13.0
3550.0,4,5.0,0.11627906976744186,10.334954457479528,2,7.0,0.7500402341411815,0,2.0,0.8095485212787491,2,0.0,0.50563812080846,4,9.0
3555.0,2,12.0,0.2926829268292683,11.068828177576917,2,14.0,0.7078057401916031,0,2.0,0.871529724480133,0,0.0,0.7727583792086752,2,16.0
3560.0,4,28.0,0.7,10.511644204078454,2,22.0,0.6259486143233312,1,6.0,0.8166234181099717,1,2.0,0.6863844485798594,4,30.0
3565.0,3,41.0,1.1388888888888888,10.074231605830299,2,32.0,0.4758094693606134,1,9.0,0.7213979489065686,0,1.0,0.7806760982519272,3,42.0
3570.0,6,18.0,0.46153846153846156,7.943873228865587,3,1.0,0.5672834021539943,1,14.0,0.6935255559415233,2,3.0,0.4017263779214845,6,18.0
3575.0,5,28.0,0.7,8.217630873127039,1,6.0,0.771248675818508,1,19.0,0.4829580556611691,3,11.0,0.4155868530868243,5,36.0
3580.0,0,0.0,0.0,10.09607186904084,0,0.0,0.7894040738058494,0,2.0,0.9106575894757194,0,3.0,0.6619238407066709,0,5.0
3585.0,3,5.0,0.125,10.090093595698674,2,3.0,0.4585258498312987,1,6.0,0.7673770350011644,0,0.0,0.6387065136804261,3,9.0
3590.0,3,13.0,0.3333333333333333,10.489573011326968,1,8.0,0.5336893094255535,0,4.0,0.9297551618006423,2,5.0,0.6260015111184085,3,17.0
3595.0,2,23.0,0.575,11.0822955396705,1,13.0,0.7475673098644128,0,0.0,0.8992781137655457,1,12.0,0.6815431555234072,2,25.0
3600.0,2,33.0,0.9428571428571428,11.34342842294638,1,18.0,0.7701065040680971,0,0.0,0.8887265620493059,1,17.0,0.7385199703135593,2,35.0
