step,system_total_stopped,system_total_waiting_time,system_mean_waiting_time,system_mean_speed,A0_stopped,A0_accumulated_waiting_time,A0_average_speed,B0_stopped,B0_accumulated_waiting_time,B0_average_speed,C0_stopped,C0_accumulated_waiting_time,C0_average_speed,agents_total_stopped,agents_total_accumulated_waiting_time
0.0,0,0.0,0.0,0.0,0,0.0,1.0,0,0.0,1.0,0,0.0,1.0,0,0.0
5.0,0,0.0,0.0,4.5369723656214775,0,0.0,1.0,0,0.0,0.24671565269609436,0,0.0,0.36057083506880494,0,0.0
10.0,1,0.0,0.0,9.390189634043576,0,0.0,1.0,0,0.0,0.9428700787260993,1,0.0,0.5865771060322077,1,0.0
15.0,1,1.0,0.14285714285714285,6.892446836149412,0,0.0,0.2812577094180312,1,1.0,0.0016283223211789267,0,0.0,0.8607947797812598,1,1.0
20.0,2,6.0,0.6,9.046296223003337,1,0.0,0.5752869738281803,1,6.0,0.461601865590405,0,0.0,0.9892403206022355,2,6.0
25.0,1,0.0,0.0,8.255617164426349,1,0.0,0.6117059322890099,0,0.0,0.954053883512177,0,0.0,0.4190229525658215,1,0.0
30.0,3,11.0,0.7333333333333333,7.354842230747412,2,6.0,0.49384747836103315,0,0.0,0.9571522158662736,1,5.0,0.32829390251530266,3,11.0
35.0,2,16.0,1.1428571428571428,9.38088321970457,2,16.0,0.5289099840920549,0,0.0,0.9556084041434527,0,2.0,0.7747972587992161,2,18.0
40.0,1,2.0,0.11764705882352941,9.413980985632252,1,3.0,0.4722171821165486,0,2.0,0.9251609710848699,0,0.0,0.7607108162205446,1,5.0
45.0,2,7.0,0.3333333333333333,10.213332923791373,1,7.0,0.5237462688910256,0,2.0,0.9395803456577824,1,0.0,0.5885910218149633,2,9.0
50.0,4,13.0,0.5909090909090909,8.065683613288481,2,12.0,0.3659220644920486,0,0.0,0.9141658359493567,2,1.0,0.6052313910106273,4,13.0
55.0,2,6.0,0.25,9.30723871613938,0,3.0,0.6948819341970449,0,0.0,0.9563425724703347,2,6.0,0.6490564626754867,2,9.0
60.0,4,19.0,0.7037037037037037,9.553650752224497,2,3.0,0.6341632293272573,0,2.0,0.8156046195839503,2,16.0,0.6105768193239082,4,21.0
65.0,6,8.0,0.27586206896551724,7.36455385702656,1,3.0,0.6176640590575042,3,8.0,0.546391851735966,2,9.0,0.34370021947246066,6,20.0
70.0,9,28.0,0.9333333333333333,7.317785417508231,4,12.0,0.44541151022613207,1,9.0,0.4643923323692821,4,15.0,0.3343010786461984,9,36.0
75.0,0,0.0,0.0,8.58456710030749,0,11.0,0.5137768038713537,0,1.0,0.7963647963116536,0,11.0,0.5856894606910907,0,23.0
80.0,0,0.0,0.0,11.508242643378773,0,2.0,0.7499196262041212,0,4.0,0.8237908330411284,0,0.0,0.9493498280409053,0,6.0
85.0,0,0.0,0.0,11.684995663316608,0,2.0,0.7236936054063143,0,4.0,0.9067441578101779,0,0.0,0.7273821458334484,0,6.0
90.0,2,5.0,0.18518518518518517,10.684575333185585,1,5.0,0.5741880808753619,1,2.0,0.7773564621580615,0,0.0,0.6809468174938517,2,7.0
95.0,1,10.0,0.4,10.361157384975064,1,10.0,0.6201935326084569,0,0.0,0.7691132723529142,0,0.0,0.5848849612286177,1,10.0
100.0,2,15.0,0.5555555555555556,10.421636197815749,2,15.0,0.6374443473489315,0,0.0,0.7204068824239666,0,0.0,0.8554423730487647,2,15.0
105.0,3,24.0,0.8888888888888888,10.180968864433648,1,20.0,0.7754641339867094,1,4.0,0.4704862475376794,1,0.0,0.6940725006539319,3,24.0
110.0,3,37.0,1.6818181818181819,10.16584771647004,1,25.0,0.7667492864960388,2,12.0,0.48613817994186326,0,0.0,0.854499214260218,3,37.0
115.0,4,52.0,2.08,9.301800938773711,2,30.0,0.5015806047309853,2,22.0,0.6192867736558905,0,0.0,0.5457153453338982,4,52.0
120.0,4,71.0,2.6296296296296298,9.584357650646531,1,35.0,0.443880085156941,2,32.0,0.698719326071917,1,4.0,0.467463083750022,4,71.0
125.0,6,94.0,3.1333333333333333,9.259765679777221,2,42.0,0.5509490813475034,3,43.0,0.48615705226080363,1,9.0,0.6303445675991202,6,94.0
130.0,6,124.0,4.96,9.193703026691747,2,52.0,0.613322238112128,3,58.0,0.3770381157636488,1,14.0,0.7439181773419284,6,124.0
135.0,3,63.0,2.739130434782609,8.005498029092717,3,63.0,0.4406685024818503,0,10.0,0.5965403780207337,0,0.0,0.6704142543384819,3,73.0
140.0,5,84.0,3.230769230769231,7.884437645620489,3,78.0,0.3228653914642315,0,0.0,0.4125291539287986,2,6.0,0.5075555197135977,5,84.0
145.0,0,0.0,0.0,7.856890012422415,0,30.0,0.554761784256448,0,2.0,0.4956232222452339,0,5.0,0.341299634050831,0,37.0
150.0,0,0.0,0.0,10.706945946947883,0,0.0,0.7893178998972339,0,2.0,0.7457569654719585,0,2.0,0.7075928661152492,0,4.0
155.0,1,5.0,0.20833333333333334,10.200337132021849,0,0.0,0.8083125598797469,1,7.0,0.6004200131702169,0,2.0,0.7577500983738887,1,9.0
160.0,3,14.0,0.56,10.31315065738066,0,0.0,0.7081424121795334,2,14.0,0.7494519520965968,1,2.0,0.6414868750239834,3,16.0
165.0,2,24.0,0.96,9.955697377518275,0,0.0,0.7396377735776098,2,24.0,0.6826860955324194,0,0.0,0.622858803749328,2,24.0
170.0,2,34.0,1.3076923076923077,10.313987304766247,0,0.0,0.7574477906730602,2,34.0,0.5599915689408012,0,0.0,0.7472934833423194,2,34.0
175.0,2,6.0,0.21428571428571427,8.419916663972419,2,6.0,0.5221292946378936,0,17.0,0.36158214059250676,0,0.0,0.6881989224298396,2,23.0
180.0,4,16.0,0.5714285714285714,7.600861098929615,1,11.0,0.1973749351916369,3,14.0,0.38514518275057086,0,0.0,0.6777704666446874,4,25.0
185.0,2,2.0,0.08333333333333333,7.241633329898012,1,3.0,0.31907931790324034,1,10.0,0.49989584915042523,0,1.0,0.4572619778382872,2,14.0
190.0,3,17.0,0.8095238095238095,10.095723287351547,1,8.0,0.5675935680079107,1,10.0,0.7167429725777102,1,7.0,0.7122730236572535,3,25.0
195.0,2,21.0,1.0,10.508213921435066,0,2.0,0.926754665315477,1,15.0,0.7627671554415317,1,12.0,0.68543144327802,2,29.0
200.0,3,31.0,1.4761904761904763,10.244884689849146,1,2.0,0.44375358952025845,1,18.0,0.8123868065114589,1,15.0,0.7554144198416338,3,35.0
205.0,3,22.0,0.9166666666666666,8.335994068569855,1,0.0,0.5947691668657986,1,21.0,0.730275665106949,1,1.0,0.5255918231464737,3,22.0
210.0,4,36.0,1.2413793103448276,9.025021561744419,0,0.0,0.7500329810026725,1,26.0,0.3605453850615366,3,10.0,0.5523910344306715,4,36.0
215.0,2,3.0,0.09375,10.033911274296218,1,0.0,0.7337372061581838,1,3.0,0.4549222492744742,0,0.0,0.7601318664234423,2,3.0
220.0,2,10.0,0.3333333333333333,11.477617372629465,1,2.0,0.7541174584193371,1,10.0,0.770282950461973,0,0.0,0.7798730949324894,2,12.0
225.0,2,2.0,0.06896551724137931,10.078368910043695,1,1.0,0.44789535550146065,0,2.0,0.9001689906281847,1,1.0,0.6615006119556338,2,4.0
230.0,3,9.0,0.3,9.249807637569491,3,11.0,0.4067146952566227,0,0.0,0.8923325343329622,0,0.0,0.2865514976967568,3,11.0
235.0,7,33.0,1.1785714285714286,8.99072259443311,5,30.0,0.5091453678704341,0,0.0,0.8364408735051523,2,5.0,0.4851302142308239,7,35.0
240.0,2,8.0,0.3076923076923077,9.267726615090789,1,23.0,0.5731157779295227,0,0.0,0.9177051462126486,1,2.0,0.6573779085389622,2,25.0
245.0,1,7.0,0.28,10.005914628613732,0,7.0,0.6353930453005714,0,4.0,0.8174812499408763,1,7.0,0.5493490551021925,1,18.0
250.0,2,15.0,0.5357142857142857,10.306311195182195,0,0.0,0.9123846062200908,0,4.0,0.8711553501308281,2,15.0,0.368365534408002,2,19.0
255.0,4,28.0,0.8484848484848485,9.695032819925629,0,0.0,0.7008594666610596,1,5.0,0.7612564352029296,3,25.0,0.4347240285849173,4,30.0
260.0,5,50.0,1.5625,9.544306247818206,1,4.0,0.6820211220558837,1,8.0,0.7363619391191598,3,38.0,0.5213100869341415,5,50.0
265.0,5,25.0,0.7352941176470589,8.252833873999746,3,12.0,0.38858977386336135,1,13.0,0.7415332219546551,1,23.0,0.5472258612657576,5,48.0
270.0,6,45.0,1.40625,8.996870731227695,2,22.0,0.4351986452372245,2,18.0,0.47908232648090676,2,5.0,0.6760968564762115,6,45.0
275.0,4,34.0,1.096774193548387,7.569057209052961,2,32.0,0.3224869934247054,1,0.0,0.5866882751706187,1,8.0,0.5010682407888126,4,40.0
280.0,5,20.0,0.6896551724137931,8.247356078004287,0,16.0,0.5840072622771394,1,7.0,0.598997239395284,4,15.0,0.42586005914537495,5,38.0
285.0,5,21.0,0.75,7.43830863811227,0,0.0,0.5252436657868824,2,15.0,0.6171087316401601,3,15.0,0.21900915158780312,5,30.0
290.0,7,38.0,1.4615384615384615,7.049971940134081,0,0.0,0.5585888335392047,0,8.0,0.7741807148123767,7,38.0,0.1094864980912617,7,46.0
295.0,10,76.0,3.1666666666666665,6.902118221311888,1,0.0,0.6831403046419898,0,0.0,0.9138105466394022,9,78.0,0.287433395014375,10,78.0
300.0,2,21.0,0.875,8.484298609092859,0,0.0,0.8109695234554763,0,0.0,0.8987161794835066,2,76.0,0.46504440691202314,2,76.0
305.0,1,0.0,0.0,10.153471142065072,0,0.0,0.8005554473584484,0,2.0,0.9219915766049689,1,24.0,0.5551955324349617,1,26.0
310.0,1,4.0,0.13793103448275862,11.015621406615336,0,0.0,0.8280668074633505,0,2.0,0.9156718010513689,1,4.0,0.5495160373150624,1,6.0
315.0,0,0.0,0.0,10.539608885793223,0,0.0,0.6612044092810774,0,2.0,0.8691168139507109,0,0.0,0.6005478821045173,0,2.0
320.0,4,11.0,0.3793103448275862,10.734991780135427,1,1.0,0.7160962639038445,1,0.0,0.798750575359438,2,10.0,0.6728854158586659,4,11.0
325.0,2,6.0,0.23076923076923078,9.03151702164057,2,6.0,0.5064045774837979,0,0.0,0.8693143905714459,0,0.0,0.609638984351564,2,6.0
330.0,2,15.0,0.5769230769230769,10.127173042535427,2,15.0,0.651505880684707,0,2.0,0.8054109358130367,0,0.0,0.8350285622912088,2,17.0
335.0,3,28.0,1.037037037037037,10.495552664598018,2,25.0,0.6417936828950702,1,5.0,0.8202283919980556,0,0.0,0.8731407814161786,3,30.0
340.0,3,1.0,0.03333333333333333,9.062792517157796,1,1.0,0.5398568222513218,0,4.0,0.6486728900101202,2,0.0,0.7375761541869167,3,5.0
345.0,6,19.0,0.5757575757575758,6.631803066856217,3,11.0,0.07954510422426618,3,12.0,0.48513738408763496,0,0.0,0.5432214304008894,6,23.0
350.0,7,21.0,0.6363636363636364,4.918433994822729,3,19.0,0.2657348300936639,0,8.0,0.3590435413803165,4,14.0,0.1890329986791736,7,41.0
355.0,3,8.0,0.24242424242424243,7.682995346070318,0,12.0,0.6537758777581257,3,8.0,0.22779427524053147,0,21.0,0.47785476254948545,3,41.0
360.0,2,3.0,0.0967741935483871,9.54029069717089,0,2.0,0.8753771350060162,1,10.0,0.5379601249622736,1,5.0,0.532592942635444,2,17.0
365.0,1,7.0,0.20588235294117646,10.610102198602423,0,2.0,0.8390860341152768,1,11.0,0.6203813774012927,0,4.0,0.7438733286012748,1,17.0
370.0,2,1.0,0.029411764705882353,10.653952652534356,1,0.0,0.6196019075752471,0,4.0,0.8778610250463393,1,5.0,0.6821062515461466,2,9.0
375.0,1,1.0,0.03125,9.797205224974718,0,2.0,0.8402240308105405,1,3.0,0.6385246834431667,0,5.0,0.6440501022261219,1,10.0
380.0,2,7.0,0.21875,10.284170849745255,1,3.0,0.7336092460794206,1,8.0,0.7209506008925914,0,0.0,0.8250936209893569,2,11.0
385.0,6,26.0,0.9285714285714286,8.642576394298207,1,8.0,0.7051443476089612,3,17.0,0.5195554400560641,2,3.0,0.6295771042487113,6,28.0
390.0,3,24.0,0.8571428571428571,8.72192012691375,1,11.0,0.7580526647501622,0,10.0,0.6186245078323067,2,13.0,0.47909213739238543,3,34.0
395.0,5,43.0,1.5357142857142858,7.289907013973303,1,16.0,0.5535233089440917,1,1.0,0.5162790471481128,3,26.0,0.4220619786416474,5,43.0
400.0,5,66.0,2.5384615384615383,7.580791766023461,1,21.0,0.6119980874883555,0,2.0,0.5581957094824115,4,45.0,0.3220381427071955,5,68.0
405.0,1,0.0,0.0,7.819301859920865,1,2.0,0.3733137630523318,0,0.0,0.7707954795394977,0,34.0,0.5486003567215719,1,36.0
410.0,2,4.0,0.14814814814814814,10.234434781192206,1,6.0,0.5356151421272897,0,2.0,0.9684092486959415,1,2.0,0.6174775532120395,2,10.0
415.0,4,1.0,0.04,9.74923206028522,1,0.0,0.6902627356765729,1,3.0,0.7692684010769789,2,2.0,0.6274902104084961,4,5.0
420.0,1,6.0,0.2222222222222222,10.59734284886956,0,0.0,0.7586255067138291,1,10.0,0.742319990012145,0,0.0,0.7527402891876902,1,10.0
425.0,1,11.0,0.34375,10.097585009910865,0,0.0,0.7384224538526333,1,13.0,0.6804173453571887,0,0.0,0.7085041550961083,1,13.0
430.0,2,18.0,0.5806451612903226,10.406809144190074,0,0.0,0.7736071258757375,1,18.0,0.707776827413392,1,2.0,0.7696965396741531,2,20.0
435.0,6,37.0,1.121212121212121,8.529720939800791,2,6.0,0.5589112619510858,1,21.0,0.5962920666004446,3,10.0,0.5288262259788801,6,37.0
440.0,4,6.0,0.1875,7.056861979862052,1,4.0,0.5448869359301927,1,5.0,0.4807189209034271,2,11.0,0.3666182187527531,4,20.0
445.0,7,29.0,0.8529411764705882,8.100990911527527,1,0.0,0.5645391466970865,2,13.0,0.3947447455430234,4,18.0,0.4367617851350363,7,31.0
450.0,3,33.0,1.03125,9.012511306134295,0,0.0,0.6578110802828879,0,10.0,0.7521829568080955,3,33.0,0.3820486266556746,3,43.0
455.0,1,1.0,0.03225806451612903,9.881759411348801,1,1.0,0.741381287978486,0,0.0,0.7670090008512856,0,20.0,0.5614886839951381,1,21.0
460.0,4,15.0,0.46875,9.697814277621688,2,8.0,0.373242620001178,1,7.0,0.7180990835106122,1,4.0,0.7144429561291372,4,19.0
465.0,2,17.0,0.5483870967741935,10.286223505988387,0,7.0,0.32118530341671087,1,12.0,0.7661175867881117,1,7.0,0.8392657769186895,2,26.0
470.0,1,12.0,0.4,10.759634265426467,0,2.0,0.5381746549007905,0,4.0,0.8063227230283433,1,12.0,0.7060000256626322,1,18.0
475.0,4,23.0,0.6764705882352942,9.54448571243504,1,2.0,0.6841102922715618,1,5.0,0.5551017558408888,2,22.0,0.5842092859237377,4,29.0
480.0,3,33.0,1.064516129032258,9.705380954875983,0,2.0,0.7884494403707606,1,6.0,0.5699440563836989,2,32.0,0.4951020035356229,3,40.0
485.0,4,49.0,1.53125,8.773975074604031,1,7.0,0.6068068010102609,0,1.0,0.6618686170852542,3,44.0,0.30372581657519176,4,52.0
490.0,5,59.0,1.7352941176470589,9.670201332576962,2,3.0,0.6375865762968679,0,0.0,0.9308948297034378,3,59.0,0.6049868412080598,5,62.0
495.0,5,77.0,2.3333333333333335,9.86340052449536,1,5.0,0.7626436741609033,1,0.0,0.4721487593144909,3,74.0,0.6547529226575597,5,79.0
500.0,2,5.0,0.14705882352941177,7.14515604393215,1,2.0,0.5043506857234175,1,4.0,0.5246328228877144,0,15.0,0.528929152323781,2,21.0
505.0,6,18.0,0.5142857142857142,8.475474497665237,2,11.0,0.5957021224517094,0,2.0,0.793081815936257,4,9.0,0.4260745677451876,6,22.0
510.0,5,10.0,0.2564102564102564,6.777854839746105,4,14.0,0.28163423091365253,0,2.0,0.9128512535117167,1,15.0,0.37572075190746096,5,31.0
515.0,9,36.0,0.9230769230769231,8.227073601901411,6,33.0,0.3582213965731806,0,4.0,0.9176825760835265,3,10.0,0.4466151789344272,9,47.0
520.0,6,24.0,0.6857142857142857,8.209817306720264,1,35.0,0.45318441703639206,0,2.0,0.9064001438386663,5,21.0,0.4031035308014007,6,58.0
525.0,2,4.0,0.10810810810810811,8.800074890732033,2,9.0,0.47921463354248955,0,4.0,0.8428563192049284,0,12.0,0.5701608004938984,2,25.0
530.0,3,14.0,0.3684210526315789,10.151275050093838,2,9.0,0.6169858353096197,0,4.0,0.9192606344139023,1,5.0,0.6775103415557137,3,18.0
535.0,2,1.0,0.029411764705882353,10.111090240129748,1,1.0,0.7167508180832607,1,4.0,0.7632665082620176,0,2.0,0.7792351927699543,2,7.0
540.0,6,13.0,0.38235294117647056,8.971007320250017,3,10.0,0.4284844124458878,1,4.0,0.781497826400507,2,3.0,0.6453863363511533,6,17.0
545.0,3,12.0,0.36363636363636365,8.017079759760726,0,7.0,0.35326110268301913,2,6.0,0.5626524423501515,1,8.0,0.7172102799823988,3,21.0
550.0,4,28.0,0.8235294117647058,9.448927899547884,0,0.0,0.5915591509435221,2,16.0,0.6725055949799166,2,14.0,0.6022191212122282,4,30.0
555.0,2,24.0,0.7058823529411765,9.483512916078555,0,0.0,0.7043066301421055,0,9.0,0.6852395712812092,2,24.0,0.5315391286690829,2,33.0
560.0,3,9.0,0.24324324324324326,9.278175260189993,2,4.0,0.6436545497631386,1,5.0,0.7380615272072112,0,2.0,0.5585801970403732,3,11.0
565.0,4,26.0,0.7027027027027027,10.129065997788967,2,14.0,0.7043388462638854,1,12.0,0.7083172778107344,1,4.0,0.7152361908600682,4,30.0
570.0,4,43.0,1.34375,9.708715836638715,2,24.0,0.7181643279731624,2,21.0,0.5486325571810631,0,2.0,0.7856678052025428,4,47.0
575.0,6,67.0,1.9142857142857144,9.16251294605338,2,34.0,0.6049287728462837,2,33.0,0.7312079427714515,2,4.0,0.6228020008760711,6,71.0
580.0,3,53.0,1.5142857142857142,10.109201405016064,2,44.0,0.6280890437637736,0,2.0,0.8714136100489336,1,9.0,0.6862671033424563,3,55.0
585.0,5,69.0,1.7692307692307692,9.214193919926503,3,54.0,0.3609161589469009,1,3.0,0.6216352191673403,1,14.0,0.6318903578548012,5,71.0
590.0,5,88.0,2.2564102564102564,8.8662032479328,4,69.0,0.2912271604992393,0,1.0,0.7119092746166104,1,19.0,0.6485643733300944,5,89.0
595.0,4,108.0,2.8421052631578947,9.252551424523176,3,85.0,0.5071984809385903,0,0.0,0.7079655397151335,1,26.0,0.6938350554027348,4,111.0
600.0,8,137.0,3.914285714285714,8.790523441032207,4,100.0,0.5572946228635027,3,9.0,0.6436245785714428,1,31.0,0.665567688595433,8,140.0
605.0,5,152.0,4.75,8.53630445529092,3,114.0,0.6247971894672153,0,11.0,0.5743926739970144,2,40.0,0.6525444951611955,5,165.0
610.0,9,60.0,1.5789473684210527,6.402476170521752,2,74.0,0.346569452774507,5,10.0,0.35004730974122844,2,48.0,0.49282102262259236,9,132.0
615.0,8,74.0,1.8048780487804879,7.522534922337993,5,16.0,0.3868017588372869,1,11.0,0.5222878554071675,2,58.0,0.48527444219945237,8,85.0
620.0,4,5.0,0.125,8.086475684851655,2,14.0,0.5646533332749493,1,2.0,0.5024695340298343,1,3.0,0.6284238880092499,4,19.0
625.0,7,28.0,0.6829268292682927,8.956319083375096,2,11.0,0.7100151179911371,3,14.0,0.41949194813716617,2,9.0,0.6008675069962437,7,34.0
630.0,2,19.0,0.4634146341463415,8.679784106119929,2,21.0,0.6968574226357545,0,12.0,0.6370522180696626,0,6.0,0.5830040521112362,2,39.0
635.0,3,30.0,0.7142857142857143,10.102666274242907,2,29.0,0.6601085924451623,0,4.0,0.8540577042191021,1,1.0,0.6472639069752326,3,34.0
640.0,7,47.0,1.175,8.21836655943925,2,39.0,0.6027395802457443,1,4.0,0.7088884700212921,4,6.0,0.3384428850559234,7,49.0
645.0,10,85.0,2.125,7.7170347059200735,4,50.0,0.3093298266261494,1,9.0,0.7786977592646867,5,28.0,0.3763447883948671,10,87.0
650.0,3,15.0,0.35714285714285715,8.751970396050933,0,4.0,0.6115766691385933,1,12.0,0.7630470037897058,2,30.0,0.5448988352168299,3,46.0
655.0,4,7.0,0.16666666666666666,9.928116736013724,1,5.0,0.7621107789770347,2,4.0,0.5939620395887315,1,3.0,0.6701913304931415,4,12.0
660.0,3,15.0,0.36585365853658536,9.080143518242044,0,0.0,0.6920004784755309,3,17.0,0.4848207967276459,0,0.0,0.5837951490804206,3,17.0
665.0,2,8.0,0.2,9.165779644175885,0,0.0,0.7154735080611475,0,13.0,0.6824259527254178,2,8.0,0.5263227561407533,2,21.0
670.0,3,3.0,0.07142857142857142,9.092779804651727,1,2.0,0.6841610766095977,0,2.0,0.829416564783574,2,15.0,0.45205494824012143,3,19.0
675.0,3,6.0,0.13043478260869565,9.990935586484744,0,2.0,0.7931236974481798,1,0.0,0.7154457543053211,2,11.0,0.6115868943105822,3,13.0
680.0,2,4.0,0.09523809523809523,9.611303296107975,1,4.0,0.7589113388306559,0,0.0,0.7521974471794629,1,7.0,0.6137850647539153,2,11.0
685.0,5,23.0,0.5609756097560976,9.418204760728965,1,7.0,0.6524628518980992,1,2.0,0.7267970696158315,3,18.0,0.5860642444838964,5,27.0
690.0,5,23.0,0.5476190476190477,8.445170594196085,1,12.0,0.6002074831628319,3,11.0,0.6119688574812249,1,10.0,0.5626445173115096,5,33.0
695.0,7,36.0,0.782608695652174,8.290516033797008,2,20.0,0.49159578419818367,0,8.0,0.6773055955531816,5,18.0,0.3983456530167794,7,46.0
700.0,3,5.0,0.10204081632653061,7.803231836552262,1,6.0,0.398555660582016,1,7.0,0.5289283818688568,1,22.0,0.4102302918848489,3,35.0
705.0,2,5.0,0.11627906976744186,8.352786297257222,2,5.0,0.4789918609896124,0,4.0,0.48596566084139325,0,3.0,0.45031058834433063,2,12.0
710.0,6,13.0,0.3333333333333333,8.505757361362464,1,2.0,0.7270595702712522,2,7.0,0.5546233224165183,3,12.0,0.4977807580540924,6,21.0
715.0,6,42.0,1.0769230769230769,10.03121123829899,0,2.0,0.7686449656647182,2,17.0,0.7243533148766271,4,31.0,0.6257550355122524,6,50.0
720.0,5,26.0,0.6842105263157895,9.12334737261748,0,2.0,0.9474128500473853,4,30.0,0.5023771286652913,1,17.0,0.5903774359001964,5,49.0
725.0,6,50.0,1.3513513513513513,9.146549033077214,0,0.0,0.7291276990148413,4,48.0,0.6262655739570445,2,8.0,0.45609674772258574,6,56.0
730.0,6,71.0,2.0285714285714285,7.678837185917161,1,5.0,0.6633387314767238,4,66.0,0.49116330996671353,1,7.0,0.36873847534329096,6,78.0
735.0,3,14.0,0.4,8.06499293245344,1,10.0,0.6559693599462822,1,32.0,0.4756395614823053,1,6.0,0.5031850934001341,3,48.0
740.0,6,24.0,0.6666666666666666,9.151114720214366,0,1.0,0.6893533141193048,5,20.0,0.4650127704199119,1,8.0,0.6701239441369667,6,29.0
745.0,3,15.0,0.4166666666666667,8.148823874946704,1,1.0,0.44457027532406096,1,22.0,0.31749664856460286,1,13.0,0.5901420304186555,3,36.0
750.0,3,24.0,0.7741935483870968,8.834634639724758,0,4.0,0.5319938120808274,1,6.0,0.607999822643634,2,20.0,0.6251904511452646,3,30.0
755.0,3,34.0,1.096774193548387,9.314151550098716,1,2.0,0.669515592720632,1,13.0,0.5496892404373618,1,25.0,0.7297821632852404,3,40.0
760.0,5,51.0,1.6451612903225807,9.609587930701545,1,2.0,0.6954234051759499,2,23.0,0.6684489684338292,2,30.0,0.737788070718788,5,55.0
765.0,3,41.0,1.1714285714285715,8.964751764194977,1,3.0,0.5311979901211865,0,10.0,0.810801382610445,2,40.0,0.6291873667370502,3,53.0
770.0,7,18.0,0.47368421052631576,7.126620836055824,4,17.0,0.44826686075373884,2,5.0,0.37422604478432736,1,10.0,0.40785204925976554,7,32.0
775.0,4,17.0,0.4594594594594595,6.970696220368365,0,12.0,0.3745086770053904,0,4.0,0.36753894547515586,4,17.0,0.43039593184605196,4,33.0
780.0,0,0.0,0.0,8.959181880187732,0,2.0,0.588163373289139,0,2.0,0.8533419118875252,0,15.0,0.6455950631519755,0,19.0
785.0,4,2.0,0.05263157894736842,9.360865989091542,1,2.0,0.6734047662242227,1,5.0,0.7278450520410102,2,3.0,0.6166928011208498,4,10.0
790.0,4,12.0,0.2608695652173913,9.690014073993805,1,0.0,0.6344815790129336,1,10.0,0.7656452466743483,2,8.0,0.6826093895423317,4,18.0
795.0,4,22.0,0.4230769230769231,9.699374263025533,0,0.0,0.718336042145395,2,13.0,0.6943156579901133,2,11.0,0.6569172859254049,4,24.0
800.0,5,23.0,0.45098039215686275,8.582333759389794,1,1.0,0.6445605279761254,3,22.0,0.5974198627052639,1,0.0,0.6028337400655991,5,23.0
805.0,4,14.0,0.2641509433962264,7.495448305163239,0,2.0,0.7873369695604278,1,10.0,0.3512625796455272,3,11.0,0.49054400472229553,4,23.0
810.0,11,37.0,0.7115384615384616,6.8241687214132805,2,6.0,0.537297204976895,8,30.0,0.2150620216660575,1,13.0,0.5232483976030242,11,49.0
815.0,10,28.0,0.5833333333333334,5.923470908788019,3,10.0,0.32588994491331064,7,57.0,0.22218827952804507,0,3.0,0.6658907767743604,10,70.0
820.0,5,26.0,0.5,8.28079288453069,1,9.0,0.6382462354640364,4,52.0,0.49872465377503367,0,2.0,0.6149402401620851,5,63.0
825.0,4,39.0,0.6842105263157895,9.314516756390757,1,13.0,0.7042605312443943,2,42.0,0.6367945422122355,1,4.0,0.6771482420155378,4,59.0
830.0,13,80.0,1.3114754098360655,8.327667370583587,4,22.0,0.6344354625504177,5,50.0,0.5598673855616438,4,19.0,0.5519048299255502,13,91.0
835.0,8,76.0,1.2459016393442623,7.19641891481088,2,16.0,0.471537450886275,4,63.0,0.570252217590716,2,26.0,0.46782926896596355,8,105.0
840.0,9,25.0,0.423728813559322,5.950312252067269,5,24.0,0.34603118900945334,3,46.0,0.42242621582188716,1,14.0,0.41808893024937965,9,84.0
845.0,19,88.0,1.375,6.740436992700292,12,63.0,0.14130763730024884,4,25.0,0.4475059605095562,3,7.0,0.46370760182001103,19,95.0
850.0,10,45.0,0.7142857142857143,6.579297067395699,6,78.0,0.15996366858354985,3,31.0,0.41557962776440427,1,3.0,0.4983681104350225,10,112.0
855.0,11,44.0,0.7586206896551724,6.730500659244029,2,55.0,0.3880928347789369,3,25.0,0.3648468606417064,6,24.0,0.3674861087983379,11,104.0
860.0,11,22.0,0.3728813559322034,5.922558871986292,4,57.0,0.33622055398558875,3,24.0,0.3214843680437624,4,37.0,0.4140644258835805,11,118.0
865.0,16,70.0,1.1290322580645162,6.476327223693809,6,76.0,0.3587556540764347,7,47.0,0.30060633917372537,3,21.0,0.38610019888802666,16,144.0
870.0,10,38.0,0.6333333333333333,6.15266205979709,3,67.0,0.35658440601036134,5,59.0,0.2990822235348109,2,21.0,0.3309777122656158,10,147.0
875.0,10,32.0,0.5333333333333333,6.729640249442912,4,44.0,0.44827574109498275,0,31.0,0.397540797078131,6,34.0,0.3779182421399551,10,109.0
880.0,4,11.0,0.18032786885245902,7.899486658938445,3,49.0,0.436685562155923,0,4.0,0.6816432150231948,1,34.0,0.47665256940772815,4,87.0
885.0,10,34.0,0.5573770491803278,8.839373293599987,5,61.0,0.4584108585302422,0,4.0,0.7269243467611713,5,15.0,0.4832040068537642,10,80.0
890.0,7,37.0,0.6166666666666667,8.747708463330891,3,59.0,0.4326151937085563,2,10.0,0.6863858547488835,2,18.0,0.6936534544004723,7,87.0
895.0,6,46.0,0.7419354838709677,8.746025167822278,4,27.0,0.3981597973066146,0,4.0,0.7852475860138549,2,28.0,0.7121952583553894,6,59.0
900.0,10,80.0,1.2121212121212122,8.582842817170034,5,35.0,0.41588248199813665,1,6.0,0.684218713997725,4,44.0,0.5416054410434111,10,85.0
905.0,13,128.0,1.9104477611940298,8.211612257813124,6,61.0,0.47060978987121693,2,10.0,0.58198295054533,5,64.0,0.430326779655191,13,135.0
910.0,4,17.0,0.2537313432835821,7.71966714590915,3,52.0,0.41460898042689176,1,9.0,0.4543919581773641,0,41.0,0.5672362554745146,4,102.0
915.0,10,36.0,0.5217391304347826,8.389887369677028,5,27.0,0.5083705225198494,1,11.0,0.3826120988738967,4,11.0,0.5136405758012156,10,49.0
920.0,5,24.0,0.38095238095238093,8.127456192557258,3,32.0,0.45254802422952894,1,16.0,0.46537370845437726,1,10.0,0.5548090605230177,5,58.0
925.0,10,47.0,0.8392857142857143,7.941938895815823,6,33.0,0.42731558747234516,1,25.0,0.771649414526175,3,9.0,0.5166028061542701,10,67.0
930.0,11,25.0,0.4032258064516129,7.447221592828062,5,34.0,0.32359128470315807,3,5.0,0.6202023086295612,3,14.0,0.5162375099945532,11,53.0
935.0,14,80.0,1.2307692307692308,7.964637492494136,10,48.0,0.2614917940191552,1,10.0,0.6423718196509128,3,29.0,0.42880184346359906,14,87.0
940.0,7,30.0,0.5172413793103449,6.720686533958724,6,66.0,0.26686041191094734,0,3.0,0.5401083421925654,1,11.0,0.4985410425061825,7,80.0
945.0,11,27.0,0.45,7.0439051842038385,5,56.0,0.33732013626582263,3,11.0,0.4440685312855729,3,7.0,0.5102697362783174,11,74.0
950.0,5,17.0,0.288135593220339,8.023744077444638,3,46.0,0.5159921857270828,1,13.0,0.4814878961622189,1,9.0,0.6701588555060976,5,68.0
955.0,12,43.0,0.6515151515151515,8.321937711115288,4,44.0,0.4410951805339091,6,22.0,0.5268705527128645,2,2.0,0.506302469993619,12,68.0
960.0,15,103.0,1.6885245901639345,8.098401798693319,4,49.0,0.5227732935494731,7,54.0,0.4999768337239417,4,10.0,0.45525195186570794,15,113.0
965.0,9,97.0,1.5901639344262295,6.893444809006019,5,63.0,0.43070717905282807,4,64.0,0.35774575835732597,0,6.0,0.4875353881249717,9,133.0
970.0,4,5.0,0.078125,7.1677258682908205,1,39.0,0.3993136520883513,3,50.0,0.21515452560270215,0,2.0,0.798553463013776,4,91.0
975.0,9,24.0,0.3870967741935484,7.186065213795137,5,17.0,0.5584129001304137,2,55.0,0.18458034435734935,2,6.0,0.5951855246337756,9,78.0
980.0,11,49.0,0.875,6.778700410489023,0,14.0,0.5789357697949374,8,85.0,0.21133693427798325,3,14.0,0.5672835276065055,11,113.0
985.0,12,43.0,0.7962962962962963,5.5889463133333415,2,6.0,0.3848267031378817,9,107.0,0.281520843167605,1,3.0,0.46886269493616045,12,116.0
990.0,12,45.0,0.7627118644067796,6.880952000550318,3,18.0,0.6108759154860558,5,83.0,0.3544275464370696,4,21.0,0.4891885524210033,12,122.0
995.0,6,39.0,0.639344262295082,7.3794484299204965,3,29.0,0.6223152069594743,2,53.0,0.4242747829767517,1,20.0,0.558175318704151,6,102.0
1000.0,8,61.0,0.8970588235294118,8.060426467773734,3,42.0,0.6889224014362242,4,37.0,0.45840419760783746,1,2.0,0.5627199771198232,8,81.0
1005.0,2,4.0,0.056338028169014086,8.456124499840358,1,11.0,0.6240812418361688,1,24.0,0.5312775873459444,0,0.0,0.6502730340100861,2,35.0
1010.0,13,39.0,0.52,7.671924571185914,5,11.0,0.4198895731927046,7,42.0,0.31123272818183456,1,1.0,0.720727076882191,13,54.0
1015.0,17,73.0,1.028169014084507,6.065725650431822,8,40.0,0.29287230889077487,7,63.0,0.25094939286034096,2,8.0,0.49527661272928625,17,111.0
1020.0,15,48.0,0.6666666666666666,5.605868595018613,10,73.0,0.2912960918329637,4,53.0,0.2672596999330765,1,12.0,0.5785259571464043,15,138.0
1025.0,9,29.0,0.4084507042253521,6.722505295584136,5,69.0,0.4064801338192587,1,26.0,0.3338418055726254,3,10.0,0.5426064825354732,9,105.0
1030.0,8,48.0,0.6857142857142857,8.42890390996369,4,48.0,0.5050731855362314,3,25.0,0.4445387193464585,1,9.0,0.718890057456562,8,82.0
1035.0,8,57.0,0.8142857142857143,8.865598972913018,3,48.0,0.5683144299586683,3,29.0,0.5471309251188986,2,3.0,0.5981887010953241,8,80.0
1040.0,9,32.0,0.4507042253521127,7.6082066842751805,1,22.0,0.42209979120203844,5,33.0,0.4579087191011069,3,10.0,0.5896872518799263,9,65.0
1045.0,16,60.0,0.8823529411764706,6.410575821860807,8,26.0,0.2110425419990236,6,43.0,0.33757462835724944,2,20.0,0.5645737461782171,16,89.0
1050.0,14,43.0,0.6323529411764706,5.399504839964018,8,54.0,0.24216458111562025,5,38.0,0.1955855629311789,1,14.0,0.5660645554659689,14,106.0
1055.0,10,25.0,0.36764705882352944,6.422106078710898,1,47.0,0.4146660397578656,4,43.0,0.28548646013731754,5,16.0,0.513195705389498,10,106.0
1060.0,9,43.0,0.6142857142857143,7.28662055812318,1,20.0,0.5566584238103258,7,57.0,0.3323336806216987,1,16.0,0.4676398931886728,9,93.0
1065.0,8,24.0,0.34285714285714286,6.762150794488107,1,11.0,0.43742921765327286,5,71.0,0.33496199180971875,2,4.0,0.42743365322165616,8,86.0
1070.0,13,50.0,0.6944444444444444,6.879286288726996,7,39.0,0.3456528413085002,4,54.0,0.3273438922488176,2,12.0,0.5690285092534916,13,105.0
1075.0,11,65.0,0.9027777777777778,7.52565090967062,6,54.0,0.391607673486692,2,40.0,0.37606313187312623,3,26.0,0.667967274910321,11,120.0
1080.0,11,84.0,1.2173913043478262,7.473940277942667,3,38.0,0.38394478254734427,3,40.0,0.499544685454018,5,44.0,0.5721960791288293,11,122.0
1085.0,8,28.0,0.3783783783783784,8.10159808710635,6,29.0,0.46840865501695844,2,31.0,0.5173532934185584,0,24.0,0.5974881645780464,8,84.0
1090.0,10,29.0,0.3815789473684211,7.138266059670813,2,26.0,0.37253064319802265,4,22.0,0.5151270523069481,4,10.0,0.31983366686060666,10,58.0
1095.0,14,45.0,0.6081081081081081,6.0825285652773715,8,33.0,0.3651176310852162,4,24.0,0.21921929196388884,2,21.0,0.27424566726539484,14,78.0
1100.0,10,33.0,0.5076923076923077,6.6478093462301375,6,52.0,0.34849379356578397,3,29.0,0.3737134076756523,1,15.0,0.5036814145904616,10,96.0
1105.0,6,31.0,0.45588235294117646,7.503044003457886,3,35.0,0.41689287473763653,2,31.0,0.4700053555443304,1,8.0,0.5348422023654423,6,74.0
1110.0,9,42.0,0.5753424657534246,7.996414656002296,3,30.0,0.5202253794196787,1,17.0,0.4818119428815121,5,24.0,0.4551174819365881,9,71.0
1115.0,12,28.0,0.3888888888888889,6.532492555023996,3,15.0,0.42381212595043005,3,25.0,0.42884996938546716,6,35.0,0.30554104898180184,12,75.0
1120.0,15,44.0,0.6376811594202898,6.362582612837325,5,28.0,0.3650498886302396,5,35.0,0.3623520017430747,5,32.0,0.3560324093697398,15,95.0
1125.0,11,36.0,0.5217391304347826,6.183791076877174,4,33.0,0.3848029195654585,3,37.0,0.3592786162298638,4,36.0,0.39207387505376934,11,106.0
1130.0,12,67.0,0.9710144927536232,7.2299135324127946,1,19.0,0.5133889890647529,2,34.0,0.4513720547453163,9,74.0,0.4008598546968961,12,127.0
1135.0,16,80.0,1.1764705882352942,6.553538625157633,2,21.0,0.5193671865649383,4,42.0,0.44320656768634076,10,98.0,0.3346698994208646,16,161.0
1140.0,15,55.0,0.7638888888888888,5.96658003211943,6,42.0,0.38648228765841663,3,43.0,0.4550590865442865,6,86.0,0.24463246309688513,15,171.0
1145.0,19,67.0,0.881578947368421,6.006037051923052,5,44.0,0.37757371309822996,6,37.0,0.36146615651404734,8,68.0,0.30320495652072926,19,149.0
1150.0,11,25.0,0.3333333333333333,6.3189629459358105,3,30.0,0.4105061647484895,5,50.0,0.3726734736746648,3,64.0,0.3451733803859207,11,144.0
1155.0,16,56.0,0.7466666666666667,6.974486332240859,4,22.0,0.4637503363631775,4,43.0,0.4159976571527018,8,69.0,0.3391090180800036,16,134.0
1160.0,11,43.0,0.5584415584415584,6.754204524810044,1,24.0,0.4979740258582176,2,39.0,0.4783584493797432,8,85.0,0.31681479536363466,11,148.0
1165.0,13,43.0,0.5733333333333334,6.3205830225068835,4,35.0,0.46740175801571177,3,28.0,0.393266464185987,6,73.0,0.24354295347033156,13,136.0
1170.0,10,36.0,0.48,6.381136599849048,4,36.0,0.32583186305495127,4,32.0,0.32624780375666323,2,42.0,0.37902196801177784,10,110.0
1175.0,11,55.0,0.7236842105263158,7.822228418156048,4,30.0,0.42839729853435526,4,32.0,0.5072586728909663,3,38.0,0.5512807831656696,11,100.0
1180.0,11,59.0,0.7195121951219512,7.613616819429911,1,24.0,0.45543104023102937,4,26.0,0.48963408332709213,6,53.0,0.5200003893180472,11,103.0
1185.0,17,65.0,0.7471264367816092,6.934654585292675,6,37.0,0.4541023278194441,7,48.0,0.34517573091533077,4,38.0,0.36177469346051677,17,123.0
1190.0,18,59.0,0.7023809523809523,5.804515995048417,5,50.0,0.28098226860473763,7,62.0,0.20132969969017903,6,36.0,0.2602075216976371,18,148.0
1195.0,12,41.0,0.5540540540540541,5.521370259574292,3,40.0,0.3585580328768959,5,57.0,0.21070148171805436,4,53.0,0.3234043543990861,12,150.0
1200.0,15,74.0,0.9487179487179487,7.2755519259097765,4,34.0,0.5352601349599762,5,57.0,0.44779234831859194,6,44.0,0.3950291030874832,15,135.0
1205.0,9,51.0,0.6071428571428571,7.687852529510685,2,23.0,0.4357319183152043,0,45.0,0.5534584816813004,7,61.0,0.5050287157032253,9,129.0
1210.0,19,84.0,0.9545454545454546,6.763289750953768,8,36.0,0.36033439500202824,5,46.0,0.33541712631577747,6,68.0,0.3689842212679956,19,150.0
1215.0,25,123.0,1.5185185185185186,5.0044480449279165,11,84.0,0.14527035100248908,6,65.0,0.16667163699690876,8,68.0,0.2629390515843113,25,217.0
1220.0,20,88.0,1.1891891891891893,4.403386450227986,10,111.0,0.18999182416824428,6,60.0,0.13805714391825097,4,70.0,0.3688197344108343,20,241.0
1225.0,10,26.0,0.3611111111111111,5.87087336304969,2,81.0,0.4371952581419191,4,77.0,0.33796304043684816,4,59.0,0.4161807970520081,10,217.0
1230.0,16,87.0,1.0875,7.439291260176285,1,40.0,0.4658404704725252,8,101.0,0.3923102477258405,7,71.0,0.45077971812503,16,212.0
1235.0,11,60.0,0.7058823529411765,6.871661104326757,3,23.0,0.5441802661449768,6,106.0,0.2847302101327047,2,55.0,0.4116743639778315,11,184.0
1240.0,11,32.0,0.38095238095238093,6.588417572178564,2,16.0,0.4451515060653951,4,62.0,0.24448429201018856,5,34.0,0.4826730145569722,11,112.0
1245.0,14,87.0,1.0609756097560976,7.150858800218684,5,28.0,0.4375059785236901,2,40.0,0.31974830808054533,7,52.0,0.46913227869051355,14,120.0
1250.0,10,35.0,0.47297297297297297,6.215815794472417,3,34.0,0.45096314874785803,2,32.0,0.30189054920378816,5,57.0,0.38439964209100513,10,123.0
1255.0,15,51.0,0.6986301369863014,6.100306930903641,0,16.0,0.48751618088326015,8,59.0,0.36642158608363584,7,41.0,0.2801615956147911,15,116.0
1260.0,14,40.0,0.5063291139240507,5.853356746739629,1,3.0,0.488507985781861,9,80.0,0.3116315672095867,4,50.0,0.3417216785833857,14,133.0
1265.0,18,60.0,0.7142857142857143,6.511897243154808,2,3.0,0.637330669801743,8,77.0,0.3064198212047028,8,65.0,0.36469967315533586,18,145.0
1270.0,14,90.0,1.0465116279069768,6.998614255117646,1,8.0,0.6975558708723816,7,74.0,0.2943813185516849,6,76.0,0.37741608486309963,14,158.0
1275.0,15,75.0,0.8928571428571429,6.508118054091589,2,14.0,0.6705791143882565,8,95.0,0.33780938355599543,5,63.0,0.32564794189850793,15,172.0
1280.0,19,93.0,1.0689655172413792,6.49352924361114,4,25.0,0.5343839256800258,11,115.0,0.27630687407749926,4,45.0,0.3775930621636759,19,185.0
1285.0,19,123.0,1.3225806451612903,6.098587792206591,3,18.0,0.33034066432106496,12,135.0,0.20450979738851735,4,51.0,0.4692981373791086,19,204.0
1290.0,22,104.0,1.1555555555555554,5.47184559985485,6,24.0,0.35709446247624127,14,175.0,0.1609333198461777,2,27.0,0.41033776866803395,22,226.0
1295.0,21,82.0,0.9534883720930233,5.347802040923826,2,30.0,0.43779436212073863,13,184.0,0.13066425994913838,6,30.0,0.32007013543277707,21,244.0
1300.0,20,61.0,0.7261904761904762,4.757610997674223,5,18.0,0.4982069431279,11,224.0,0.19442678723097495,4,43.0,0.2635035422333091,20,285.0
1305.0,18,66.0,0.75,5.569710644351897,2,19.0,0.45844548631153426,9,250.0,0.24586661308257757,7,42.0,0.36866279935875396,18,311.0
1310.0,16,65.0,0.6989247311827957,5.266880854302008,2,15.0,0.3911645741256106,11,263.0,0.12034063087035551,3,45.0,0.4049753993980658,16,323.0
1315.0,19,76.0,0.8636363636363636,4.754300646766043,3,23.0,0.40311797688438994,10,251.0,0.11294277123340303,6,53.0,0.356676220775597,19,327.0
1320.0,21,73.0,0.8021978021978022,4.508251666889565,4,27.0,0.3564815600681793,11,282.0,0.1938696523504639,6,65.0,0.31089715038916116,21,374.0
1325.0,31,124.0,1.305263157894737,4.818480906389628,9,50.0,0.3846717825332493,14,306.0,0.24828981865144528,8,65.0,0.2749116569561583,31,421.0
1330.0,21,85.0,0.8415841584158416,5.069056051535689,4,51.0,0.4064211984205939,13,315.0,0.20367028986887611,4,61.0,0.3328541769238746,21,427.0
1335.0,23,77.0,0.7549019607843137,5.005772508070781,8,44.0,0.3672732824584422,12,274.0,0.12906028342225745,3,60.0,0.3813866823923006,23,378.0
1340.0,22,96.0,0.96,4.7485054773414985,9,60.0,0.3713866255520533,9,307.0,0.14349114508853467,4,64.0,0.2811079627564303,22,431.0
1345.0,24,97.0,1.0210526315789474,4.2309690968926725,5,72.0,0.2345067050370375,12,329.0,0.19668867719234556,7,67.0,0.25950336505930094,24,468.0
1350.0,18,69.0,0.71875,4.2239557293133245,5,59.0,0.313122127912794,9,310.0,0.1806793454665657,4,57.0,0.278876646546607,18,426.0
1355.0,19,58.0,0.5918367346938775,5.206143342763784,4,70.0,0.34427597625726425,10,236.0,0.19222995836389908,5,53.0,0.4379739493791992,19,359.0
1360.0,18,59.0,0.5959595959595959,4.777544744278879,7,78.0,0.38501334754602573,6,256.0,0.1589493002865055,5,54.0,0.31726764842490385,18,388.0
1365.0,22,81.0,0.8350515463917526,4.293335685214659,6,79.0,0.2589604973814256,8,270.0,0.15978732531439377,8,53.0,0.2895550186078019,22,402.0
1370.0,23,118.0,1.2164948453608246,4.068599141021093,7,73.0,0.22740524151428113,14,310.0,0.1006154759121541,2,48.0,0.30759941418564857,23,431.0
1375.0,28,120.0,1.2,4.1848482585111855,8,86.0,0.27395708537151336,14,317.0,0.13068886213489095,6,46.0,0.2860584821896278,28,449.0
1380.0,26,106.0,1.0495049504950495,4.13423217286544,9,117.0,0.29039347840666985,11,260.0,0.16537338530035725,6,61.0,0.2321185250298196,26,438.0
1385.0,28,94.0,0.8952380952380953,3.705527804695644,9,123.0,0.27098596582311213,8,277.0,0.17580579213359526,11,72.0,0.2589682048301665,28,472.0
1390.0,25,94.0,0.8545454545454545,4.356361429102751,6,101.0,0.2891570266970965,15,340.0,0.219426276790715,4,84.0,0.28387087235321057,25,525.0
1395.0,26,97.0,0.8290598290598291,3.8818840360221367,4,98.0,0.21475771469144825,16,357.0,0.1968540189763962,6,83.0,0.20537293114346067,26,538.0
1400.0,31,108.0,0.9391304347826087,3.56932800561682,8,121.0,0.2759862302459785,11,309.0,0.19417166226405824,12,93.0,0.16822077427842752,31,523.0
1405.0,26,94.0,0.8034188034188035,3.404531391492269,7,128.0,0.2282397047728269,8,327.0,0.17288970910391302,11,123.0,0.2002752770254219,26,578.0
1410.0,23,87.0,0.71900826446281,4.283561616035446,6,115.0,0.26772037345411187,9,350.0,0.22798274207389907,8,131.0,0.19482433162380552,23,596.0
1415.0,23,92.0,0.7301587301587301,4.012963795678539,8,100.0,0.22813280722851254,10,346.0,0.2044454184743293,5,120.0,0.1517348849916641,23,566.0
1420.0,27,97.0,0.782258064516129,3.7767024714431896,4,103.0,0.2790116422409618,11,277.0,0.14764254469287783,12,147.0,0.1988563243851817,27,527.0
1425.0,24,91.0,0.7520661157024794,4.023442019476716,6,101.0,0.2862992966488184,9,296.0,0.1496263962851702,9,159.0,0.2336106147704358,24,556.0
1430.0,20,73.0,0.6186440677966102,4.12579022809953,5,97.0,0.23799477141596703,6,307.0,0.1590173093080855,9,141.0,0.27456924120583115,20,545.0
1435.0,26,98.0,0.8672566371681416,3.616271841645266,8,90.0,0.15173689886465733,8,304.0,0.15781458485288258,10,170.0,0.21674931953654109,26,564.0
1440.0,25,81.0,0.6982758620689655,3.022587774963624,5,104.0,0.19943314154050715,10,273.0,0.15862763772574223,10,206.0,0.14489656270067922,25,583.0
1445.0,27,134.0,1.1260504201680672,4.017902052682763,5,111.0,0.27601951317378853,9,230.0,0.22952061454895506,13,245.0,0.1483337277183333,27,586.0
1450.0,21,121.0,1.0614035087719298,4.0479881203481165,9,142.0,0.25160933092312887,3,196.0,0.23852872501671923,9,271.0,0.15982339860502814,21,609.0
1455.0,26,126.0,1.1886792452830188,3.520207975755194,10,159.0,0.20249270717755366,5,164.0,0.2283824495383674,11,240.0,0.14126364054721494,26,563.0
1460.0,25,142.0,1.290909090909091,3.3896076593313507,7,146.0,0.17325634064966797,7,171.0,0.2073688395882328,11,271.0,0.12858127111922246,25,588.0
1465.0,22,116.0,1.0642201834862386,4.165459686762867,9,129.0,0.22791455773909763,8,151.0,0.28029447602217666,5,289.0,0.2019213872050156,22,569.0
1470.0,17,73.0,0.6517857142857143,4.060474786500432,9,139.0,0.2615830612986096,5,145.0,0.2534782907452081,3,255.0,0.2339804354258309,17,539.0
1475.0,21,67.0,0.5929203539823009,4.170567540717441,6,148.0,0.3616335022141509,8,138.0,0.1848315235245258,7,258.0,0.18723672871603114,21,544.0
1480.0,23,103.0,0.9279279279279279,3.922141166237179,5,147.0,0.32463354303310127,8,148.0,0.15771725809172796,10,261.0,0.12417090365177696,23,556.0
1485.0,21,77.0,0.6875,3.743118062154149,4,148.0,0.2878924262301221,10,131.0,0.16849842519128166,7,257.0,0.2207466621257766,21,536.0
1490.0,16,41.0,0.3474576271186441,4.400467473534427,4,125.0,0.3702289277685392,5,119.0,0.2382020634870008,7,196.0,0.22816270164291963,16,440.0
1495.0,21,76.0,0.6386554621848739,4.49228015865437,3,99.0,0.36696361578336223,9,122.0,0.2239224310534925,9,198.0,0.1896494718010254,21,419.0
1500.0,29,123.0,1.0165289256198347,3.891099927288911,4,79.0,0.32473473171350875,11,141.0,0.2194366725613477,14,215.0,0.12304507674335165,29,435.0
1505.0,24,97.0,0.8016528925619835,3.607664144300358,2,69.0,0.3478525777704099,9,140.0,0.18532702013063304,13,235.0,0.1658432744618057,24,444.0
1510.0,22,74.0,0.5967741935483871,4.207317341357544,6,82.0,0.37340534400780134,9,155.0,0.1598502442681829,7,225.0,0.22413225425476288,22,462.0
1515.0,24,121.0,0.9603174603174603,4.033459864678403,8,120.0,0.27726916678133373,9,172.0,0.15918229009532925,7,230.0,0.18052905376049175,24,522.0
1520.0,32,130.0,1.0924369747899159,3.104349733067918,11,137.0,0.16165141861105445,11,189.0,0.12576302192533162,10,220.0,0.18765454597146164,32,546.0
1525.0,27,108.0,0.907563025210084,3.559368791899962,8,125.0,0.2328319737388593,12,190.0,0.1580908605957917,7,230.0,0.20104883783184377,27,545.0
1530.0,26,148.0,1.1653543307086613,4.50158898580904,10,109.0,0.31474811838318595,11,174.0,0.17468444642648995,5,195.0,0.25779487659446004,26,478.0
1535.0,23,120.0,0.9375,3.9189772509875516,10,122.0,0.30195663912169546,6,182.0,0.16674067597767306,7,190.0,0.2231710121872046,23,494.0
1540.0,27,79.0,0.632,3.4861177396080403,7,135.0,0.2583043320654403,9,160.0,0.1817221066899134,11,181.0,0.14827084989741185,27,476.0
1545.0,24,77.0,0.6062992125984252,3.5561615577731014,6,116.0,0.23322273094371251,8,159.0,0.16620641951831192,10,173.0,0.12146027478972295,24,448.0
1550.0,20,63.0,0.504,4.096468735077672,5,120.0,0.26214712076262753,7,142.0,0.1805906877965721,8,174.0,0.19352694392104353,20,436.0
1555.0,23,55.0,0.45081967213114754,3.5843620206373794,7,104.0,0.2814298056575672,9,155.0,0.13839480715160996,7,165.0,0.1785587706034088,23,424.0
1560.0,25,72.0,0.5853658536585366,3.347350144214036,5,122.0,0.22958480462677644,10,171.0,0.12791248529395574,10,146.0,0.18413121288107023,25,439.0
1565.0,24,124.0,0.9841269841269841,3.700774296226092,7,128.0,0.17047859098088117,14,216.0,0.13078275118891233,3,126.0,0.1738493487382065,24,470.0
1570.0,30,131.0,1.0564516129032258,3.686619008026584,8,138.0,0.13482624962104572,16,248.0,0.12926599077900114,6,115.0,0.1796025796127621,30,501.0
1575.0,33,120.0,1.0,3.373466003330207,8,126.0,0.23166926255746528,18,260.0,0.14985529023355504,7,122.0,0.2083416404472028,33,508.0
1580.0,30,128.0,1.0491803278688525,3.8203591460964565,3,119.0,0.3256823614539618,16,257.0,0.1590007643417643,11,117.0,0.24061518500331203,30,493.0
1585.0,31,175.0,1.3671875,4.3327523484685635,4,114.0,0.32425043167946127,21,287.0,0.13559266817525997,6,131.0,0.3048753866006865,31,532.0
1590.0,31,241.0,1.8682170542635659,4.645678277979965,4,112.0,0.2666821871238099,20,345.0,0.24799150514979781,7,125.0,0.26899001491837504,31,582.0
1595.0,24,185.0,1.4453125,4.170908459993105,6,117.0,0.20204555581329547,10,351.0,0.3017999459281307,8,125.0,0.22646583239780044,24,593.0
1600.0,24,124.0,0.96875,4.231308755358026,7,130.0,0.21289678360661232,10,325.0,0.3474394768133916,7,112.0,0.15381547605172902,24,567.0
1605.0,26,106.0,0.828125,3.9938713021401755,9,146.0,0.12233022827861181,11,307.0,0.2629155476752408,6,125.0,0.14717075143009553,26,578.0
1610.0,29,129.0,1.0573770491803278,3.3667559527691098,6,152.0,0.11065289957522345,13,331.0,0.12313843994506406,10,146.0,0.16939025964861032,29,629.0
1615.0,30,120.0,1.0344827586206897,3.2639802962595046,8,133.0,0.17045090117824768,11,326.0,0.17948531653181532,11,170.0,0.15587751247409695,30,629.0
1620.0,26,78.0,0.6782608695652174,3.654851783721664,9,154.0,0.22518454516755476,10,331.0,0.2073975806387436,7,147.0,0.20288486280617277,26,632.0
1625.0,24,98.0,0.8099173553719008,4.504325850863005,6,158.0,0.18417158684669238,11,333.0,0.23522521863498325,7,122.0,0.22079252376722858,24,613.0
1630.0,24,98.0,0.8521739130434782,3.991880485596111,9,168.0,0.2226317921587394,12,340.0,0.15731035449480685,3,113.0,0.1852073360651976,24,621.0
1635.0,32,127.0,1.0948275862068966,3.2896751242072004,10,176.0,0.1688742934983497,12,305.0,0.11727430910306376,10,133.0,0.19225673893095505,32,614.0
1640.0,35,160.0,1.4285714285714286,4.153137594141445,13,180.0,0.22594369547054352,12,291.0,0.29115208338424614,10,145.0,0.26456089920988163,35,616.0
1645.0,21,91.0,0.7913043478260869,4.365549916358826,7,180.0,0.26418323650754766,6,255.0,0.31993690925777785,8,125.0,0.2508636122715989,21,560.0
1650.0,28,85.0,0.6910569105691057,4.3085145248370855,10,194.0,0.2093436122998274,9,201.0,0.26530690280240377,9,153.0,0.17019440523820742,28,548.0
1655.0,28,100.0,0.8,3.909448387387861,9,214.0,0.15937534418521407,9,198.0,0.18326988989437057,10,181.0,0.16533589806775778,28,593.0
1660.0,26,95.0,0.8558558558558559,3.6501164328356124,5,205.0,0.25984618507447643,9,155.0,0.22588719692757617,12,201.0,0.16994334433859684,26,561.0
1665.0,21,87.0,0.75,4.154837587768733,5,176.0,0.30222729539048193,5,148.0,0.3075758961210113,11,186.0,0.17476985410953838,21,510.0
1670.0,27,126.0,1.0327868852459017,4.583287220588382,7,163.0,0.3091815229402283,7,141.0,0.30476373387235467,13,227.0,0.1739205561330521,27,531.0
1675.0,21,96.0,0.7868852459016393,3.6892076995473495,2,157.0,0.24342846623885114,8,131.0,0.1370598625170472,11,250.0,0.1281925024985044,21,538.0
1680.0,27,80.0,0.6611570247933884,4.044114767211936,9,144.0,0.3149597919146894,7,93.0,0.19277647495982714,11,258.0,0.11871397155129021,27,495.0
1685.0,26,100.0,0.8620689655172413,4.438175062604579,8,156.0,0.28707952774189965,5,76.0,0.28364143294944416,13,231.0,0.21011695259658122,26,463.0
1690.0,26,138.0,1.1694915254237288,4.7158836567899725,11,160.0,0.30292236841461256,7,85.0,0.4030439469264826,8,256.0,0.24399558034768817,26,501.0
1695.0,23,104.0,0.8188976377952756,4.309187557239911,8,176.0,0.24707375539344725,5,84.0,0.334644527608129,10,271.0,0.20061360974860856,23,531.0
1700.0,28,100.0,0.78125,3.6347992278919783,9,170.0,0.18004303620335602,6,75.0,0.2562332986200512,13,285.0,0.1302054394878569,28,530.0
1705.0,29,143.0,1.1626016260162602,3.5362636909019765,14,198.0,0.1715774811043038,5,87.0,0.1811237452428148,10,257.0,0.1097141205660007,29,542.0
1710.0,35,149.0,1.221311475409836,3.5009747173857195,17,238.0,0.16559155614575144,5,83.0,0.31597433092109095,13,288.0,0.15728947552939926,35,609.0
1715.0,27,119.0,0.967479674796748,3.81267294998581,15,245.0,0.17767707330504068,2,76.0,0.38593558473117423,10,292.0,0.1520558306776367,27,613.0
1720.0,31,105.0,0.8203125,3.2134142695486916,14,291.0,0.1308468526590034,5,56.0,0.28336879809054566,12,295.0,0.12018057235705787,31,642.0
1725.0,37,151.0,1.188976377952756,3.5722195965756964,15,320.0,0.15144365304334062,11,98.0,0.29539064078697064,11,262.0,0.127871399185417,37,680.0
1730.0,40,208.0,1.6507936507936507,3.31520259380624,18,351.0,0.133329089380975,14,155.0,0.27448542130426956,8,252.0,0.12895667274802827,40,758.0
1735.0,39,272.0,2.193548387096774,3.6033813510505057,15,341.0,0.13644667186934498,14,222.0,0.25348525086304946,10,259.0,0.16439830397290517,39,822.0
1740.0,33,178.0,1.4471544715447155,3.0669779800204755,11,374.0,0.1390288645640611,11,231.0,0.20397519160181102,11,247.0,0.11708157332537852,33,852.0
1745.0,26,123.0,1.0,3.863725688066002,13,395.0,0.1487717706801186,5,181.0,0.264120256140509,8,211.0,0.19472204017107944,26,787.0
1750.0,29,103.0,0.8442622950819673,4.055125919789577,16,398.0,0.15942119235008653,6,129.0,0.36536949960428927,7,222.0,0.21640800805426708,29,749.0
1755.0,25,98.0,0.7967479674796748,4.065774438830363,11,350.0,0.17224498146925593,2,127.0,0.45170464978661884,12,240.0,0.16760276408415373,25,717.0
1760.0,24,88.0,0.704,3.8385934178675574,6,343.0,0.15794172858673763,7,124.0,0.3366263152907961,11,239.0,0.14132616091052264,24,706.0
1765.0,37,143.0,1.153225806451613,3.67250244495669,11,349.0,0.11792873703692405,12,176.0,0.23055598710920028,14,212.0,0.15631198165716637,37,737.0
1770.0,35,203.0,1.6639344262295082,3.536394478495312,11,345.0,0.12469943635654314,15,246.0,0.19253973605492264,9,209.0,0.1610541198435416,35,800.0
1775.0,32,164.0,1.3553719008264462,3.611941554167172,10,294.0,0.13897189219985187,12,252.0,0.24960743816267283,10,224.0,0.15937873103453523,32,770.0
1780.0,25,146.0,1.2478632478632479,4.217511530786148,7,268.0,0.21728960491050112,4,174.0,0.37522833388808563,14,261.0,0.16620913960291958,25,703.0
1785.0,29,120.0,1.0619469026548674,4.071333549408243,11,292.0,0.2148466210164688,2,74.0,0.2975359274043071,16,284.0,0.21213762841635125,29,650.0
1790.0,25,108.0,0.9908256880733946,4.0483259907828,7,285.0,0.2250216224380445,5,58.0,0.3979772366775328,13,265.0,0.21551473285079525,25,608.0
1795.0,24,136.0,1.2142857142857142,4.4979503679704536,5,212.0,0.1928445701218766,5,52.0,0.6082693697935664,14,244.0,0.19229784544242265,24,508.0
1800.0,20,86.0,0.7049180327868853,4.056961029095672,7,230.0,0.19486675350801091,1,42.0,0.5208934381174971,12,262.0,0.16268507071625485,20,534.0
1805.0,27,97.0,0.7886178861788617,4.297809182818451,10,246.0,0.1496338579782379,4,28.0,0.4055001509124368,13,296.0,0.15370057893836978,27,570.0
1810.0,30,135.0,1.1842105263157894,3.4485287824996402,10,249.0,0.13651098652751745,5,44.0,0.10415519519609119,15,336.0,0.16368904833637954,30,629.0
1815.0,27,142.0,1.3027522935779816,3.6958467711123157,9,219.0,0.1983525675319287,3,46.0,0.37719735409686117,15,365.0,0.21463737278065861,27,630.0
1820.0,28,101.0,0.8859649122807017,3.5307017870722706,8,216.0,0.191001268665995,4,30.0,0.4456658728803389,16,345.0,0.14562467076840788,28,591.0
1825.0,28,118.0,0.959349593495935,3.898078464445655,9,227.0,0.15324939588272196,5,38.0,0.499230009894196,14,383.0,0.14350516677103933,28,648.0
1830.0,30,156.0,1.2093023255813953,3.879581200579768,14,264.0,0.138776537762064,3,38.0,0.36501518458825893,13,425.0,0.11823399795513742,30,727.0
1835.0,30,141.0,1.194915254237288,3.083339800786504,14,283.0,0.1824641530894136,4,27.0,0.3478402976239349,12,438.0,0.13616346403215876,30,748.0
1840.0,26,94.0,0.7704918032786885,3.617507331797968,13,225.0,0.1954999699955835,1,22.0,0.48995217526985885,12,402.0,0.13517245423573113,26,649.0
1845.0,28,135.0,1.0384615384615385,4.1397353906433265,10,237.0,0.1760612359187231,5,28.0,0.4666436011856439,13,353.0,0.15218699510678477,28,618.0
1850.0,26,115.0,0.8455882352941176,4.1412691212841635,12,251.0,0.13730533745442072,4,36.0,0.41693579560987637,10,371.0,0.13934166195316505,26,658.0
1855.0,31,125.0,0.9398496240601504,3.988464406486872,13,257.0,0.1778812198862185,4,36.0,0.33332789233369375,14,374.0,0.1606562384752773,31,667.0
1860.0,22,68.0,0.5354330708661418,3.782410692069084,10,218.0,0.19681131735851282,5,42.0,0.32295651276682674,7,365.0,0.18511875162143984,22,625.0
1865.0,26,75.0,0.5813953488372093,3.8028752002448525,8,202.0,0.18176928181276403,7,55.0,0.32235059807987043,11,332.0,0.18901379056160253,26,589.0
1870.0,28,118.0,0.9007633587786259,3.991780769523776,13,219.0,0.16827954136678025,10,84.0,0.38029379207172787,5,321.0,0.15641523341724198,28,624.0
1875.0,26,89.0,0.689922480620155,3.4146041749508926,10,227.0,0.13009521862420131,6,92.0,0.2389236282440125,10,318.0,0.12131665305789133,26,637.0
1880.0,22,69.0,0.5655737704918032,3.678619428467928,8,209.0,0.21568890253329362,5,78.0,0.27554648236638746,9,309.0,0.16183871623406967,22,596.0
1885.0,21,62.0,0.512396694214876,3.769094387867963,8,216.0,0.20895508371939905,4,69.0,0.40668003888475474,9,267.0,0.16733355255878982,21,552.0
1890.0,30,107.0,0.816793893129771,4.1371963184503775,11,226.0,0.15334199265237408,9,78.0,0.3287326455646466,10,211.0,0.16620675622498057,30,515.0
1895.0,26,97.0,0.7578125,4.075121970007498,10,246.0,0.136699678536271,7,87.0,0.3235279249458967,9,198.0,0.1841210429864515,26,531.0
1900.0,24,84.0,0.6774193548387096,3.843103577283486,9,232.0,0.1888250561484784,5,71.0,0.2560778619140127,10,190.0,0.19343943342747405,24,493.0
1905.0,26,97.0,0.782258064516129,4.232848632891893,11,237.0,0.218708029720604,9,70.0,0.3183353829767228,6,164.0,0.22968407211599876,26,471.0
1910.0,24,90.0,0.7086614173228346,4.158138147821973,11,244.0,0.1938935078754632,7,80.0,0.3104786410026781,6,144.0,0.22227842042581167,24,468.0
1915.0,29,140.0,1.1111111111111112,3.834486310328503,15,264.0,0.14299269211093998,8,84.0,0.2572052569642708,6,147.0,0.20741008452851145,29,495.0
1920.0,31,180.0,1.4634146341463414,3.4483063114477663,13,290.0,0.1681608678173956,11,113.0,0.21683932122373986,7,144.0,0.1654997329384561,31,547.0
1925.0,26,119.0,0.9834710743801653,3.087836841485491,10,262.0,0.1547556531809133,10,138.0,0.23643468310048285,6,150.0,0.13949383912895194,26,550.0
1930.0,24,82.0,0.6507936507936508,3.6526240104771843,11,273.0,0.21378280286552082,6,116.0,0.3452366342855418,7,147.0,0.16101563450298145,24,536.0
1935.0,26,90.0,0.6716417910447762,3.749592889656694,12,301.0,0.17116785420041364,7,124.0,0.32107454552357084,7,151.0,0.17684899667951884,26,576.0
1940.0,27,94.0,0.706766917293233,3.6858956344744764,10,298.0,0.1451150679274096,8,131.0,0.19076194977607266,9,151.0,0.15775055999355803,27,580.0
1945.0,33,180.0,1.4285714285714286,3.6804791357663675,9,229.0,0.16438662680988222,12,159.0,0.19809651051267765,12,175.0,0.1299972188996683,33,563.0
1950.0,32,186.0,1.488,3.80163920540431,7,202.0,0.20884370965363372,11,177.0,0.2794357662567793,14,205.0,0.12300920318642178,32,584.0
1955.0,29,111.0,0.888,4.044458414854523,6,201.0,0.2749914326754547,7,142.0,0.3344063243261081,16,205.0,0.15364225778324245,29,548.0
1960.0,33,150.0,1.1538461538461537,4.11600530513564,10,209.0,0.2612166452341051,11,116.0,0.27555934247624464,12,243.0,0.17472088303959266,33,568.0
1965.0,29,131.0,0.9924242424242424,3.742097167258501,10,217.0,0.21017837427736366,7,126.0,0.26274980777443,12,277.0,0.17683794190559546,29,620.0
1970.0,32,108.0,0.8372093023255814,3.1412517168615954,11,207.0,0.16092126924548286,7,108.0,0.23060888067035734,14,296.0,0.12903580329060874,32,611.0
1975.0,36,141.0,1.0601503759398496,3.7538396214103846,11,202.0,0.17074992850087842,11,132.0,0.3330080303257802,14,286.0,0.11883882078196238,36,620.0
1980.0,27,115.0,0.8778625954198473,3.6995454216039625,8,196.0,0.16394343555784546,10,131.0,0.25505604664471937,9,300.0,0.15106195555393234,27,627.0
1985.0,30,111.0,0.8604651162790697,3.7709563391747145,10,202.0,0.18712248012314575,10,124.0,0.2432001338200727,10,309.0,0.18873555137014422,30,635.0
1990.0,28,121.0,0.937984496124031,3.889525436591922,9,181.0,0.19013586976886934,7,124.0,0.25460871782210126,12,345.0,0.19376564489211703,28,650.0
1995.0,35,236.0,1.84375,4.2242129096688945,9,160.0,0.18891686116405632,8,114.0,0.29422675668228837,18,407.0,0.14775374919191706,35,681.0
2000.0,40,285.0,2.2440944881889764,3.592994850760821,9,186.0,0.18130148562370368,12,144.0,0.21029582037126,19,434.0,0.0889176744692827,40,764.0
2005.0,38,216.0,1.7419354838709677,3.297911297071858,11,193.0,0.18131034713615202,9,157.0,0.2348492581818459,18,417.0,0.09818902344821018,38,767.0
2010.0,37,175.0,1.4462809917355373,3.561042733405437,9,210.0,0.17902399178148046,11,137.0,0.27945325077791083,17,361.0,0.18935603017851518,37,708.0
2015.0,29,138.0,1.1129032258064515,4.165028233499581,8,200.0,0.22224729074542926,7,155.0,0.3513691559699637,14,404.0,0.21273724735746594,29,759.0
2020.0,29,118.0,0.8939393939393939,4.145296917889986,9,191.0,0.1421087263665664,5,164.0,0.3014629846538941,15,437.0,0.16570183650078993,29,792.0
2025.0,31,125.0,0.9920634920634921,3.9848075930466593,10,187.0,0.17767276752980232,10,186.0,0.14797742481230144,11,437.0,0.16534307152051314,31,810.0
2030.0,31,152.0,1.2773109243697478,3.6249028435930115,14,195.0,0.1635655414969814,11,205.0,0.13757289581671542,6,377.0,0.18395238694739388,31,777.0
2035.0,35,155.0,1.28099173553719,3.9117537447759005,16,225.0,0.19796127641187347,9,175.0,0.26458556322230686,10,302.0,0.255055185084189,35,702.0
2040.0,27,123.0,1.0,3.8094380221537576,12,212.0,0.17371563587705874,9,217.0,0.3272648036404327,6,298.0,0.21803864928713498,27,727.0
2045.0,35,148.0,1.1297709923664123,4.010602926901465,15,210.0,0.1367994775113833,9,238.0,0.2286699364890663,11,302.0,0.21014934220678255,35,750.0
2050.0,32,110.0,0.8461538461538461,3.313111408366923,13,238.0,0.17382490280369295,10,236.0,0.1258037263521304,9,302.0,0.18731813821125437,32,776.0
2055.0,33,117.0,0.9,3.7293708792383105,13,254.0,0.21628073236177467,9,178.0,0.23282655152882667,11,270.0,0.2275570729994734,33,702.0
2060.0,25,71.0,0.5378787878787878,3.8005545513156833,12,282.0,0.21211935857297376,4,175.0,0.25790061282072685,9,270.0,0.22026192229927832,25,727.0
2065.0,28,106.0,0.7969924812030075,4.006812091405489,11,273.0,0.16391148567302935,8,186.0,0.26106770258915063,9,255.0,0.21344863053333504,28,714.0
2070.0,30,141.0,1.0763358778625953,3.2759385898802953,10,274.0,0.14059909703095844,8,187.0,0.12957064712645047,12,284.0,0.16913360931362517,30,745.0
2075.0,33,132.0,1.0153846153846153,3.567897645675402,9,259.0,0.20752827960837303,11,162.0,0.13471590354107,13,290.0,0.17961235676238937,33,711.0
2080.0,26,87.0,0.6796875,3.7356538971490303,10,257.0,0.1954100065544213,5,150.0,0.23966744168485787,11,222.0,0.21522719957038217,26,629.0
2085.0,29,97.0,0.7348484848484849,3.8599025666311024,11,255.0,0.14142131804924074,8,140.0,0.2668196581184299,10,235.0,0.20272624686237864,29,630.0
2090.0,31,94.0,0.6861313868613139,3.66878794063103,12,270.0,0.1506940233910907,8,142.0,0.20752771537886833,11,257.0,0.11992710153683439,31,669.0
2095.0,29,83.0,0.6384615384615384,3.5043766220393318,11,267.0,0.18989538604176992,7,106.0,0.13870133774333696,11,266.0,0.18367748121597982,29,639.0
2100.0,25,68.0,0.53125,3.8730828675307563,10,267.0,0.17940791610152904,6,120.0,0.19653184288305997,9,216.0,0.25446918255033457,25,603.0
2105.0,29,97.0,0.776,3.6511455826374397,9,218.0,0.13879666525024725,8,140.0,0.2682018128155506,12,246.0,0.18523896468340553,29,604.0
2110.0,35,157.0,1.1984732824427482,3.568643185005468,8,222.0,0.18733150428905368,14,190.0,0.15978270892838606,13,270.0,0.14193536430934736,35,682.0
2115.0,38,211.0,1.6356589147286822,3.559854345000275,9,214.0,0.18197879081454174,15,222.0,0.12099904318214583,14,318.0,0.15072864792074425,38,754.0
2120.0,33,172.0,1.4333333333333333,3.173761229953823,9,220.0,0.19320987773390857,11,212.0,0.13169783943814892,13,323.0,0.1623407368464003,33,755.0
2125.0,32,155.0,1.2916666666666667,4.248493835953142,9,197.0,0.24085304477825095,9,173.0,0.31919361398397467,14,260.0,0.2341848422934263,32,630.0
2130.0,26,86.0,0.6771653543307087,3.9422960633844726,10,203.0,0.20971348503024645,3,170.0,0.29746143843312217,13,305.0,0.22184120085778183,26,678.0
2135.0,30,117.0,0.8796992481203008,4.382658131242856,10,207.0,0.1744784225479269,6,157.0,0.3029162289711209,14,339.0,0.18718079923042888,30,703.0
2140.0,34,128.0,0.9770992366412213,3.4928500836073497,8,202.0,0.17464997363275722,8,162.0,0.2063072242713482,18,375.0,0.1199227652236794,34,739.0
2145.0,32,121.0,1.0083333333333333,3.710195593263057,8,173.0,0.2313169771249442,9,129.0,0.2887264918114154,15,358.0,0.1667528133133827,32,660.0
2150.0,26,105.0,0.8536585365853658,3.624094931270577,10,148.0,0.22080143446751122,7,145.0,0.2779928889788101,9,383.0,0.17576467019869993,26,676.0
2155.0,25,108.0,0.8181818181818182,3.9332042230013897,5,155.0,0.22286157602277024,9,148.0,0.21375425157260952,11,384.0,0.135594203192242,25,687.0
2160.0,37,177.0,1.372093023255814,3.585559474478127,8,140.0,0.16802350231259716,11,153.0,0.13165091285488087,18,427.0,0.1345835608780269,37,720.0
2165.0,37,188.0,1.5932203389830508,3.0988904692659123,8,138.0,0.2033802713379207,14,164.0,0.13592954436976,15,449.0,0.17299299141195068,37,751.0
2170.0,31,117.0,0.975,3.377005717248997,8,119.0,0.2492827925189972,10,199.0,0.1745315017482413,13,402.0,0.177157335258263,31,720.0
2175.0,33,167.0,1.3046875,4.574580919380402,7,104.0,0.2516895287378506,11,205.0,0.2816274990663197,15,352.0,0.18727711090902852,33,661.0
2180.0,31,120.0,0.9230769230769231,3.9135293405127585,9,118.0,0.20806288415241003,10,205.0,0.2112153927877622,12,343.0,0.17872300395277088,31,666.0
2185.0,33,103.0,0.8110236220472441,4.0832952436502135,11,130.0,0.21248612263263605,9,162.0,0.1952068757073096,13,353.0,0.2265032737469333,33,645.0
2190.0,26,124.0,0.992,4.21511874942037,8,147.0,0.23031961909991547,5,169.0,0.23715027476584924,13,385.0,0.22411486672297576,26,701.0
2195.0,30,129.0,1.084033613445378,3.8779394156930116,7,129.0,0.2585908323034671,11,189.0,0.26047007393101795,12,387.0,0.1745989747109961,30,705.0
2200.0,31,104.0,0.8253968253968254,3.6916553752880934,9,149.0,0.20615720007363933,10,199.0,0.2306219951520639,12,344.0,0.1394647235422109,31,692.0
2205.0,26,94.0,0.7833333333333333,3.945324488896142,9,157.0,0.19365418085923727,8,170.0,0.23897152744169195,9,329.0,0.21975746894652318,26,656.0
2210.0,29,105.0,0.860655737704918,4.1881895563879805,10,158.0,0.2148915903974212,8,139.0,0.20949909292430877,11,350.0,0.20879199709521465,29,647.0
2215.0,21,64.0,0.5614035087719298,4.061999099927393,7,124.0,0.2273948358471305,4,147.0,0.33473653351673105,10,347.0,0.21490719013706847,21,618.0
2220.0,16,79.0,0.7247706422018348,4.225191144240176,8,147.0,0.18710561280406898,4,141.0,0.30882669139589936,4,266.0,0.2407497856480043,16,554.0
2225.0,19,82.0,0.7256637168141593,4.221992570868342,8,158.0,0.15273902773483333,7,142.0,0.311049425695083,4,212.0,0.2813591133665355,19,512.0
2230.0,19,78.0,0.6842105263157895,4.506064494236703,11,171.0,0.20034319359704358,6,138.0,0.32627491527201397,2,180.0,0.32284886058171547,19,489.0
2235.0,26,152.0,1.3217391304347825,4.6425251625311255,16,209.0,0.20960140676449882,3,134.0,0.27173908733207536,7,179.0,0.2988418237958232,26,522.0
2240.0,31,169.0,1.5363636363636364,3.894749317505917,16,242.0,0.127992170834251,8,144.0,0.22894814521380644,7,178.0,0.2528342706905501,31,564.0
2245.0,28,129.0,1.2403846153846154,3.5478984735666157,14,243.0,0.135528405197216,9,155.0,0.2592625561975561,5,141.0,0.21900387771364366,28,539.0
2250.0,23,111.0,1.0277777777777777,4.101038690142412,12,280.0,0.18104037923440894,6,133.0,0.2687685039790163,5,117.0,0.3038426369039881,23,530.0
2255.0,25,118.0,1.0535714285714286,4.797210531437336,18,333.0,0.18207946796547456,5,96.0,0.31415956396002814,2,90.0,0.34786181612968287,25,519.0
2260.0,25,97.0,0.8660714285714286,4.199568791898744,13,360.0,0.1656039660075878,5,93.0,0.2611110845111719,7,100.0,0.27754337789853734,25,553.0
2265.0,23,74.0,0.6727272727272727,3.8809963675979975,7,315.0,0.15000134801572562,9,105.0,0.303658245207678,7,106.0,0.17233891508969953,23,526.0
2270.0,16,40.0,0.3669724770642202,3.710450729629661,4,324.0,0.20637332010777867,9,119.0,0.20956835621400519,3,71.0,0.22528822576040053,16,514.0
2275.0,21,71.0,0.6339285714285714,4.427051338047246,9,345.0,0.16386240153343404,11,115.0,0.20262880234636363,1,29.0,0.337796878744631,21,489.0
2280.0,17,54.0,0.4954128440366973,4.753115799439861,11,344.0,0.13468219223281494,6,118.0,0.29167321424376125,0,13.0,0.4343342376924308,17,475.0
2285.0,16,50.0,0.47619047619047616,4.973081894141312,8,300.0,0.15863194197992198,7,116.0,0.2960478525021889,1,8.0,0.4369555916171296,16,424.0
2290.0,18,77.0,0.77,5.143835312800268,7,260.0,0.2392869584424871,9,125.0,0.2602882095649106,2,10.0,0.470284630774652,18,395.0
2295.0,16,105.0,1.0294117647058822,5.603733492801873,6,217.0,0.29016734686457707,9,112.0,0.20289048857929148,1,17.0,0.5746016130865754,16,346.0
2300.0,16,169.0,1.707070707070707,6.042446655253691,5,202.0,0.3580883191807716,8,108.0,0.2676391529023353,3,27.0,0.6507038173422683,16,337.0
2305.0,9,88.0,0.8712871287128713,5.580216081586767,2,180.0,0.40244790311736445,4,104.0,0.23396937063219925,3,38.0,0.5836907187469912,9,322.0
2310.0,20,52.0,0.5,5.357476612048449,7,132.0,0.38667875868345253,8,97.0,0.19110042325601537,5,26.0,0.3963170438298765,20,255.0
2315.0,23,83.0,0.8217821782178217,4.15981557664227,7,140.0,0.24411513298621718,8,112.0,0.15415027684981675,8,37.0,0.2811678149846503,23,289.0
2320.0,29,96.0,0.9696969696969697,3.862898635579584,10,133.0,0.2277745844458077,8,112.0,0.20412660737787328,11,67.0,0.25981778329794425,29,312.0
2325.0,16,56.0,0.5384615384615384,4.331865145668871,6,155.0,0.23075068272311053,5,110.0,0.2624027126724833,5,66.0,0.35266491109065085,16,331.0
2330.0,21,103.0,0.9279279279279279,5.328575501213578,9,159.0,0.2602669856377709,8,98.0,0.1851125216857432,4,59.0,0.4710525083666967,21,316.0
2335.0,21,62.0,0.5535714285714286,4.125575774531222,9,172.0,0.13766650378055226,9,112.0,0.15970814642091727,3,43.0,0.3665335713925108,21,327.0
2340.0,24,91.0,0.875,4.407390562758385,9,133.0,0.21659545991772783,9,118.0,0.1981185331020753,6,42.0,0.3654105628648526,24,293.0
2345.0,20,56.0,0.5233644859813084,4.0480932811254124,6,143.0,0.24466701728654433,9,135.0,0.18206993028978494,5,54.0,0.34492998446812195,20,332.0
2350.0,23,69.0,0.6272727272727273,4.659396654553662,7,147.0,0.22450857024715482,11,170.0,0.19022207347276077,5,34.0,0.3563954538706805,23,351.0
2355.0,18,58.0,0.5523809523809524,3.410687325629026,6,153.0,0.1396727547521984,10,187.0,0.11603281049037843,2,37.0,0.27460227275519616,18,377.0
2360.0,25,89.0,0.8725490196078431,4.084826567783343,5,123.0,0.2426007643625656,11,170.0,0.15927900256998484,9,65.0,0.3027300291429114,25,358.0
2365.0,22,128.0,1.2307692307692308,4.933383605969065,5,107.0,0.31132358213620775,11,176.0,0.2334648110645947,6,78.0,0.36436298996193694,22,361.0
2370.0,15,99.0,0.9339622641509434,4.934613603328676,4,106.0,0.363483475495478,8,190.0,0.251740108499688,3,47.0,0.34489458048581256,15,343.0
2375.0,17,53.0,0.48623853211009177,4.905405949920267,4,81.0,0.25741386612435846,10,187.0,0.19236567889856007,3,34.0,0.40794771909271793,17,302.0
2380.0,23,96.0,0.8807339449541285,4.489754583238411,8,79.0,0.20981116319379642,10,194.0,0.16775322629558298,5,39.0,0.3180523263754748,23,312.0
2385.0,18,56.0,0.5233644859813084,4.197509894000628,7,97.0,0.2993911762332738,8,185.0,0.16575550954765156,3,34.0,0.25475770767042677,18,316.0
2390.0,20,75.0,0.7009345794392523,4.982475291145876,6,79.0,0.35156500760653625,8,155.0,0.2334991462947689,6,49.0,0.28225582986888614,20,283.0
2395.0,22,121.0,1.110091743119266,5.222152453229316,4,76.0,0.324255745956594,7,148.0,0.30796750875922163,11,79.0,0.27269174839437305,22,303.0
2400.0,22,144.0,1.2972972972972974,5.363084438413846,9,101.0,0.26951506453127394,6,148.0,0.38804363664648445,7,96.0,0.2845214322315089,22,345.0
2405.0,19,86.0,0.819047619047619,4.6081973617863055,6,108.0,0.22512361336655345,5,130.0,0.35541792521763443,8,87.0,0.2733112043342452,19,325.0
2410.0,19,53.0,0.48623853211009177,4.438163215362403,2,61.0,0.2533717754382818,8,95.0,0.3389415220872519,9,106.0,0.24278878024413567,19,262.0
2415.0,18,70.0,0.6542056074766355,4.644798481119368,2,41.0,0.25687836617082205,7,111.0,0.3145135696459392,9,131.0,0.20293702414295087,18,283.0
2420.0,23,72.0,0.6792452830188679,4.514961554936298,3,38.0,0.32315417067015617,8,99.0,0.27317893520956027,12,151.0,0.16080882038518055,23,288.0
2425.0,18,92.0,0.92,4.770195066872574,3,39.0,0.42294363059597023,5,94.0,0.3203679582133143,10,158.0,0.17398303024166678,18,291.0
2430.0,19,129.0,1.2169811320754718,5.412665428906645,5,51.0,0.3862259142053173,8,96.0,0.3333431658367403,6,153.0,0.20763053926890238,19,300.0
2435.0,15,106.0,1.0,5.286377172732542,1,21.0,0.486700493417371,9,110.0,0.20404474046301388,5,140.0,0.2826548480766093,15,271.0
2440.0,23,151.0,1.4660194174757282,5.281475887976064,6,20.0,0.4208038958660179,11,111.0,0.20123600963319235,6,138.0,0.3252928219409351,23,269.0
2445.0,17,163.0,1.5825242718446602,4.746774266794084,4,35.0,0.26609651539054874,5,116.0,0.20076220741646902,8,152.0,0.34466274442859024,17,303.0
2450.0,14,48.0,0.48,5.244262010525938,2,32.0,0.37884497449957333,8,108.0,0.1808335577328617,4,116.0,0.3548612737797691,14,256.0
2455.0,15,54.0,0.5510204081632653,5.415413304589129,1,22.0,0.4589667911782741,9,122.0,0.1437312341461868,5,38.0,0.3269201068728234,15,182.0
2460.0,14,54.0,0.5869565217391305,5.030424825361461,2,24.0,0.5261841653173955,8,113.0,0.1783801572774532,4,38.0,0.3148338787920098,14,175.0
2465.0,19,88.0,0.9565217391304348,5.19279690167498,5,39.0,0.49157725256379725,8,104.0,0.23144504898687737,6,31.0,0.3305409362089328,19,174.0
2470.0,14,77.0,0.77,5.8247779976784955,3,23.0,0.5346747953572502,6,112.0,0.2751869092262129,5,46.0,0.415425273085814,14,181.0
2475.0,11,114.0,1.1067961165048543,6.3740133377964145,3,15.0,0.4296262368845408,4,109.0,0.31861538460765715,4,55.0,0.4484785379589233,11,179.0
2480.0,11,22.0,0.22,5.153524660968623,4,28.0,0.2948896584459831,3,83.0,0.2984929021947244,4,38.0,0.3843078023027739,11,149.0
2485.0,22,80.0,0.8247422680412371,4.683825559006087,3,30.0,0.25778630638383654,9,88.0,0.3011065618426142,9,65.0,0.22873654785894587,21,183.0
2490.0,23,74.0,0.7254901960784313,3.893084714187737,3,28.0,0.28789136204004134,9,113.0,0.17916207055462507,11,99.0,0.16222078591569486,23,240.0
2495.0,28,106.0,1.06,4.371520034562007,8,59.0,0.3385157945503312,8,115.0,0.18067974051854682,12,115.0,0.21324678020329518,28,289.0
2500.0,21,95.0,0.95,4.463562598622453,8,83.0,0.32591712488664243,5,94.0,0.22083610065547216,8,117.0,0.260061572733205,21,294.0
2505.0,19,89.0,0.8725490196078431,5.4078185253983655,6,76.0,0.3821305675281785,5,94.0,0.3437473353009429,8,120.0,0.28266342616770096,19,290.0
2510.0,15,54.0,0.5242718446601942,5.38076100137327,5,58.0,0.3817579707846383,1,62.0,0.4378045942326478,9,137.0,0.18631071939865052,15,257.0
2515.0,20,86.0,0.86,5.422676982780709,3,53.0,0.5219892690823031,7,84.0,0.36921910157576476,10,137.0,0.169696476772531,20,274.0
2520.0,14,80.0,0.8,4.9593099542078765,3,52.0,0.5013840096857631,7,100.0,0.24482168825160067,4,127.0,0.1963699881162905,14,279.0
2525.0,15,36.0,0.34951456310679613,4.777411955834069,3,19.0,0.44678997052606445,4,85.0,0.19515623529984374,8,120.0,0.21503065392353585,15,224.0
2530.0,19,62.0,0.6326530612244898,5.212635747136244,8,45.0,0.45930454567106344,2,52.0,0.22982113686269467,9,136.0,0.21416112064342388,19,233.0
2535.0,13,45.0,0.4787234042553192,5.2104334239079595,4,53.0,0.3848837951027,1,27.0,0.42316203413482206,8,118.0,0.2181422243209567,13,198.0
2540.0,8,32.0,0.3333333333333333,5.818455658235802,4,40.0,0.3868645251980012,1,21.0,0.6178001288537476,3,116.0,0.2215865523639,8,177.0
2545.0,13,49.0,0.4803921568627451,5.8452692382266465,3,32.0,0.47428046117616524,2,19.0,0.6349770533300776,8,104.0,0.1441987571922361,13,155.0
2550.0,15,76.0,0.7378640776699029,5.523013750173482,2,35.0,0.5566742270741392,4,32.0,0.5120293296121898,9,115.0,0.15151887225069413,15,182.0
2555.0,13,70.0,0.6862745098039216,5.599368695987791,3,40.0,0.6112180002599915,4,34.0,0.45476421959193053,6,98.0,0.1809836299836495,13,172.0
2560.0,15,121.0,1.1862745098039216,5.8813123205996956,3,55.0,0.6247489509754224,7,49.0,0.36826814718321477,5,86.0,0.2100920853243805,15,190.0
2565.0,14,84.0,0.8155339805825242,5.161823847309179,2,15.0,0.2585062499740508,4,62.0,0.3081575182967579,8,95.0,0.22555882736851904,14,172.0
2570.0,20,68.0,0.6938775510204082,4.6426954865958985,9,31.0,0.19131348085908134,5,57.0,0.3074944470776326,6,87.0,0.24355126563034243,20,175.0
2575.0,14,47.0,0.4895833333333333,4.523102247259203,6,51.0,0.3113816753386222,1,39.0,0.22232146963670588,7,56.0,0.26171247159687056,14,146.0
2580.0,15,53.0,0.5760869565217391,4.38000664186629,1,31.0,0.41836782630631153,6,49.0,0.21261545243215044,8,76.0,0.2190729332555299,15,156.0
2585.0,22,64.0,0.6808510638297872,4.090925427614583,2,20.0,0.3754276578976542,9,71.0,0.202127884440896,11,95.0,0.16675196547772494,22,186.0
2590.0,18,68.0,0.723404255319149,4.78657176405669,6,47.0,0.5468227622644035,5,78.0,0.20400857685767407,7,108.0,0.177726984198602,18,233.0
2595.0,16,83.0,0.8736842105263158,4.843296458874737,2,42.0,0.45182417835753097,5,71.0,0.2275190873035764,9,112.0,0.16084953382675865,16,225.0
2600.0,18,110.0,1.2087912087912087,5.096342096231748,4,26.0,0.5437452484700095,3,73.0,0.5244289541533455,11,140.0,0.1018606722921201,18,239.0
2605.0,15,72.0,0.7912087912087912,5.210690009058191,5,37.0,0.4977458957653246,2,58.0,0.4512144913708823,8,137.0,0.1405875529840369,15,232.0
2610.0,19,66.0,0.7021276595744681,5.547782191171494,4,28.0,0.42076112872018995,6,47.0,0.40736776385488227,9,115.0,0.1615485498457333,19,190.0
2615.0,14,78.0,0.8125,5.9860150143570765,5,23.0,0.26130055440133654,5,52.0,0.40487450402648917,4,119.0,0.23868499709625232,14,194.0
2620.0,10,24.0,0.2696629213483146,5.443574389352172,6,39.0,0.24511688487516506,3,52.0,0.35451630880877544,1,94.0,0.3107904451220249,10,185.0
2625.0,13,44.0,0.5116279069767442,5.862247271822522,2,27.0,0.5456301748342939,4,52.0,0.3038677618907674,7,87.0,0.2332746974878488,13,166.0
2630.0,10,35.0,0.4166666666666667,6.359699479870922,1,15.0,0.6984943027279348,2,51.0,0.35579222619971496,7,102.0,0.2500769194186067,10,168.0
2635.0,16,61.0,0.7176470588235294,5.895585838717901,3,21.0,0.5757594581025814,10,72.0,0.3325984005750942,3,83.0,0.24157495872926252,16,176.0
2640.0,16,73.0,0.7934782608695652,6.583885301624851,4,36.0,0.548225011885988,8,95.0,0.33861305200690517,4,46.0,0.284019905288921,16,177.0
2645.0,8,19.0,0.21839080459770116,7.0674834480790265,2,17.0,0.5748030648745943,6,68.0,0.3097654808964495,0,27.0,0.4626888852786089,8,112.0
2650.0,14,59.0,0.6704545454545454,7.0931202466281515,5,24.0,0.4634270294741988,5,64.0,0.4064769486523983,4,22.0,0.3958522561190801,14,110.0
2655.0,5,14.0,0.16470588235294117,6.985656639650613,3,28.0,0.5425225648746298,2,59.0,0.3523800601345197,0,19.0,0.46323258221369085,5,106.0
2660.0,12,41.0,0.5125,6.69125341395461,0,14.0,0.5208531217466031,7,71.0,0.29106084299881213,5,22.0,0.36495472157639663,12,107.0
2665.0,15,42.0,0.5316455696202531,4.9031179002793195,1,8.0,0.32289408721519186,8,93.0,0.21861329594640871,6,37.0,0.18729243004648286,15,138.0
2670.0,16,49.0,0.6447368421052632,5.804670823128445,6,34.0,0.42740261122790285,4,74.0,0.280884825164173,6,45.0,0.2864186540214401,16,153.0
2675.0,6,16.0,0.21052631578947367,6.385788961539445,1,38.0,0.5670147957405365,0,41.0,0.44320003311300804,5,57.0,0.3264722573874409,6,136.0
2680.0,12,50.0,0.6410256410256411,7.303753967188077,1,11.0,0.6163787176703299,1,15.0,0.6108120460996372,10,83.0,0.2714124014048974,12,109.0
2685.0,15,58.0,0.7532467532467533,6.620810138495712,3,10.0,0.5896835476805893,2,12.0,0.7026804531550694,10,105.0,0.20557108994244927,15,127.0
2690.0,17,72.0,0.9,6.281436649124508,2,20.0,0.584362161547172,3,25.0,0.5776983015161019,12,110.0,0.20859312983724052,17,155.0
2695.0,13,106.0,1.308641975308642,7.340727612675788,2,30.0,0.6341836254718978,3,38.0,0.7042007522334017,8,102.0,0.26129785029335095,13,170.0
2700.0,12,61.0,0.7349397590361446,6.896195634149561,2,2.0,0.48904544030258046,2,34.0,0.6382099602757275,8,109.0,0.28803944469604076,12,145.0
2705.0,12,39.0,0.46987951807228917,6.166497021326444,5,16.0,0.3519083700184196,4,39.0,0.4429539877501708,3,97.0,0.2913110734089186,12,152.0
2710.0,20,75.0,0.9146341463414634,5.507665161800384,5,33.0,0.2667556550547281,9,45.0,0.20743375728413035,6,78.0,0.3059355166765293,20,156.0
2715.0,16,65.0,0.8666666666666667,5.0346607663680985,2,28.0,0.3863541463413952,7,68.0,0.2396309343043277,7,94.0,0.22833488957050557,16,190.0
2720.0,13,30.0,0.38461538461538464,5.534221022252701,6,27.0,0.3997151606523969,2,51.0,0.4765537190009012,5,81.0,0.21636885516403723,13,159.0
2725.0,14,77.0,0.9166666666666666,7.083405292495407,8,57.0,0.42870581260963053,2,35.0,0.5796523994689899,4,60.0,0.331210197024663,14,152.0
2730.0,13,86.0,1.036144578313253,6.953945117673788,4,60.0,0.4812866277058253,4,37.0,0.48732389420612937,5,57.0,0.3937287695247462,13,154.0
2735.0,9,19.0,0.2289156626506024,6.325041384067612,2,24.0,0.4576710970235626,5,35.0,0.45753867936858994,2,39.0,0.3090140586656971,9,98.0
2740.0,14,63.0,0.7590361445783133,7.131015962309736,2,15.0,0.5045748274851536,5,39.0,0.4397793531682074,7,40.0,0.3250723605043999,14,94.0
2745.0,18,51.0,0.6455696202531646,5.396489511153165,3,4.0,0.3890677986890219,4,42.0,0.3330482634796556,11,65.0,0.19417764540765095,18,111.0
2750.0,20,75.0,1.0135135135135136,5.651110895819895,10,37.0,0.31775754676938567,4,48.0,0.4259129305492532,6,68.0,0.26030704022862594,20,153.0
2755.0,14,104.0,1.368421052631579,6.023154590381539,10,84.0,0.35810042014278165,2,41.0,0.543583267267032,2,65.0,0.30418003413541334,14,190.0
2760.0,15,102.0,1.2911392405063291,5.59049362380182,6,101.0,0.3428777259797373,3,43.0,0.4834747205204058,6,75.0,0.2777514301738193,15,219.0
2765.0,12,33.0,0.4230769230769231,5.186572595839877,2,71.0,0.37434544324551383,2,33.0,0.34283140824265457,8,92.0,0.23255956574813397,12,196.0
2770.0,11,41.0,0.5189873417721519,6.196681106220246,2,25.0,0.4073518325196741,3,21.0,0.5039141442462058,6,68.0,0.20501782012421577,11,114.0
2775.0,7,28.0,0.345679012345679,7.145766636644579,2,17.0,0.5398579466003608,3,28.0,0.5987657853584176,2,61.0,0.2717879497678631,7,106.0
2780.0,13,65.0,0.8125,7.7099873409145205,2,28.0,0.7049427039956853,3,25.0,0.5678430992558358,8,76.0,0.29196613946802913,13,129.0
2785.0,13,67.0,0.881578947368421,6.537347598638427,5,44.0,0.5568619971063544,1,22.0,0.49814258117671106,7,88.0,0.2467693832400683,13,154.0
2790.0,10,20.0,0.2631578947368421,5.754632027425939,1,23.0,0.4568446544309728,6,24.0,0.38437729554832417,3,65.0,0.23208808068614933,10,112.0
2795.0,15,43.0,0.5375,6.383823830852878,5,17.0,0.3667138109899577,6,39.0,0.3842696979306728,4,44.0,0.30087474961966126,15,100.0
2800.0,8,40.0,0.5333333333333333,7.2244969136418495,2,22.0,0.4998117480164809,4,35.0,0.38151738849366174,2,41.0,0.4900456978875243,8,98.0
2805.0,8,36.0,0.4864864864864865,7.461642324226392,2,5.0,0.5752399316252869,3,26.0,0.41811328256924674,3,44.0,0.5041242976904796,8,75.0
2810.0,14,43.0,0.5657894736842105,7.282435059559309,3,10.0,0.5373312465314241,8,44.0,0.3563214576581451,3,19.0,0.46494633141186137,14,73.0
2815.0,15,52.0,0.65,6.125089564619494,0,11.0,0.5098265818466279,9,66.0,0.23509836100940482,6,33.0,0.31635540812649166,15,110.0
2820.0,13,38.0,0.5277777777777778,5.524751999478708,3,9.0,0.5524461613460508,5,68.0,0.17842493822910221,5,48.0,0.3542617337354281,13,125.0
2825.0,5,24.0,0.34285714285714286,5.96556922795795,0,12.0,0.5141726374784107,2,60.0,0.3825220521953301,3,36.0,0.3327890588649043,5,108.0
2830.0,10,61.0,0.8356164383561644,7.524538514152017,2,7.0,0.623924060024807,3,53.0,0.5341642133010076,5,45.0,0.3649469111220309,10,105.0
2835.0,6,49.0,0.6621621621621622,7.7723656690994485,1,1.0,0.5865451125202589,1,30.0,0.5338423704478479,4,56.0,0.3786614456807309,6,87.0
2840.0,15,101.0,1.3835616438356164,6.488035897986265,5,16.0,0.35978002937093856,6,36.0,0.2970981651588799,4,72.0,0.4325885402974284,15,124.0
2845.0,8,22.0,0.3188405797101449,5.3819836419728055,3,27.0,0.26484062849334994,5,52.0,0.09079558414244285,0,38.0,0.4784158417581512,8,117.0
2850.0,11,21.0,0.3,6.203126330426357,1,19.0,0.4519853620889037,4,39.0,0.2776598186418621,6,18.0,0.3893290982089671,11,76.0
2855.0,10,25.0,0.373134328358209,7.302461639823157,3,16.0,0.5363421117584969,0,25.0,0.5540293710812306,7,38.0,0.3294595557358159,10,79.0
2860.0,8,36.0,0.5373134328358209,6.78029027063686,1,17.0,0.6606537532934531,5,40.0,0.4039118273909854,2,34.0,0.23467155195609743,8,91.0
2865.0,11,53.0,0.7464788732394366,7.541939711799476,2,20.0,0.6922043848931023,5,48.0,0.38989449726040165,4,30.0,0.3503480354701661,11,98.0
2870.0,4,5.0,0.07142857142857142,7.612689570768184,1,4.0,0.6084966921272447,1,30.0,0.3949810869523698,2,30.0,0.4839731571975604,4,64.0
2875.0,10,34.0,0.5074626865671642,7.3527365266577185,5,18.0,0.5086398658097421,1,7.0,0.40214576955893233,4,31.0,0.4661187360165746,10,56.0
2880.0,6,15.0,0.22727272727272727,6.973394143710827,1,15.0,0.5271297039468169,0,2.0,0.5730627089733077,5,41.0,0.35433058348652,6,58.0
2885.0,4,11.0,0.18333333333333332,8.42491204540114,0,3.0,0.6847829367724166,1,6.0,0.7229382396562721,3,35.0,0.4158492170064656,4,44.0
2890.0,5,22.0,0.34375,9.235834794972458,1,1.0,0.6470054061246661,1,10.0,0.8594736459087192,3,32.0,0.42090252718858756,5,43.0
2895.0,5,40.0,0.6060606060606061,8.818842747574317,1,6.0,0.6608581077631925,1,11.0,0.7786732045722888,3,33.0,0.35382120507263043,5,50.0
2900.0,8,71.0,1.0289855072463767,9.332328711136208,1,11.0,0.6954090184929119,2,21.0,0.7561709882761801,5,46.0,0.43088776886841673,8,78.0
2905.0,7,102.0,1.5223880597014925,9.292151790773298,1,16.0,0.6911631374200943,3,33.0,0.6179240836564822,3,57.0,0.4980310029344926,7,106.0
2910.0,7,33.0,0.5076923076923077,8.077879740197165,4,27.0,0.6140505044838184,2,10.0,0.48223523489932596,1,28.0,0.47136430110850164,7,65.0
2915.0,14,88.0,1.3968253968253967,7.989987983376092,3,42.0,0.6220257035358073,8,34.0,0.37045997127677727,3,15.0,0.36451433463438676,14,91.0
2920.0,7,24.0,0.41379310344827586,6.0583483887130125,1,11.0,0.4183581832357168,3,48.0,0.3608781879518611,3,20.0,0.20423649610255215,7,79.0
2925.0,7,20.0,0.38461538461538464,7.6611774991092725,5,18.0,0.4057287529008861,1,24.0,0.515715910697693,1,16.0,0.4898983315233409,7,58.0
2930.0,2,11.0,0.21153846153846154,8.405989112643434,1,22.0,0.4998896553349384,1,8.0,0.5399802157325854,0,7.0,0.610433566189877,2,37.0
2935.0,5,10.0,0.18518518518518517,8.794626357308557,1,6.0,0.5671033731646191,3,12.0,0.48904025356513975,1,8.0,0.6398212868557138,5,26.0
2940.0,8,36.0,0.631578947368421,9.679714206521894,2,6.0,0.6272036644602699,4,22.0,0.5286656879089513,2,12.0,0.6565880813424749,8,40.0
2945.0,2,14.0,0.2545454545454545,8.279542379501223,2,14.0,0.5084610704126644,0,22.0,0.47882368914718637,0,5.0,0.4342510911253189,2,41.0
2950.0,8,19.0,0.36538461538461536,7.739301543444876,0,7.0,0.5852821072490597,2,9.0,0.5449375019860655,6,18.0,0.3313883021244007,8,34.0
2955.0,4,19.0,0.3958333333333333,9.43152063003496,2,8.0,0.6664233735842241,1,12.0,0.6731791762896565,1,27.0,0.5738475490274888,4,47.0
2960.0,4,19.0,0.4418604651162791,8.678949358924637,1,11.0,0.5137489472808529,2,22.0,0.5993834057416985,1,7.0,0.6202690202581245,4,40.0
2965.0,5,36.0,0.8372093023255814,8.746486326113667,1,2.0,0.475399671042263,3,36.0,0.6296098088834303,1,4.0,0.587238214034239,5,42.0
2970.0,6,56.0,1.1666666666666667,10.068378996900252,1,0.0,0.6096908857773975,4,49.0,0.6570880058793508,1,9.0,0.6417971470277435,6,58.0
2975.0,5,23.0,0.4791666666666667,9.453996443909283,0,0.0,0.6708657105546081,1,16.0,0.6813018167630306,4,21.0,0.5285785854818708,5,37.0
2980.0,10,52.0,1.0,8.62796879495085,1,2.0,0.7910427498224614,4,16.0,0.4243734167610229,5,36.0,0.41093481513928143,10,54.0
2985.0,6,62.0,1.3777777777777778,8.276588056235024,1,7.0,0.6216314610742775,2,19.0,0.4155423535118532,3,51.0,0.5184236668624376,6,77.0
2990.0,5,67.0,1.6341463414634145,7.606616860554044,2,3.0,0.6008479909686729,0,6.0,0.5383674716953035,3,68.0,0.38509611022220064,5,77.0
2995.0,8,101.0,2.4047619047619047,8.23112378165268,2,10.0,0.5161684744176194,1,5.0,0.6545808978280284,5,91.0,0.5344275376788801,8,106.0
3000.0,4,10.0,0.22727272727272727,8.28305472782071,1,8.0,0.6658733508428193,1,10.0,0.48872637744613384,2,43.0,0.5672069230539509,4,61.0
3005.0,3,13.0,0.2765957446808511,9.210756850534034,0,0.0,0.8090321915884077,0,3.0,0.5734353381581055,3,15.0,0.5698092259409852,3,18.0
3010.0,5,15.0,0.3,8.672587213806633,1,0.0,0.7277178892372445,2,11.0,0.6752309399710272,2,19.0,0.36107880814890575,5,30.0
3015.0,6,30.0,0.625,8.94023373373289,0,0.0,0.8396603545304882,2,23.0,0.6885403769740558,4,14.0,0.34341301758547366,6,37.0
3020.0,3,5.0,0.10204081632653061,8.252700819999845,0,0.0,0.7304324987990719,0,14.0,0.6157640094592554,3,13.0,0.37435538671535584,3,27.0
3025.0,10,38.0,0.7755102040816326,8.335710208490148,1,5.0,0.7580909706000264,0,2.0,0.8035406508423721,9,39.0,0.33676820289439113,10,46.0
3030.0,8,36.0,0.782608695652174,8.128842404316538,1,10.0,0.7246895298526611,0,0.0,0.7292689620332314,7,61.0,0.4019098144880763,8,71.0
3035.0,4,13.0,0.28888888888888886,7.996027125640592,1,2.0,0.691458135402129,1,7.0,0.7831838860927445,2,33.0,0.435093458163786,4,42.0
3040.0,7,35.0,0.7291666666666666,7.91083932695505,3,9.0,0.456888077804781,1,12.0,0.7684470978273468,3,23.0,0.44905005952217836,7,44.0
3045.0,3,43.0,0.8269230769230769,8.892955268026146,0,7.0,0.5990496033040785,1,17.0,0.7176032590710953,2,28.0,0.5206281895547069,3,52.0
3050.0,4,39.0,0.7222222222222222,10.082142521760737,1,0.0,0.7222642953061568,1,3.0,0.6860615166747571,2,38.0,0.624973967077486,4,41.0
3055.0,6,59.0,1.0925925925925926,9.858708824282155,1,0.0,0.675711418507273,3,13.0,0.6137743980401986,2,48.0,0.5861290920410168,6,61.0
3060.0,6,67.0,1.2641509433962264,8.558657536841443,0,0.0,0.7959564534289154,2,13.0,0.5105542619481043,4,64.0,0.28128357144608146,6,77.0
3065.0,4,10.0,0.18518518518518517,8.027541560057205,0,2.0,0.6835720044519569,1,8.0,0.48450608647764587,3,50.0,0.3864283021033348,4,60.0
3070.0,3,6.0,0.10909090909090909,8.607928219956118,2,6.0,0.6531787113212485,0,6.0,0.4688404969602036,1,14.0,0.6783465581165178,3,26.0
3075.0,5,16.0,0.3076923076923077,7.837528096135227,0,2.0,0.6399029538338036,3,16.0,0.44131142298493553,2,16.0,0.5881008892590459,5,34.0
3080.0,10,54.0,0.9818181818181818,8.229772446346585,2,6.0,0.5673166221761878,4,34.0,0.46505477067371204,4,28.0,0.5503905547045217,10,68.0
3085.0,5,4.0,0.07142857142857142,7.483015934896537,4,5.0,0.4472372874015152,0,21.0,0.4715356148416568,1,22.0,0.5911669740316902,5,48.0
3090.0,11,44.0,0.7586206896551724,7.281935564370887,2,13.0,0.4594699077532414,5,20.0,0.29101936081271845,4,15.0,0.45379797758531265,11,48.0
3095.0,7,35.0,0.660377358490566,7.2032550915240305,2,23.0,0.4718035294935111,3,30.0,0.4641271187179943,2,17.0,0.38764176851248566,7,70.0
3100.0,4,37.0,0.6727272727272727,9.205893637205634,4,39.0,0.5960682894687301,0,20.0,0.6218031461003739,0,7.0,0.6350160125977188,4,66.0
3105.0,4,52.0,0.9122807017543859,10.614122633237765,3,54.0,0.6607220986268031,0,8.0,0.7556217662351565,1,2.0,0.7788047970547534,4,64.0
3110.0,6,68.0,1.1724137931034482,10.469683515420986,3,67.0,0.6012211386888061,1,3.0,0.7591678177499304,2,2.0,0.7235613834422037,6,72.0
3115.0,5,15.0,0.2777777777777778,9.40047274972239,0,29.0,0.6223102460791945,4,14.0,0.6385705975268051,1,1.0,0.6506583967170572,5,44.0
3120.0,11,60.0,1.25,8.288881609745097,3,10.0,0.41667881921413924,4,34.0,0.5134177485299845,4,16.0,0.47657984143362636,11,60.0
3125.0,6,58.0,1.3488372093023255,6.943934185614567,1,15.0,0.4343359770414375,4,54.0,0.3670806840011215,1,19.0,0.45085668295096637,6,88.0
3130.0,3,0.0,0.0,7.720114441925183,1,3.0,0.44016799264365564,0,37.0,0.5421184250466288,2,2.0,0.5349338339618495,3,42.0
3135.0,3,8.0,0.17391304347826086,10.633266784243295,1,0.0,0.6724173648039871,2,11.0,0.6970004612415083,0,0.0,0.6790784018006643,3,11.0
3140.0,3,1.0,0.02040816326530612,9.732835481725091,1,1.0,0.5035091994700124,0,9.0,0.6453531463497767,2,0.0,0.6652174902205515,3,10.0
3145.0,2,3.0,0.06382978723404255,10.092517230355325,1,3.0,0.6862583937518557,0,0.0,0.7128067153730802,1,3.0,0.6601791394645697,2,6.0
3150.0,3,8.0,0.17391304347826086,9.740277828005945,1,2.0,0.6322501270312918,0,0.0,0.7207953003763584,2,8.0,0.6180338672088621,3,10.0
3155.0,5,23.0,0.5348837209302325,8.72910727042573,1,2.0,0.5580420782081562,2,5.0,0.6445407796324737,2,18.0,0.6268221461048457,5,25.0
3160.0,5,42.0,1.05,9.34154064111352,1,4.0,0.6524049550925833,1,11.0,0.7442966241946314,3,28.0,0.5536099740447974,5,43.0
3165.0,6,66.0,1.6097560975609757,8.633506007507876,3,13.0,0.5508510225685992,1,16.0,0.748624484780311,2,38.0,0.45666414153779117,6,67.0
3170.0,6,72.0,1.6,7.886153809432139,2,4.0,0.5545393245169226,2,23.0,0.5886608097196427,2,48.0,0.40409642244406613,6,75.0
3175.0,8,54.0,1.148936170212766,8.62672825065807,4,18.0,0.5307102898101511,3,36.0,0.49743561020225635,1,23.0,0.6672322446016138,8,77.0
3180.0,3,4.0,0.08333333333333333,7.710197241014722,2,18.0,0.40085532243613653,1,9.0,0.3326228474784921,0,0.0,0.6584458308253578,3,27.0
3185.0,5,20.0,0.45454545454545453,7.51975504858741,0,2.0,0.42667448682984366,4,22.0,0.3957130629774218,1,0.0,0.5696041062012094,5,24.0
3190.0,1,0.0,0.0,9.572143616936659,1,0.0,0.6519637043413522,0,19.0,0.6285842684914748,0,0.0,0.7212748667478756,1,19.0
3195.0,2,2.0,0.046511627906976744,9.99415599547228,1,4.0,0.5296106481823117,0,2.0,0.8504650664419101,1,2.0,0.6805442652265105,2,8.0
3200.0,4,18.0,0.4186046511627907,10.295699840987098,4,20.0,0.4829090347361621,0,0.0,0.8610244762194986,0,2.0,0.8679684970990976,4,22.0
3205.0,3,2.0,0.04878048780487805,8.442488443340636,1,18.0,0.506501876212413,2,2.0,0.5678020721798052,0,2.0,0.778669367854423,3,22.0
3210.0,8,25.0,0.5681818181818182,8.494087164167796,2,4.0,0.5423188260532937,4,18.0,0.4579834049351493,2,5.0,0.710581481531392,8,27.0
3215.0,5,16.0,0.3333333333333333,8.441135374285848,3,5.0,0.3906665523406776,1,17.0,0.608340075208996,1,10.0,0.6751525898728412,5,32.0
3220.0,7,41.0,0.803921568627451,8.799796521551048,6,28.0,0.36786323661578424,0,3.0,0.6330991194580229,1,17.0,0.6409075624402293,7,48.0
3225.0,5,42.0,0.8571428571428571,8.95944487998311,3,36.0,0.5269302963885887,1,5.0,0.6643954136678438,1,22.0,0.6813266927584425,5,63.0
3230.0,3,11.0,0.23404255319148937,8.479498241006004,0,25.0,0.5947421784787684,1,12.0,0.7359280808421965,2,3.0,0.5272361447477714,3,40.0
3235.0,8,33.0,0.66,8.499826643979677,1,6.0,0.6280491650516538,2,17.0,0.6810627275585266,5,19.0,0.44449909909786667,8,42.0
3240.0,5,34.0,0.6538461538461539,9.015833609327533,1,6.0,0.7579026471652845,1,22.0,0.7687979989565245,3,26.0,0.33995146620242683,5,54.0
3245.0,5,36.0,0.6666666666666666,9.076197217217558,3,11.0,0.5919931134871822,1,27.0,0.7307599879122778,1,11.0,0.5287811088219212,5,49.0
3250.0,3,35.0,0.625,9.351042154610072,1,2.0,0.5734262025685952,2,35.0,0.7278422775801137,0,2.0,0.618895949599703,3,39.0
3255.0,7,61.0,1.0701754385964912,9.495230739749886,4,16.0,0.432416597218311,2,45.0,0.7133237315898102,1,2.0,0.6581289098061334,7,63.0
3260.0,9,76.0,1.3818181818181818,8.126288804070633,2,17.0,0.39850352092437874,2,53.0,0.5942768026563202,5,18.0,0.5264887926193624,9,88.0
3265.0,6,77.0,1.54,6.896804518604054,0,6.0,0.5555982473258868,2,65.0,0.4989140082940108,4,29.0,0.3347803226115005,6,100.0
3270.0,4,12.0,0.23529411764705882,7.710809748849337,1,4.0,0.6173832566607259,1,27.0,0.7080324100780702,2,29.0,0.31502498323885486,4,60.0
3275.0,5,25.0,0.45454545454545453,9.37468078008768,2,9.0,0.6663383818076112,1,11.0,0.7961353806268281,2,18.0,0.4101891528160179,5,38.0
3280.0,4,33.0,0.6,10.33197345635063,1,14.0,0.5673874786655262,0,2.0,0.8478395449582005,3,21.0,0.5823665654458061,4,37.0
3285.0,5,52.0,0.9811320754716981,10.51007231213371,2,25.0,0.6885882411407848,0,0.0,0.8036806641640092,3,29.0,0.614264673698656,5,54.0
3290.0,6,72.0,1.3333333333333333,10.389494874134986,3,35.0,0.6557225948493086,0,0.0,0.8189522872408301,3,39.0,0.6482874991280801,6,74.0
3295.0,8,100.0,1.9230769230769231,9.694354828157373,3,45.0,0.6371288111609402,2,2.0,0.6377655238699375,3,53.0,0.6577261478216189,8,100.0
3300.0,11,142.0,2.8979591836734695,7.688354761725312,4,61.0,0.49190114052284023,3,11.0,0.4830941881106373,4,70.0,0.4865828116843581,11,142.0
3305.0,6,13.0,0.24528301886792453,6.101638110044189,1,16.0,0.3904921728156763,4,21.0,0.3588334609539023,1,34.0,0.3772231968181888,6,71.0
3310.0,12,35.0,0.603448275862069,7.224535635228502,4,18.0,0.5023723089763582,2,23.0,0.27287403036120517,6,17.0,0.4486358298708688,12,58.0
3315.0,3,8.0,0.14545454545454545,6.844611691774903,0,18.0,0.5910959754057132,1,20.0,0.2254098276386259,2,24.0,0.5605814489230692,3,62.0
3320.0,11,37.0,0.7254901960784313,7.678460604402719,1,2.0,0.7499515578589887,8,53.0,0.2930631616371552,2,13.0,0.5719638565143774,11,68.0
3325.0,7,41.0,0.7884615384615384,8.86180877861661,0,0.0,0.7498729856876014,5,72.0,0.4750031800503348,2,16.0,0.6098799308176528,7,88.0
3330.0,3,31.0,0.5849056603773585,9.199267646973956,0,2.0,0.8350435283891618,1,47.0,0.4762186040158993,2,28.0,0.6339252176808551,3,77.0
3335.0,3,46.0,0.9019607843137255,10.084230147000104,0,2.0,0.9029159925070416,1,16.0,0.5390395368825986,2,38.0,0.7479933912732133,3,56.0
3340.0,4,64.0,1.2549019607843137,10.01752268074564,0,0.0,0.8152536513843756,2,18.0,0.6371127753712114,2,48.0,0.6817026783634096,4,66.0
3345.0,4,84.0,1.6153846153846154,10.720382492375489,0,0.0,0.8614144679875012,2,28.0,0.7169599866391005,2,56.0,0.6674571177368029,4,84.0
3350.0,4,104.0,2.08,10.11348985117281,0,0.0,0.8007523843075556,2,38.0,0.5834104590444545,2,66.0,0.6672286509094676,4,104.0
3355.0,5,128.0,2.5098039215686274,10.37357550778172,0,0.0,0.7876842280704658,2,48.0,0.5719759350907313,3,80.0,0.6230350130095079,5,128.0
3360.0,2,58.0,1.2340425531914894,10.295343253801216,0,0.0,0.8173438344560031,2,58.0,0.5950676571253578,0,7.0,0.6988111899505693,2,65.0
3365.0,9,77.0,1.673913043478261,8.84379002377262,1,1.0,0.6960214188458164,2,68.0,0.44495335599457103,6,8.0,0.4760326167934798,9,77.0
3370.0,7,91.0,2.1666666666666665,6.386021292968216,4,13.0,0.3371663263868649,2,78.0,0.5635010830444624,1,10.0,0.364442651890643,7,101.0
3375.0,5,96.0,2.1818181818181817,7.355366500937465,3,20.0,0.40017825747356345,2,90.0,0.535379606851542,0,0.0,0.5877792904611268,5,110.0
3380.0,3,4.0,0.08888888888888889,8.751764231663465,0,13.0,0.5539102595747551,1,4.0,0.6328945948457171,2,5.0,0.5018123040803947,3,22.0
3385.0,10,31.0,0.6326530612244898,9.115447405897294,1,2.0,0.599003628020361,2,11.0,0.7715761488931804,7,24.0,0.409636144093409,10,37.0
3390.0,1,2.0,0.0392156862745098,8.975078669625827,1,4.0,0.561964886312465,0,6.0,0.7168192883803477,0,25.0,0.5737416417253219,1,35.0
3395.0,5,18.0,0.3829787234042553,9.055039932485705,4,17.0,0.5157284141408561,0,0.0,0.7322749794295286,1,7.0,0.5692655849887022,5,24.0
3400.0,1,3.0,0.07142857142857142,8.331422670743635,0,19.0,0.6249296689501117,1,3.0,0.37506897319297083,0,7.0,0.5780043180432798,1,29.0
3405.0,1,8.0,0.21052631578947367,9.685571937710872,0,0.0,0.6984989038783618,1,12.0,0.7514857420048384,0,2.0,0.6741977069123981,1,14.0
3410.0,3,13.0,0.30952380952380953,10.118671224832909,1,0.0,0.7223651644929352,1,17.0,0.7999526230457844,1,0.0,0.5931567623322541,3,17.0
3415.0,2,22.0,0.5,10.973233257528669,0,0.0,0.7378349802925039,2,22.0,0.781429968886241,0,0.0,0.8130731251943709,2,22.0
3420.0,3,37.0,0.8043478260869565,11.072120875041781,1,5.0,0.7747825949985279,2,32.0,0.7158756167055743,0,0.0,0.8271626753734923,3,37.0
3425.0,4,11.0,0.25,9.660665153109091,2,10.0,0.6455963165246802,1,13.0,0.5565381974356376,1,0.0,0.782338546868385,4,23.0
3430.0,6,33.0,0.7674418604651163,8.773453436971597,1,15.0,0.7049340140536176,5,18.0,0.4162431859870055,0,0.0,0.66643133137165,6,33.0
3435.0,6,33.0,0.7674418604651163,8.248734402888555,1,20.0,0.7098608711550382,3,30.0,0.4254429900971917,2,5.0,0.5819765770697141,6,55.0
3440.0,2,25.0,0.5681818181818182,9.391582167439886,2,27.0,0.5527077058578439,0,7.0,0.5699814971657932,0,2.0,0.7664047416777535,2,36.0
3445.0,5,39.0,0.8863636363636364,8.85033435742803,2,36.0,0.656138382985227,1,5.0,0.438769491953561,2,6.0,0.688049031101857,5,47.0
3450.0,9,67.0,1.6341463414634145,6.357731247304916,2,46.0,0.6603153195733782,6,26.0,0.13737861414608696,1,10.0,0.5977072463544937,9,82.0
3455.0,10,24.0,0.5581395348837209,5.656122485593817,2,1.0,0.37552269885833683,7,52.0,0.24564996847013182,1,0.0,0.5559703078433693,10,53.0
3460.0,8,27.0,0.5869565217391305,8.247504253031702,6,22.0,0.4136735351820857,2,41.0,0.5169070681981148,0,2.0,0.8026019052381987,8,65.0
3465.0,4,11.0,0.22916666666666666,9.206420225686697,2,28.0,0.5157996927386601,1,18.0,0.6903357864232268,1,3.0,0.7387454569370314,4,49.0
3470.0,3,22.0,0.4583333333333333,9.746565416103635,1,9.0,0.6957694822242866,1,14.0,0.6913008418601209,1,8.0,0.6166814684838101,3,31.0
3475.0,2,26.0,0.5098039215686274,8.942629223729636,1,9.0,0.6852321713388656,1,19.0,0.7316291157732593,0,5.0,0.46943734637933154,2,33.0
3480.0,3,36.0,0.6923076923076923,10.26376841331974,2,14.0,0.6875179433934979,1,26.0,0.8341111623235987,0,0.0,0.5746237024849794,3,40.0
3485.0,4,22.0,0.41509433962264153,9.926362303141001,1,19.0,0.7678397765447418,2,7.0,0.5945191623767246,1,0.0,0.5521545359984696,4,26.0
3490.0,5,41.0,0.7592592592592593,9.707431587149896,1,24.0,0.6375375019594294,4,21.0,0.545342895814532,0,0.0,0.7302865913824572,5,45.0
3495.0,7,44.0,0.9166666666666666,8.420825751945271,0,0.0,0.695994354393081,7,48.0,0.3859605350907558,0,0.0,0.799590703741049,7,48.0
3500.0,9,45.0,0.9782608695652174,6.864743668522932,2,7.0,0.32196029613233657,6,66.0,0.26361787599307995,1,0.0,0.6100882964678686,9,73.0
3505.0,4,11.0,0.2619047619047619,7.352426069728076,0,5.0,0.6866847486925044,4,60.0,0.25275208943268823,0,2.0,0.766464992632493,4,67.0
3510.0,2,3.0,0.07894736842105263,7.2312830193350015,0,2.0,0.7759641287624538,2,72.0,0.35989156587219134,0,2.0,0.7383030165689639,2,76.0
3515.0,11,37.0,0.8604651162790697,5.793698134845673,2,4.0,0.5593872210450319,8,99.0,0.24896425444852816,1,7.0,0.687828372012278,11,110.0
3520.0,11,49.0,1.065217391304348,5.773585417228496,1,7.0,0.6614482395341119,8,117.0,0.16819313798313446,2,10.0,0.5849964417276692,11,134.0
3525.0,6,37.0,0.7551020408163265,7.18577458870609,2,14.0,0.6281899437144959,3,99.0,0.2477398447468286,1,17.0,0.7252243235477475,6,130.0
3530.0,4,45.0,0.8490566037735849,8.962008770416029,2,23.0,0.6880346135723029,1,58.0,0.436546104741886,1,22.0,0.7169736504469698,4,103.0
3535.0,3,56.0,1.0566037735849056,10.431448683937829,2,31.0,0.6358106988125544,0,22.0,0.6655208107033042,1,27.0,0.8630953880957409,3,80.0
3540.0,5,78.0,1.56,10.45424913515808,2,41.0,0.6889192353125618,1,13.0,0.8189480732585431,2,32.0,0.6903288579048439,5,86.0
3545.0,4,62.0,1.1481481481481481,9.449219474181442,2,51.0,0.5881218155938591,1,10.0,0.7916015703894715,1,6.0,0.620511620660463,4,67.0
3550.0,9,91.0,1.5689655172413792,8.69684146317997,3,64.0,0.6069108370925722,1,15.0,0.7630058637455519,5,12.0,0.47199876941851254,9,91.0
3555.0,5,26.0,0.4642857142857143,8.060887173622364,2,9.0,0.5658022326957378,1,20.0,0.729764293749202,2,16.0,0.4915779794133442,5,45.0
3560.0,7,43.0,0.7543859649122807,7.591602592804446,3,12.0,0.4506632995377774,2,31.0,0.6367913215020492,2,13.0,0.4288800926382908,7,56.0
3565.0,7,57.0,1.0555555555555556,7.448668421721188,3,19.0,0.3837142647426828,2,41.0,0.7018741558312912,2,14.0,0.42380205427578355,7,74.0
3570.0,7,72.0,1.3584905660377358,8.188494802539894,2,12.0,0.36222219659707494,2,51.0,0.7228158432459071,3,21.0,0.5379930753907407,7,84.0
3575.0,4,90.0,1.6071428571428572,9.693455990802873,0,7.0,0.6204022265221136,2,61.0,0.674795597317118,2,31.0,0.5928746272697171,4,99.0
3580.0,2,4.0,0.07272727272727272,9.803824648692794,0,1.0,0.716490706860497,0,24.0,0.6851331271297113,2,23.0,0.5302412356999574,2,48.0
3585.0,12,40.0,0.7547169811320755,8.01076560347366,1,3.0,0.6890608318181163,3,11.0,0.3807337400353549,8,30.0,0.27476297647280984,12,44.0
3590.0,6,30.0,0.6382978723404256,7.960357592735865,1,8.0,0.6884668553892664,1,12.0,0.487972480883646,4,48.0,0.33621469369879936,6,68.0
3595.0,1,13.0,0.28888888888888886,9.567380728167352,1,15.0,0.7656806214855479,0,4.0,0.7114269173221192,0,17.0,0.5086908406161942,1,36.0
3600.0,1,18.0,0.4090909090909091,11.693848624717647,1,20.0,0.6379869706502863,0,2.0,0.8482666514887507,0,4.0,0.8376863124288053,1,26.0
