step,system_total_stopped,system_total_waiting_time,system_mean_waiting_time,system_mean_speed,A0_stopped,A0_accumulated_waiting_time,A0_average_speed,B0_stopped,B0_accumulated_waiting_time,B0_average_speed,C0_stopped,C0_accumulated_waiting_time,C0_average_speed,agents_total_stopped,agents_total_accumulated_waiting_time
5.0,1,0.0,0.0,2.05343935637502,0,0.0,0.2986280310967738,1,0.0,0.0,0,0.0,1.0,1,0.0
10.0,0,0.0,0.0,8.187796978553509,0,0.0,0.6286697284681965,0,0.0,0.7544253406069577,0,0.0,0.44193829427593084,0,0.0
15.0,0,0.0,0.0,11.05219636905255,0,0.0,0.969616740950765,0,0.0,0.5739089618061619,0,0.0,0.9345390236850767,0,0.0
20.0,2,1.0,0.16666666666666666,9.259178203875267,0,0.0,0.9529498484908882,1,1.0,0.5005394730241787,1,0.0,0.4891332939199468,2,1.0
25.0,0,0.0,0.0,9.331539339943971,0,0.0,0.1349580573534772,0,0.0,0.9549621477100985,0,0.0,0.5755155262033013,0,0.0
30.0,0,0.0,0.0,11.2955964928021,0,0.0,0.7191967226799009,0,0.0,0.9866413893609803,0,0.0,0.6468037514829227,0,0.0
35.0,1,0.0,0.0,10.265539343599308,0,0.0,0.7582495237700275,0,0.0,0.9483363350610795,1,0.0,0.6311856261486967,1,0.0
40.0,1,0.0,0.0,9.855514605589605,0,0.0,0.8507282649260361,0,0.0,1.0,1,0.0,0.6146436771756405,1,0.0
45.0,3,6.0,0.3157894736842105,8.773981634489454,0,0.0,0.7193966794892948,0,0.0,0.7220475460756535,3,6.0,0.5678040095387634,3,6.0
50.0,4,20.0,0.9090909090909091,8.717648171906133,0,0.0,0.8409946606603954,0,0.0,0.9838780394157984,4,20.0,0.4087310697635866,4,20.0
55.0,5,12.0,0.46153846153846156,7.421448886923693,1,2.0,0.5794111043234313,0,0.0,0.4446374390977992,4,27.0,0.39064447711693345,5,29.0
60.0,2,11.0,0.4074074074074074,8.71990114995108,1,7.0,0.5963765512517325,1,6.0,0.7660469619961042,0,13.0,0.3833074525917838,2,26.0
65.0,4,28.0,0.9655172413793104,9.43985339696333,2,14.0,0.42697140568883646,1,11.0,0.73566362121107,1,5.0,0.6040430019436467,4,30.0
70.0,3,34.0,1.1724137931034482,9.796622619147401,2,24.0,0.46872394798950695,0,2.0,0.860352427156984,1,10.0,0.6517209799117232,3,36.0
75.0,1,15.0,0.5172413793103449,9.610061427523966,0,1.0,0.8072421679745748,0,0.0,0.7585146573509159,1,17.0,0.61235337482793,1,18.0
80.0,2,25.0,0.8064516129032258,9.680049867474306,0,0.0,0.5988993171228632,1,5.0,0.7342969420508524,1,22.0,0.679416402019995,2,27.0
85.0,2,10.0,0.3225806451612903,9.592136328646177,1,0.0,0.7121474610800851,1,10.0,0.6985097301202228,0,2.0,0.7545140137885565,2,12.0
90.0,2,18.0,0.5625,10.037499865255494,0,0.0,0.751039853408423,1,16.0,0.7318322310629113,1,5.0,0.5641789267836081,2,21.0
95.0,1,1.0,0.03225806451612903,8.420242795727104,0,0.0,0.7386093389397613,0,1.0,0.636807235285018,1,5.0,0.10550937670401024,1,6.0
100.0,4,9.0,0.2571428571428571,9.23027206338924,1,0.0,0.6872034432133974,3,10.0,0.47412009958851686,0,1.0,0.4595108464391343,4,11.0
105.0,1,2.0,0.06060606060606061,9.671724906059033,1,2.0,0.556550993115295,0,11.0,0.6426135266533936,0,0.0,0.8664508014662203,1,13.0
110.0,5,17.0,0.53125,8.185012344976554,4,19.0,0.39304810406782265,0,0.0,0.5077221795221637,1,0.0,0.6580614866029526,5,19.0
115.0,1,5.0,0.1724137931034483,8.769935610239434,1,22.0,0.4401484865876962,0,0.0,0.9538662586098056,0,0.0,0.8752998946350535,1,22.0
120.0,2,2.0,0.08,9.30068627428808,0,7.0,0.5324011992303892,1,3.0,0.7019117204657889,1,1.0,0.6364179440164788,2,11.0
125.0,3,7.0,0.2916666666666667,8.789080224673722,2,1.0,0.4044392510619647,1,8.0,0.7099760699535843,0,0.0,0.44536205011044805,3,9.0
130.0,3,19.0,0.8260869565217391,9.755905913112532,1,6.0,0.6542693544884046,2,17.0,0.5988071265503201,0,0.0,1.0,3,23.0
135.0,0,0.0,0.0,9.723699444439054,0,0.0,0.7519749237229462,0,7.0,0.6746711700691669,0,0.0,1.0,0,7.0
140.0,1,0.0,0.0,9.502450595728218,0,2.0,0.6239798786550362,0,2.0,0.6902496939327855,1,0.0,0.45955817842676305,1,4.0
145.0,1,0.0,0.0,9.265338084808118,0,2.0,0.4962604370018054,0,0.0,1.0,1,0.0,0.7207527185484041,1,2.0
150.0,1,4.0,0.18181818181818182,9.69026393488855,1,4.0,0.6265311952806677,0,1.0,0.6276711629492849,0,0.0,0.7543162051657395,1,5.0
155.0,2,11.0,0.4583333333333333,9.912053669033556,1,9.0,0.6651963023716858,0,1.0,0.8526763477903985,1,2.0,0.5212324981735164,2,12.0
160.0,5,29.0,1.0740740740740742,9.364058005728996,2,14.0,0.5479761515262707,0,1.0,0.9377037010170968,3,15.0,0.3915167935759572,5,30.0
165.0,6,55.0,1.9642857142857142,8.308455760934281,2,24.0,0.5479404682318536,1,2.0,0.5396910635419613,3,30.0,0.25997463970498425,6,56.0
170.0,0,0.0,0.0,8.780226929432603,0,0.0,0.6619087944471751,0,3.0,0.4572682830444517,0,11.0,0.7599961755564042,0,14.0
175.0,2,5.0,0.17857142857142858,9.785037369113054,2,5.0,0.49131100329399524,0,0.0,0.6259275540865489,0,2.0,0.605148454787552,2,7.0
180.0,5,9.0,0.42857142857142855,7.149415684072456,0,6.0,0.48645692080240854,3,4.0,0.015458378606680824,2,7.0,0.6435742706542413,5,17.0
185.0,4,20.0,1.0526315789473684,7.887380550813799,0,0.0,0.5269081066830693,3,21.0,0.39038116517609284,1,3.0,0.7345565029426466,4,24.0
190.0,4,40.0,2.0,9.673704680361727,0,0.0,0.9438995977005705,3,38.0,0.6610857384558662,1,6.0,0.5159897915848818,4,44.0
195.0,2,11.0,0.5,9.744153044056269,1,0.0,0.7300646600064419,0,18.0,0.7274136317768342,1,11.0,0.6222279095912195,2,29.0
200.0,2,16.0,0.6956521739130435,10.200167656697307,1,2.0,0.7189569353253948,0,2.0,0.7175752211528922,1,18.0,0.6940028603642608,2,22.0
205.0,1,21.0,0.8076923076923077,10.99439993550985,0,2.0,0.7444631895811513,0,0.0,0.8515059882428165,1,23.0,0.795796644458719,1,25.0
210.0,1,26.0,1.0833333333333333,12.054017382435424,0,0.0,0.9374315695626009,0,0.0,0.8708598125124206,1,28.0,0.8140159545949384,1,28.0
215.0,4,34.0,1.3076923076923077,10.450886285285618,1,1.0,0.7768954215266586,1,2.0,0.740840157605744,2,31.0,0.5780604257332485,4,34.0
220.0,2,42.0,1.5555555555555556,9.49330246043535,1,6.0,0.4662959652097783,0,0.0,0.7217413448495946,1,36.0,0.47435248681886094,2,42.0
225.0,1,1.0,0.03571428571428571,10.803527861842708,1,1.0,0.6354589432396186,0,0.0,0.8172374580990681,0,2.0,0.8118391977642906,1,3.0
230.0,3,7.0,0.25925925925925924,10.580531098796003,1,6.0,0.6439845974966102,2,1.0,0.4698337660735884,0,2.0,0.9352713744786963,3,9.0
235.0,3,13.0,0.65,8.586211073370194,0,0.0,0.6339057166694613,3,13.0,0.31512522696178213,0,0.0,0.936941703728304,3,13.0
240.0,2,5.0,0.29411764705882354,8.468428215642096,0,0.0,1.0,1,21.0,0.5471756551575906,1,0.0,0.49171640593925503,2,21.0
245.0,1,3.0,0.16666666666666666,10.721658280996314,0,2.0,0.7656988823426996,1,10.0,0.7343377869168994,0,0.0,0.8470713648350414,1,12.0
250.0,0,0.0,0.0,10.401245816107686,0,2.0,0.8696885331483131,0,2.0,0.604939298908641,0,0.0,0.8329445617926787,0,4.0
255.0,4,10.0,0.5,7.984845057387983,1,2.0,0.6097662542818407,3,12.0,0.09237014943315525,0,0.0,0.8424677258132387,4,14.0
260.0,1,1.0,0.05263157894736842,7.339896120560304,1,3.0,0.4486592087338193,0,10.0,0.3509380890740676,0,0.0,0.7395971100564507,1,13.0
265.0,2,0.0,0.0,8.949773543115294,1,3.0,0.5306166627046366,0,0.0,0.9271552449771535,1,2.0,0.7269263150262801,2,5.0
270.0,2,0.0,0.0,10.474074375503651,1,2.0,0.781780382383836,0,0.0,0.9554443085590117,1,2.0,0.6025987359354771,2,4.0
275.0,1,5.0,0.18518518518518517,10.716749638817385,0,0.0,0.8526732446669324,0,0.0,0.7220287126610383,1,7.0,0.547155835664274,1,7.0
280.0,2,8.0,0.3333333333333333,11.03694813268055,1,3.0,0.6159535514838479,1,5.0,0.7740814748353053,0,2.0,0.7434496176527241,2,10.0
285.0,2,8.0,0.3076923076923077,10.748631255638868,1,8.0,0.3639963034959012,0,2.0,0.8581428423088331,1,0.0,0.7167988409958183,2,10.0
290.0,0,0.0,0.0,11.45044495535856,0,2.0,0.7329662161064041,0,2.0,0.9543172570814026,0,0.0,0.6712107107525768,0,4.0
295.0,2,9.0,0.391304347826087,10.474202426030216,1,7.0,0.7832490875141517,0,0.0,0.6801506976248876,1,4.0,0.6446930211304485,2,11.0
300.0,2,14.0,0.6666666666666666,9.25481463612685,0,0.0,0.7740196719600633,0,0.0,0.4441697640356431,2,14.0,0.5236454175484391,2,14.0
305.0,1,0.0,0.0,8.50553299564792,0,0.0,0.8513876747439322,0,2.0,0.831771631841538,1,9.0,0.3061512332727154,1,11.0
310.0,0,0.0,0.0,11.850801460974408,0,0.0,0.7272432643299952,0,4.0,0.9151289080509998,0,0.0,0.6890742927455529,0,4.0
315.0,0,0.0,0.0,11.817573867502043,0,0.0,0.8109424956701471,0,4.0,0.81579266680412,0,0.0,0.634017550907094,0,4.0
320.0,2,3.0,0.11538461538461539,10.625473315541624,0,0.0,0.9031638409823415,1,2.0,0.7645717117274662,1,3.0,0.49790236317140446,2,5.0
325.0,2,2.0,0.08695652173913043,9.592150574351923,2,2.0,0.4805369387858969,0,0.0,0.791058878980167,0,0.0,0.6414271333563148,2,2.0
330.0,3,9.0,0.391304347826087,10.142495283207849,0,0.0,0.8518551097890079,1,5.0,0.7488905789732286,2,4.0,0.6427148245672197,3,9.0
335.0,6,23.0,0.9583333333333334,8.724400875998574,2,0.0,0.7165143771694507,2,12.0,0.31695871752028254,2,11.0,0.5528637571161525,6,23.0
340.0,0,0.0,0.0,8.925651930827955,0,0.0,0.7277921185125289,0,0.0,0.35605078218648634,0,5.0,0.5691903830668725,0,5.0
345.0,1,4.0,0.13333333333333333,10.954496548819483,0,0.0,0.7005215772693244,1,6.0,0.6455980708874098,0,0.0,0.8579488044309608,1,6.0
350.0,1,2.0,0.06896551724137931,11.026382070450035,1,2.0,0.5232931329931868,0,2.0,0.956157881061253,0,0.0,0.876657721990296,1,4.0
355.0,4,14.0,0.4117647058823529,9.62247814832705,2,12.0,0.2983190380926051,1,4.0,0.7073022993537041,1,2.0,0.717343181990394,4,18.0
360.0,5,37.0,1.2758620689655173,9.580866260348024,4,30.0,0.37196893683151216,1,7.0,0.8140950181794108,0,2.0,0.9056122775542731,5,39.0
365.0,0,0.0,0.0,8.762662307160843,0,22.0,0.6225835533500088,0,0.0,0.5919902441665797,0,0.0,0.8109069095327955,0,22.0
370.0,2,8.0,0.2962962962962963,10.247318440528376,0,0.0,0.8218398335177847,1,7.0,0.5713000367036627,1,3.0,9.023521621725377e-05,2,10.0
375.0,3,9.0,0.32142857142857145,8.161906120566039,2,1.0,0.4456521758672053,0,6.0,0.5966507300874307,1,8.0,0.06407713329247301,3,15.0
380.0,5,13.0,0.4642857142857143,8.775263193378331,5,15.0,0.4657962074865691,0,0.0,0.7659498721110706,0,0.0,0.710440273325384,5,15.0
385.0,6,35.0,1.25,8.7552823461517,4,35.0,0.4968847390303697,1,2.0,0.6758237024404062,1,0.0,0.7705298197423196,6,37.0
390.0,1,0.0,0.0,7.940056391103895,1,29.0,0.5397230520048009,0,0.0,0.025452939650157123,0,0.0,0.7718034628740897,1,29.0
395.0,4,12.0,0.4,7.828844889803728,1,2.0,0.5986700962517241,2,11.0,0.48692591523967604,1,3.0,0.34705705940793585,4,16.0
400.0,2,19.0,0.6129032258064516,9.188554073013979,0,0.0,0.6896145071070422,2,21.0,0.6254936058755661,0,0.0,0.541187780161103,2,21.0
405.0,3,2.0,0.05555555555555555,9.18305069056086,3,2.0,0.44724646982261984,0,4.0,0.8064850599598411,0,0.0,0.7461044095677375,3,6.0
410.0,6,22.0,0.6111111111111112,9.194951981284063,5,24.0,0.40315931260267013,0,2.0,0.8649080473876659,1,2.0,0.5931822222883137,6,28.0
415.0,4,6.0,0.17142857142857143,7.507857016810333,2,29.0,0.37799012379587343,1,0.0,0.3089762159916714,1,5.0,0.6738749913034782,4,34.0
420.0,3,3.0,0.09090909090909091,7.945834021118663,1,9.0,0.5071972294006227,0,2.0,0.6531720222357238,2,5.0,0.5987752576907176,3,16.0
425.0,2,7.0,0.21212121212121213,10.14421051490854,0,2.0,0.525890406661765,1,7.0,0.8181081192322784,1,4.0,0.7004108364345035,2,13.0
430.0,6,21.0,0.6176470588235294,8.52501945680487,5,14.0,0.12381645447409603,0,4.0,0.851861203824606,1,9.0,0.5749686308966785,6,27.0
435.0,3,11.0,0.3548387096774194,8.122546202629417,2,24.0,0.29086246752056316,0,0.0,0.912785985374897,1,4.0,0.48257324452565775,3,28.0
440.0,2,12.0,0.3870967741935484,9.889845200984825,0,14.0,0.6958009380725864,0,2.0,0.7303864545410739,2,12.0,0.6068565735805256,2,28.0
445.0,0,0.0,0.0,10.013711995245094,0,0.0,0.7496819740652824,0,2.0,0.7776102696937488,0,8.0,0.6898112331559443,0,10.0
450.0,3,5.0,0.16129032258064516,10.196984191052756,1,0.0,0.6726924059782967,1,4.0,0.7593886139690637,1,5.0,0.646528214880968,3,9.0
455.0,4,11.0,0.3142857142857143,9.163647113168649,1,0.0,0.667948057697499,0,2.0,0.6839308529062577,3,11.0,0.28266128820999425,4,13.0
460.0,1,4.0,0.10526315789473684,10.171606703955312,0,0.0,0.6966908056245421,1,6.0,0.5875351599169522,0,0.0,0.8180225228681799,1,6.0
465.0,2,12.0,0.35294117647058826,10.230826528494127,0,0.0,0.8188847732063914,2,12.0,0.5073728329688401,0,0.0,0.8122664898352128,2,12.0
470.0,5,32.0,1.032258064516129,9.319909134482891,1,3.0,0.750868111360443,4,29.0,0.24867007232127913,0,0.0,0.8682295326067958,5,32.0
475.0,3,19.0,0.6129032258064516,9.177281226484814,1,8.0,0.5701230963175734,2,31.0,0.5527101657630776,0,0.0,0.784043712194829,3,39.0
480.0,1,0.0,0.0,9.974568510698244,0,0.0,0.5438775867264692,0,12.0,0.7359628508284372,1,0.0,0.6734860701811501,1,12.0
485.0,4,6.0,0.18181818181818182,9.634779665312266,2,5.0,0.05497644163338216,1,1.0,0.6667120620950013,1,0.0,0.6296564413238203,4,6.0
490.0,0,0.0,0.0,8.865641623996552,0,4.0,0.417377731544094,0,2.0,0.42636980091591853,0,0.0,0.7442945971927044,0,6.0
495.0,2,2.0,0.06451612903225806,10.10997472819916,1,0.0,0.5827788647673126,0,0.0,0.7149299104205767,1,4.0,0.7237285171250117,2,4.0
500.0,4,14.0,0.4827586206896552,8.576606908488113,1,4.0,0.6866813346635108,1,2.0,0.15077984579890555,2,10.0,0.5318856187819823,4,16.0
505.0,11,46.0,1.4838709677419355,7.052918940812662,3,9.0,0.577628493025779,2,11.0,0.3321751986826416,6,28.0,0.3789394192105193,11,48.0
510.0,4,18.0,0.6666666666666666,6.609619059798308,1,4.0,0.5265766194207898,0,0.0,0.9389287012357642,3,32.0,0.3673542350228717,4,36.0
515.0,6,15.0,0.5,7.471523444051663,5,16.0,0.3413645748336367,0,2.0,0.7836516217819279,1,21.0,0.4643944259436152,6,39.0
520.0,3,11.0,0.34375,8.615149412163072,2,20.0,0.35033177411465916,0,2.0,0.8761497675004426,1,8.0,0.5529941934750128,3,30.0
525.0,3,7.0,0.21212121212121213,9.702500192386726,1,12.0,0.6290472236822177,1,3.0,0.7644781461590423,1,2.0,0.6293676865731831,3,17.0
530.0,3,17.0,0.53125,9.471483958509161,1,11.0,0.6591431444150007,0,2.0,0.7134960504195328,2,8.0,0.4533759560762014,3,21.0
535.0,6,41.0,1.3666666666666667,8.04643112987029,1,16.0,0.7242757832472773,2,6.0,0.4655362509096889,3,23.0,0.3836498903160804,6,45.0
540.0,7,48.0,1.5483870967741935,5.717138162365844,1,2.0,0.40695813393868774,2,15.0,0.46065015292419986,4,41.0,0.22090354709119767,7,58.0
545.0,9,79.0,2.6333333333333333,6.907313567663883,3,15.0,0.5054602217697405,0,8.0,0.41749067417751295,6,68.0,0.4192172901456058,9,91.0
550.0,5,23.0,0.696969696969697,6.949270738107789,1,9.0,0.577997412946522,1,5.0,0.0,3,48.0,0.4886033066966264,5,62.0
555.0,3,11.0,0.2972972972972973,9.11358316272786,1,5.0,0.7098598579923419,0,4.0,0.6655097322514204,2,28.0,0.5153142468513519,3,37.0
560.0,5,26.0,0.6842105263157895,9.263124250459521,2,6.0,0.44066253626949997,0,4.0,0.9149502621440055,3,25.0,0.5650527763762481,5,35.0
565.0,9,62.0,1.631578947368421,8.35836225458722,4,20.0,0.40932039968535644,0,2.0,0.7565651402233534,5,46.0,0.27710323045829666,9,68.0
570.0,5,13.0,0.35135135135135137,8.015982549612499,2,19.0,0.45618738626745914,2,8.0,0.6581885749516829,1,27.0,0.48073462975763476,5,54.0
575.0,3,8.0,0.2,8.858457767928442,1,7.0,0.6070155629923403,1,4.0,0.5363899461824416,1,6.0,0.531456480605579,3,17.0
580.0,5,28.0,0.7777777777777778,10.005650821802956,0,0.0,0.7352176111767519,3,15.0,0.4996107474289593,2,15.0,0.7144597721912984,5,30.0
585.0,4,33.0,1.03125,8.794953468424005,0,0.0,0.7940233922096871,4,35.0,0.465628372217991,0,7.0,0.48821203378017813,4,42.0
590.0,4,16.0,0.4444444444444444,8.674473205418572,2,2.0,0.42529399846576615,1,35.0,0.5582449135539123,1,4.0,0.5811727484515397,4,41.0
595.0,4,9.0,0.25,9.410907842079105,2,10.0,0.6059681752619399,0,12.0,0.8111791031641684,2,1.0,0.5920560012053997,4,23.0
600.0,3,14.0,0.3888888888888889,9.653574140011663,0,2.0,0.6317271722840098,1,16.0,0.7264923790586869,2,10.0,0.6830294960414072,3,28.0
605.0,6,34.0,0.8947368421052632,8.582143633252121,1,2.0,0.718359563728499,2,22.0,0.43316712932589174,3,24.0,0.5295312018708589,6,48.0
610.0,4,12.0,0.34285714285714286,5.979389397237263,0,0.0,0.639518272624459,1,11.0,0.4386024811285051,3,31.0,0.26388390922145033,4,42.0
615.0,5,17.0,0.4594594594594595,9.106158673722362,1,5.0,0.7239724039160087,2,7.0,0.6022284039834221,2,19.0,0.5124087465821703,5,31.0
620.0,2,20.0,0.5128205128205128,10.026468273706463,0,2.0,0.7980506368701505,0,6.0,0.8215433801418451,2,20.0,0.40265596845100404,2,28.0
625.0,6,40.0,0.975609756097561,9.364836628869469,2,6.0,0.5888213359787159,0,4.0,0.7560420137570176,4,36.0,0.38823381454712813,6,46.0
630.0,6,62.0,1.8235294117647058,7.228715027446972,0,0.0,0.47116437401234884,2,10.0,0.428186453404017,4,56.0,0.4086607524860403,6,66.0
635.0,5,6.0,0.17142857142857143,6.611344523177955,1,0.0,0.5580880357624403,1,14.0,0.3422679640358032,3,35.0,0.3636028774875284,5,49.0
640.0,2,9.0,0.25,9.72904927185544,0,2.0,0.7925559030875348,0,6.0,0.6456511138220069,2,12.0,0.49818394706584,2,20.0
645.0,3,7.0,0.1891891891891892,9.73354661627617,1,4.0,0.7432148477453127,1,5.0,0.5251031613358245,1,8.0,0.6555593907096902,3,17.0
650.0,4,19.0,0.5277777777777778,8.23953891886341,0,2.0,0.5934191216710897,2,16.0,0.44332533333809987,2,12.0,0.6003804872850832,4,30.0
655.0,7,29.0,0.7837837837837838,7.817629419831084,5,13.0,0.33575978184751926,0,12.0,0.7253604146202183,2,19.0,0.5811201901185739,7,44.0
660.0,5,8.0,0.21052631578947367,7.371279058422022,4,26.0,0.3280489252197095,0,0.0,0.7275184364408552,1,11.0,0.5869914707542214,5,37.0
665.0,6,26.0,0.6341463414634146,8.423426402388454,1,14.0,0.553653813430823,2,8.0,0.584977433036521,3,16.0,0.4988003540344886,6,38.0
670.0,5,15.0,0.375,8.34846422416379,3,16.0,0.5143721036032078,0,6.0,0.8197132940728515,2,23.0,0.5735792819804424,5,45.0
675.0,9,37.0,0.8409090909090909,7.454171482204453,7,42.0,0.2787945235241664,1,6.0,0.7230483282019102,1,10.0,0.46365922637401424,9,58.0
680.0,8,27.0,0.675,6.107861796724352,5,53.0,0.20246062121317232,0,2.0,0.6513275022146559,3,14.0,0.41313608811864855,8,69.0
685.0,7,29.0,0.7073170731707317,8.093860891127612,1,34.0,0.41540014921174295,0,2.0,0.9069779213741554,6,33.0,0.3737672565270474,7,69.0
690.0,8,39.0,1.0263157894736843,8.677730828343888,2,16.0,0.6458265202912941,0,2.0,0.851953852210334,6,47.0,0.3839569615071798,8,65.0
695.0,5,30.0,0.8108108108108109,9.093995506787902,2,26.0,0.6235944170015717,0,4.0,0.8883464767792325,3,41.0,0.3907121898579012,5,71.0
700.0,3,12.0,0.3157894736842105,9.035093689262508,1,3.0,0.47473829560070957,0,2.0,0.8083433179480803,2,27.0,0.49455743796625556,3,32.0
705.0,5,11.0,0.275,8.942327419975237,3,12.0,0.3257906850210673,0,0.0,0.7688951509182573,2,24.0,0.5699448492924912,5,36.0
710.0,5,18.0,0.46153846153846156,8.50082678859893,2,16.0,0.3887878003300372,0,0.0,0.7473333302917075,3,29.0,0.4851394294257427,5,45.0
715.0,6,18.0,0.5142857142857142,7.012305367140454,0,0.0,0.7041795469862726,2,6.0,0.22809384399678803,4,35.0,0.3364568123474672,6,41.0
720.0,6,9.0,0.24324324324324326,7.468970451368617,1,0.0,0.5388103333576013,3,16.0,0.4347074059034246,2,23.0,0.3490375922300725,6,39.0
725.0,3,5.0,0.13157894736842105,8.794283094433885,0,2.0,0.8542280231527288,0,9.0,0.725002093305163,3,30.0,0.2298368570346316,3,41.0
730.0,8,30.0,0.8333333333333334,8.195599643195173,1,3.0,0.7837567286403538,0,2.0,0.7703693341136127,7,54.0,0.13137407318313452,8,59.0
735.0,6,27.0,0.7714285714285715,6.697134176945563,1,8.0,0.6243765699581288,1,3.0,0.45965959536959194,4,58.0,0.21104029344597158,6,69.0
740.0,4,14.0,0.45161290322580644,6.98635307749279,0,1.0,0.5687016161185463,2,13.0,0.4322307014164944,2,46.0,0.42069303681882353,4,60.0
745.0,2,3.0,0.08571428571428572,7.142523765258668,0,0.0,0.4779877034423019,0,14.0,0.6726273480418418,2,50.0,0.27068516276148014,2,64.0
750.0,8,25.0,0.6410256410256411,7.726139603330891,1,3.0,0.6266756504002028,0,4.0,0.829432457929479,7,71.0,0.28487569143785846,8,78.0
755.0,7,33.0,0.825,7.837937553417092,2,11.0,0.6813477016722768,0,2.0,0.841247720701537,5,76.0,0.19645219194986452,7,89.0
760.0,2,7.0,0.16666666666666666,8.486815959547455,0,2.0,0.6684956692919592,0,2.0,0.6890898352950193,2,59.0,0.421721477553685,2,63.0
765.0,4,9.0,0.20930232558139536,9.19132268923491,1,5.0,0.6964950566491277,1,9.0,0.7476783217278821,2,40.0,0.5295042921061721,4,54.0
770.0,6,33.0,0.75,9.630923860213779,1,10.0,0.6649388814876862,1,14.0,0.8075515116700003,4,54.0,0.5072509417306396,6,78.0
775.0,8,30.0,0.6976744186046512,6.522199566356677,2,1.0,0.3714789818381961,3,23.0,0.4665244198678464,3,54.0,0.33321999059591234,8,78.0
780.0,9,27.0,0.6,5.571413654771076,4,18.0,0.4196519731968898,3,21.0,0.24445962000776694,2,32.0,0.2427758249465019,9,71.0
785.0,3,11.0,0.2619047619047619,7.970496690570791,2,21.0,0.4970793399797474,0,7.0,0.5654700144908525,1,17.0,0.5663019798090784,3,45.0
790.0,5,23.0,0.5348837209302325,10.313404507391656,2,10.0,0.6706656273767467,1,2.0,0.7537899524033456,2,17.0,0.7221523824139826,5,29.0
795.0,3,38.0,0.7916666666666666,10.252795193624895,2,20.0,0.6795324035892997,0,2.0,0.780791506510212,1,22.0,0.7330534752710631,3,44.0
800.0,6,57.0,1.0754716981132075,9.647094659511165,2,28.0,0.7121815245305964,3,6.0,0.5533405051957944,1,25.0,0.7664578250548927,6,59.0
805.0,5,8.0,0.14285714285714285,7.072701603386535,1,16.0,0.548846945274254,2,14.0,0.41796001816947703,2,1.0,0.3906224908756774,5,31.0
810.0,11,38.0,0.6440677966101694,7.290541403417092,5,18.0,0.44961645782705045,1,13.0,0.33043176473784014,5,18.0,0.47961793911031564,11,49.0
815.0,14,75.0,1.3157894736842106,7.484423559410117,2,20.0,0.5904640937695497,5,22.0,0.26761438583479635,7,50.0,0.47452937976100235,14,92.0
820.0,9,63.0,1.2115384615384615,7.591780965016609,0,6.0,0.7781245270010484,5,49.0,0.4560200422344874,4,57.0,0.35056167535765087,9,112.0
825.0,4,10.0,0.18867924528301888,8.476255762121934,0,0.0,0.831644686505258,1,39.0,0.6288956768734191,3,30.0,0.3508906784174252,4,69.0
830.0,3,25.0,0.44642857142857145,10.091114957739718,0,0.0,0.7512586243148525,1,10.0,0.6922486439258124,2,21.0,0.5413650927289967,3,31.0
835.0,4,32.0,0.6153846153846154,9.795023550099724,0,0.0,0.7587015961609318,1,5.0,0.5744046205961071,3,31.0,0.4835958129028046,4,36.0
840.0,6,17.0,0.37777777777777777,8.500765601912539,1,3.0,0.6301765456227486,2,10.0,0.5314422297636838,3,12.0,0.4220837203671843,6,25.0
845.0,8,35.0,0.7608695652173914,8.088211072546297,3,13.0,0.5055589093837086,2,10.0,0.38151406853208514,3,22.0,0.5821435901840925,8,45.0
850.0,10,65.0,1.625,7.500045543463424,0,2.0,0.7349894808922426,7,29.0,0.24970992474812279,3,37.0,0.5171770479150063,10,68.0
855.0,12,82.0,2.1025641025641026,5.578998844729768,2,7.0,0.47346417423624965,4,43.0,0.12970744948550952,6,63.0,0.30329352101594587,12,113.0
860.0,11,105.0,2.6923076923076925,5.569039946467132,0,5.0,0.5766538644119075,2,23.0,0.2360029226997232,9,101.0,0.315169192619919,11,129.0
865.0,7,39.0,0.9285714285714286,8.630768270116299,1,2.0,0.8008559651547014,2,19.0,0.6591141882926737,4,86.0,0.48599127771694733,7,107.0
870.0,1,0.0,0.0,9.039968570564037,0,2.0,0.7097030767694448,0,4.0,0.8020177512591238,1,27.0,0.5751437535806149,1,33.0
875.0,1,5.0,0.1,9.317279002576026,0,0.0,0.5386404286016688,0,4.0,0.7332052936357165,1,5.0,0.5948232021870639,1,9.0
880.0,5,25.0,0.5,8.830109730067418,3,11.0,0.4882534063298105,0,2.0,0.7164300235801012,2,14.0,0.5509819841166247,5,27.0
885.0,2,3.0,0.06,8.198233378979275,0,11.0,0.6096941717109696,1,2.0,0.5966147723950442,1,6.0,0.5068374615278671,2,19.0
890.0,5,21.0,0.42857142857142855,9.543029670266565,0,0.0,0.8113699052565723,0,2.0,0.7788573984969425,5,22.0,0.390034155447783,5,24.0
895.0,8,15.0,0.30612244897959184,7.415588638051248,2,1.0,0.5443055560082589,4,9.0,0.422263043367749,2,28.0,0.3568703345453765,8,38.0
900.0,9,22.0,0.46808510638297873,8.269135321778755,5,13.0,0.376851654367614,2,19.0,0.47949003712596383,2,7.0,0.5859040091047997,9,39.0
905.0,5,8.0,0.16,8.59176599366774,0,13.0,0.61233211643534,1,12.0,0.5647839183592516,4,8.0,0.562925465651023,5,33.0
910.0,2,5.0,0.10204081632653061,9.899752202330305,0,2.0,0.7764563997502765,2,19.0,0.5779999428829302,0,0.0,0.7970632481373998,2,21.0
915.0,6,27.0,0.5510204081632653,8.781475190187576,0,2.0,0.7479730864650266,5,40.0,0.37563416676927774,1,1.0,0.6499376849370282,6,43.0
920.0,8,30.0,0.625,7.301079603805199,2,4.0,0.6461737069509519,6,53.0,0.3363024487315178,0,3.0,0.33235911464888185,8,60.0
925.0,5,12.0,0.26666666666666666,6.9354488957050044,0,2.0,0.5918658817765494,4,54.0,0.38094693893403725,1,0.0,0.5383312305047492,5,56.0
930.0,2,5.0,0.10204081632653061,9.134874761112716,1,2.0,0.7073523249263737,1,43.0,0.49013331887070244,0,0.0,0.792782595210426,2,45.0
935.0,4,16.0,0.32,9.310566440746246,0,2.0,0.77174301387977,2,34.0,0.48837059924758935,2,1.0,0.7291579400460866,4,37.0
940.0,5,41.0,0.803921568627451,9.717081035049416,0,0.0,0.7309105317390778,4,43.0,0.6090953928857098,1,6.0,0.651046676153081,5,49.0
945.0,9,71.0,1.2678571428571428,9.26653977843641,0,0.0,0.7654673712752801,5,55.0,0.5722518478037547,4,16.0,0.4659989837562398,9,71.0
950.0,6,76.0,1.2881355932203389,9.025185546559769,0,0.0,0.7493180562726581,4,75.0,0.5792688298975914,2,9.0,0.589960602604211,6,84.0
955.0,5,17.0,0.2786885245901639,9.015309804844922,2,6.0,0.6536879265590938,0,42.0,0.6288447644648336,3,11.0,0.6137983074284883,5,59.0
960.0,8,30.0,0.4838709677419355,8.230524613037161,5,21.0,0.5075394514094527,3,9.0,0.4561573392658292,0,12.0,0.636339733437352,8,42.0
965.0,8,18.0,0.3050847457627119,6.853010793000123,3,14.0,0.3840941648111075,2,16.0,0.3918298809355455,3,10.0,0.5276695372541041,8,40.0
970.0,9,29.0,0.4915254237288136,7.5793643956940615,6,25.0,0.4295001360410233,1,14.0,0.4068101676746687,2,7.0,0.5671117672988313,9,46.0
975.0,7,36.0,0.6428571428571429,8.190069125199708,1,31.0,0.45730366611932105,2,15.0,0.5878298953067953,4,18.0,0.5203069835705844,7,64.0
980.0,5,29.0,0.5370370370370371,8.317352812740042,1,7.0,0.5646947668770596,2,27.0,0.6092067381484951,2,20.0,0.5159757265718089,5,54.0
985.0,4,39.0,0.78,9.865722384990704,0,0.0,0.7460338550821182,3,43.0,0.680443868599756,1,4.0,0.6272350654964156,4,47.0
990.0,1,1.0,0.018867924528301886,9.443196810502823,1,1.0,0.6965040312861605,0,22.0,0.7114200202203778,0,0.0,0.5462265417262647,1,23.0
995.0,4,11.0,0.2,8.458057125838623,1,6.0,0.6642596712796947,1,6.0,0.6185209542640628,2,4.0,0.40700913239895087,4,16.0
1000.0,15,59.0,1.1132075471698113,7.130551633679105,2,11.0,0.6671274035967709,4,19.0,0.3809334235360087,9,33.0,0.2939174286236703,15,63.0
1005.0,10,56.0,1.12,6.081312920528429,1,16.0,0.6323612202777171,4,28.0,0.2650105143020817,5,57.0,0.31361896563358166,10,101.0
1010.0,4,27.0,0.5625,7.964002278950191,1,21.0,0.6867989304010527,0,22.0,0.5600398384166637,3,41.0,0.46360974103964636,4,84.0
1015.0,4,31.0,0.5961538461538461,8.356503867236071,1,26.0,0.678662090644852,1,8.0,0.6914973830164697,2,31.0,0.46141674988016845,4,65.0
1020.0,12,64.0,1.1428571428571428,7.707691093196189,3,31.0,0.5964586338531522,1,8.0,0.6233996054362462,8,59.0,0.3876371745319935,12,98.0
1025.0,10,33.0,0.6,5.674751147234693,0,0.0,0.682804839528848,4,23.0,0.1912197651091141,6,62.0,0.22280617655810755,10,85.0
1030.0,9,29.0,0.5087719298245614,5.54987644564674,4,12.0,0.38980011015351307,4,32.0,0.2631950299829256,1,33.0,0.31915082058193045,9,77.0
1035.0,6,19.0,0.3220338983050847,7.388118172377278,5,24.0,0.43317347193875977,0,18.0,0.6125232809539873,1,17.0,0.47265763363823193,6,59.0
1040.0,5,30.0,0.4838709677419355,9.60907443744068,2,17.0,0.5810849216412206,0,10.0,0.8091902546688832,3,24.0,0.6309342087729019,5,51.0
1045.0,8,60.0,0.8823529411764706,9.872960212591167,3,25.0,0.6157773602254539,0,2.0,0.8370061453270476,5,37.0,0.5991066155680164,8,64.0
1050.0,5,9.0,0.1267605633802817,8.252832662612205,3,26.0,0.4504092833665324,1,3.0,0.7359055265508222,1,14.0,0.5124649060489187,5,43.0
1055.0,19,63.0,0.863013698630137,6.820993660528004,8,27.0,0.46296514455990984,5,19.0,0.29790604236699386,6,23.0,0.30658663303760736,19,69.0
1060.0,15,42.0,0.6461538461538462,4.433286601073089,6,43.0,0.25620431085104495,5,35.0,0.1525197633575343,4,37.0,0.17478334036017987,15,115.0
1065.0,8,36.0,0.5714285714285714,6.851342583192106,5,47.0,0.3516927639573392,2,32.0,0.4547422982064729,1,23.0,0.5012579694827928,8,102.0
1070.0,8,23.0,0.3484848484848485,7.451264070486785,4,50.0,0.29380295552812485,2,29.0,0.5683377129218893,2,11.0,0.7167955581498856,8,90.0
1075.0,15,78.0,1.0985915492957747,7.707695111130131,8,62.0,0.31531613697352756,5,50.0,0.4411851794777612,2,17.0,0.6880447771952692,15,129.0
1080.0,21,112.0,1.6,5.8408853831073815,8,70.0,0.24156012719707803,10,89.0,0.18851198219219129,3,25.0,0.5500947798449932,21,184.0
1085.0,18,71.0,1.0757575757575757,5.101741749323961,8,65.0,0.2000704934129182,8,111.0,0.21794422573832253,2,13.0,0.5153646357004766,18,189.0
1090.0,12,45.0,0.6617647058823529,6.5405634359845255,3,57.0,0.34711322771714237,4,82.0,0.3358602669728321,5,20.0,0.45541364005622464,12,159.0
1095.0,12,33.0,0.4647887323943662,7.327075564358239,8,63.0,0.38164839409292756,2,49.0,0.4467004237064683,2,18.0,0.45328044316695776,12,130.0
1100.0,9,22.0,0.3384615384615385,6.498962889747178,6,73.0,0.38187425281111104,2,52.0,0.3966420305499138,1,10.0,0.5222914049198064,9,135.0
1105.0,17,67.0,1.0,6.255176543706571,7,65.0,0.23264395848106362,7,77.0,0.4387130996957312,3,17.0,0.5981468556615926,17,159.0
1110.0,13,58.0,0.7945205479452054,6.134926795304109,5,65.0,0.32248943423800974,5,89.0,0.39747218240543053,3,19.0,0.364794227657038,13,173.0
1115.0,16,54.0,0.6923076923076923,6.094256682705887,3,64.0,0.3659668590530663,5,73.0,0.33808074811394345,8,29.0,0.343419608021851,16,166.0
1120.0,16,67.0,0.8170731707317073,6.811073170362145,8,66.0,0.4118014374334028,4,49.0,0.3807561149678748,4,39.0,0.47097280448432943,16,154.0
1125.0,10,35.0,0.44871794871794873,6.47262127197398,5,68.0,0.36930656550900665,3,42.0,0.34508023984056535,2,22.0,0.5859452396133626,10,132.0
1130.0,20,80.0,0.9876543209876543,5.937191300172318,8,57.0,0.24746923151819372,7,50.0,0.3679769765937206,5,35.0,0.46703898107133707,20,142.0
1135.0,15,73.0,0.8795180722891566,6.381465677829391,6,63.0,0.29383041766052675,7,67.0,0.33070745834812487,2,31.0,0.4418834991016963,15,161.0
1140.0,16,53.0,0.6235294117647059,6.160416936643504,2,61.0,0.34671280234644475,9,65.0,0.32301011933328916,5,27.0,0.3553773280273736,16,153.0
1145.0,20,95.0,1.1585365853658536,6.718253029102997,8,55.0,0.4015073337078765,7,76.0,0.31081772037474525,5,43.0,0.4296981690635238,20,174.0
1150.0,21,103.0,1.3205128205128205,5.480158761932528,11,95.0,0.30835727224666,7,84.0,0.2696812876325381,3,36.0,0.4307277819207177,21,215.0
1155.0,22,95.0,1.1875,5.7891761482998,11,118.0,0.23686881878284524,8,70.0,0.33768079916459,3,34.0,0.5835284497025119,22,222.0
1160.0,15,64.0,0.7804878048780488,6.066837681130654,7,97.0,0.26894479741823135,5,88.0,0.4106038468936405,3,9.0,0.4252459186011186,15,194.0
1165.0,20,75.0,0.9146341463414634,6.210224677080182,6,89.0,0.3629976598819898,7,58.0,0.2901629205511573,7,34.0,0.42766791419844696,20,181.0
1170.0,11,66.0,0.825,6.6128866471148715,3,90.0,0.39476549966130764,5,64.0,0.42075610992284834,3,46.0,0.45352259899972047,11,200.0
1175.0,11,37.0,0.47435897435897434,6.4526032029022335,7,95.0,0.36017720895940575,2,48.0,0.4103607535276218,2,27.0,0.38664580970420287,11,170.0
1180.0,17,62.0,0.8051948051948052,5.664711255386582,6,96.0,0.21377421929236534,7,29.0,0.29077652102624635,4,20.0,0.40240316707282137,17,145.0
1185.0,13,60.0,0.8333333333333334,5.8530638353121915,4,68.0,0.21723082177592634,6,49.0,0.3273992182492705,3,35.0,0.5288020247826074,13,152.0
1190.0,9,70.0,0.9459459459459459,7.066627573396389,2,28.0,0.39593569194137507,3,44.0,0.4528742353978486,4,50.0,0.5140216359820743,9,122.0
1195.0,7,42.0,0.5384615384615384,7.790363875954522,2,21.0,0.5190214543925223,4,42.0,0.43695828077528787,1,39.0,0.5744004549896277,7,102.0
1200.0,10,34.0,0.44155844155844154,7.547749459469412,4,25.0,0.5528631319189239,3,35.0,0.3965300413285031,3,14.0,0.5426301542520502,10,74.0
1205.0,14,62.0,0.8051948051948052,5.712820155448503,1,22.0,0.41589094251117276,6,28.0,0.3467622195509609,7,39.0,0.3014594869464903,14,89.0
1210.0,25,113.0,1.4303797468354431,4.745153801471165,9,34.0,0.21852768290901556,11,68.0,0.21511481531875593,5,53.0,0.3188822680472529,25,155.0
1215.0,28,165.0,2.088607594936709,4.654529524176369,9,56.0,0.1611870015778837,18,147.0,0.2000174609269298,1,21.0,0.4808812005083968,28,224.0
1220.0,22,152.0,1.853658536585366,5.440993468047108,4,50.0,0.3505414883723194,18,210.0,0.25212621028635684,0,21.0,0.42938688112082435,22,281.0
1225.0,23,125.0,1.4367816091954022,5.798805944299415,3,36.0,0.48516154182409316,16,219.0,0.2324053782571618,4,33.0,0.4320501491055817,23,288.0
1230.0,15,53.0,0.6022727272727273,5.065355967409775,2,35.0,0.4359791550958263,9,260.0,0.18852571037241064,4,39.0,0.387239807812914,15,334.0
1235.0,18,66.0,0.7586206896551724,5.329723587160377,4,30.0,0.3922735809471258,11,289.0,0.22456938427017664,3,32.0,0.36198571954235903,18,351.0
1240.0,21,84.0,1.0120481927710843,4.248592117412651,5,41.0,0.19858626879809713,14,306.0,0.16615965643273947,2,29.0,0.3488734003785807,21,376.0
1245.0,23,107.0,1.244186046511628,4.66903580118215,5,49.0,0.3363437768068006,15,293.0,0.19142237624828498,3,37.0,0.5227634911844371,23,379.0
1250.0,12,75.0,0.8333333333333334,5.025484848555139,0,27.0,0.548185487169573,9,296.0,0.13579959679816445,3,47.0,0.5502098243460743,12,370.0
1255.0,13,38.0,0.41304347826086957,5.350613332437851,3,37.0,0.4852550896500515,9,299.0,0.16217146653865896,1,25.0,0.5621762217968652,13,361.0
1260.0,21,76.0,0.8351648351648352,4.4201685306744105,8,66.0,0.34666793737886836,7,283.0,0.14262300366085298,6,18.0,0.2796266323152886,21,367.0
1265.0,17,70.0,0.8045977011494253,4.160746096411934,5,73.0,0.3316472243985853,8,226.0,0.17129953383793278,4,30.0,0.30740164962906125,17,329.0
1270.0,10,58.0,0.651685393258427,5.553939696554116,3,46.0,0.5077560775271246,5,172.0,0.2528300533606938,2,28.0,0.4253643209153384,10,246.0
1275.0,7,17.0,0.17525773195876287,5.402656036475544,0,54.0,0.45639728388214207,4,147.0,0.22981663983870962,3,24.0,0.5076197248371934,7,225.0
1280.0,16,59.0,0.5841584158415841,5.015093421588376,5,67.0,0.25642201331235076,7,138.0,0.21363510067669947,4,33.0,0.37064391285132753,16,238.0
1285.0,17,47.0,0.4519230769230769,4.3268849399060025,4,73.0,0.23670602987010064,10,143.0,0.16949278768964135,3,35.0,0.34428756407960387,17,251.0
1290.0,19,63.0,0.6057692307692307,4.718880224428634,3,49.0,0.38839263763029896,10,126.0,0.1908476553953309,6,57.0,0.3463543130167142,19,232.0
1295.0,18,48.0,0.4485981308411215,4.718643705039781,1,21.0,0.4084450411865494,11,136.0,0.1886451533755239,6,70.0,0.2972025321801917,18,227.0
1300.0,24,74.0,0.6851851851851852,4.497612953436195,4,19.0,0.4046532095046699,9,149.0,0.19829840119459058,11,81.0,0.21844467693870342,24,249.0
1305.0,20,72.0,0.6666666666666666,4.237890875864341,5,31.0,0.41534975548480757,10,148.0,0.12846708440042107,5,90.0,0.24021786794585595,20,269.0
1310.0,23,112.0,1.0467289719626167,4.528968793723635,7,54.0,0.41824945653827733,9,145.0,0.13887179433188931,7,90.0,0.2773972177584964,23,289.0
1315.0,22,139.0,1.3113207547169812,4.591856030595319,2,47.0,0.4045294216642065,10,145.0,0.16283582245195466,10,120.0,0.2970799684983798,22,312.0
1320.0,23,167.0,1.5462962962962963,4.087987294930497,3,34.0,0.3886315394240616,7,155.0,0.2039590098213857,13,179.0,0.22410995209560067,23,368.0
1325.0,26,148.0,1.3214285714285714,4.145374733285161,5,48.0,0.25376873276425993,9,147.0,0.2099837793509673,12,199.0,0.24956205637405093,26,394.0
1330.0,29,150.0,1.3513513513513513,3.9473659845411957,9,70.0,0.18612836888046863,9,152.0,0.22494624032993293,11,182.0,0.21750252599797132,29,404.0
1335.0,28,135.0,1.238532110091743,3.8158208636742494,8,84.0,0.22003353454120986,11,146.0,0.19002586692137327,9,187.0,0.27159837295783584,28,417.0
1340.0,27,151.0,1.3017241379310345,4.288968000292218,7,110.0,0.2327008815762215,12,152.0,0.17389990071947373,8,164.0,0.3411472187902136,27,426.0
1345.0,21,136.0,1.152542372881356,4.930463077895232,8,119.0,0.23956349533563065,7,157.0,0.20728786084499,6,163.0,0.4659502207815953,21,439.0
1350.0,28,205.0,1.7226890756302522,4.737793319476896,14,164.0,0.18432655291427202,8,139.0,0.2287094245147249,6,141.0,0.3437948618896258,28,444.0
1355.0,37,255.0,2.1610169491525424,4.194396486648618,16,197.0,0.09627794928672549,15,177.0,0.169879409357848,6,144.0,0.3965380943501203,37,518.0
1360.0,30,177.0,1.5391304347826087,4.008121653343853,12,186.0,0.13408479448576677,16,221.0,0.16755964807274557,2,128.0,0.35475453370925175,30,535.0
1365.0,29,143.0,1.2434782608695651,4.264522860511725,14,183.0,0.2197486346792601,12,197.0,0.16116830817187117,3,104.0,0.3468655507237035,29,484.0
1370.0,31,162.0,1.396551724137931,4.703456249953846,12,228.0,0.2508614316826383,13,187.0,0.16680543589500485,6,111.0,0.38085363650282905,31,526.0
1375.0,32,193.0,1.7079646017699115,5.1129090917715665,10,249.0,0.2748032838986791,12,180.0,0.23102532380843,10,154.0,0.35787259406664546,32,583.0
1380.0,30,242.0,2.1607142857142856,5.153494764993575,6,261.0,0.27943233662611866,8,198.0,0.35455357495753004,16,220.0,0.31007930679847745,30,679.0
1385.0,31,287.0,2.4741379310344827,4.89224496710232,7,236.0,0.26901211342517184,10,201.0,0.4243020351332716,14,259.0,0.24635770497596213,31,696.0
1390.0,21,158.0,1.3389830508474576,4.891019527711926,5,239.0,0.22530370371242597,6,178.0,0.4355138850183946,10,245.0,0.2706160529690276,21,662.0
1395.0,25,133.0,1.0901639344262295,4.944043575627894,8,232.0,0.16954325250932456,8,132.0,0.31193966180747923,9,207.0,0.1967720247949736,25,571.0
1400.0,31,152.0,1.2881355932203389,4.635226684320042,10,248.0,0.07769418784478963,12,158.0,0.25872200704493953,9,181.0,0.30073103676693497,31,587.0
1405.0,31,118.0,1.0260869565217392,3.941758614477367,10,244.0,0.14373130594836364,14,191.0,0.24317002808660224,7,199.0,0.28520674243770683,31,634.0
1410.0,23,83.0,0.6859504132231405,4.859576203720651,6,230.0,0.24883693277752972,10,173.0,0.27225801547942324,7,205.0,0.32089741398939325,23,608.0
1415.0,28,106.0,0.8688524590163934,5.0371228715312695,9,228.0,0.25002753055486415,11,139.0,0.22182801583407882,8,211.0,0.3511284682835238,28,578.0
1420.0,27,147.0,1.2782608695652173,4.528969737614546,9,224.0,0.22962602565636542,10,146.0,0.33991501000459107,8,185.0,0.29288634723374257,27,555.0
1425.0,26,141.0,1.2155172413793103,4.262443805076047,10,196.0,0.16449641478195143,7,147.0,0.3718765185301285,9,143.0,0.27718703339059414,26,486.0
1430.0,19,61.0,0.4959349593495935,4.491254927216086,8,197.0,0.16420659709020635,7,117.0,0.3784402395322997,4,149.0,0.24448029339434002,19,463.0
1435.0,22,69.0,0.5609756097560976,4.320417910323104,9,206.0,0.16277659912647846,7,130.0,0.23454553082238863,6,126.0,0.2564156750469188,22,462.0
1440.0,31,104.0,0.8888888888888888,3.6605733286507895,10,210.0,0.1880994048682504,10,139.0,0.19933415381843364,11,142.0,0.21244022381642255,31,491.0
1445.0,26,91.0,0.7711864406779662,3.8814253899983093,8,178.0,0.14965006926328445,8,143.0,0.3061171464421859,10,135.0,0.2655832295692771,26,456.0
1450.0,23,116.0,0.9354838709677419,4.526649910696738,7,177.0,0.1519812152596918,8,118.0,0.3390851143785947,8,117.0,0.3101363698184599,23,412.0
1455.0,25,138.0,1.078125,4.435403521756272,8,204.0,0.1783821869622654,13,139.0,0.18902916178456522,4,98.0,0.29971875392394426,25,441.0
1460.0,35,156.0,1.278688524590164,3.2472416397639607,11,208.0,0.13050450117143753,16,174.0,0.13114867119441528,8,75.0,0.2235472910432028,35,457.0
1465.0,40,196.0,1.5934959349593496,3.430639910504053,10,178.0,0.1795067766065929,14,183.0,0.1659664254411251,16,124.0,0.20048484169851075,40,485.0
1470.0,36,214.0,1.7398373983739837,4.0841176086463316,10,162.0,0.20843458735222953,12,186.0,0.2566848917891512,14,163.0,0.23098780755941734,36,511.0
1475.0,25,119.0,0.9754098360655737,4.187239095775695,8,162.0,0.20060392760458307,5,176.0,0.33542630483128616,12,161.0,0.22249418746436272,25,499.0
1480.0,24,77.0,0.6015625,4.140263793162124,10,166.0,0.19033615338432436,7,176.0,0.254896760255017,7,173.0,0.18484636455152725,24,515.0
1485.0,33,130.0,1.015625,4.034800004762074,12,190.0,0.1754443867312323,10,180.0,0.18707254289619654,11,192.0,0.16452259396341648,33,562.0
1490.0,37,150.0,1.2295081967213115,3.0680370636465986,15,219.0,0.16803296812292337,12,168.0,0.14492809422681238,10,208.0,0.18900759872765646,37,595.0
1495.0,31,156.0,1.3109243697478992,4.034239134904657,14,208.0,0.16805669663771128,12,185.0,0.3040049644491787,5,154.0,0.30667016504764866,31,547.0
1500.0,30,151.0,1.1796875,4.196018028907434,14,196.0,0.17037956411938215,9,187.0,0.2866601512479747,7,132.0,0.2525509235049842,30,515.0
1505.0,22,77.0,0.5746268656716418,4.275520260978557,10,235.0,0.17684797149904194,8,149.0,0.2667063451519917,4,130.0,0.2565361832231669,22,514.0
1510.0,29,92.0,0.6814814814814815,4.327515374888883,9,255.0,0.205351700644528,9,155.0,0.20310277359975723,11,133.0,0.17910518458013558,29,543.0
1515.0,30,146.0,1.1774193548387097,3.986292496821925,8,251.0,0.22100160406240862,8,146.0,0.1612613590440571,14,188.0,0.22985298460362513,30,585.0
1520.0,27,121.0,1.0614035087719298,3.4992332856198627,10,231.0,0.16954311092998325,5,108.0,0.263414346466523,12,212.0,0.2426678403442356,27,551.0
1525.0,20,68.0,0.5573770491803278,4.069299909967571,6,220.0,0.21052797514669858,6,92.0,0.278651252075816,8,176.0,0.1987962560391538,20,488.0
1530.0,22,87.0,0.7016129032258065,4.416982554674214,8,235.0,0.19262715309414388,6,99.0,0.22456211992950115,8,123.0,0.2301375403747247,22,457.0
1535.0,25,73.0,0.6033057851239669,3.596778333754448,10,241.0,0.16109719125605293,7,98.0,0.2189555268025966,8,136.0,0.2255112550860222,25,475.0
1540.0,26,127.0,1.0495867768595042,4.0767172079503515,8,219.0,0.1968547794300975,8,111.0,0.26905690504237795,10,166.0,0.27615936814769926,26,496.0
1545.0,28,200.0,1.6528925619834711,4.372815003121752,5,221.0,0.19947510680742483,11,152.0,0.3212609466280604,12,223.0,0.2738982175780704,28,596.0
1550.0,30,183.0,1.4409448818897639,3.93189290195,9,235.0,0.16560884209323123,7,152.0,0.2503277550598271,14,240.0,0.21016860997733833,30,627.0
1555.0,26,122.0,0.991869918699187,3.7285593523730616,8,229.0,0.1565543501159789,7,134.0,0.25791716923274827,11,203.0,0.15766235567476056,26,566.0
1560.0,30,158.0,1.3166666666666667,4.208161183390863,7,180.0,0.13955721767549878,12,128.0,0.2504783900339487,11,196.0,0.201391370950375,30,504.0
1565.0,22,109.0,0.9083333333333333,4.523127320005257,5,120.0,0.19647497978434345,10,159.0,0.27534727498182693,7,192.0,0.22738339172098415,22,471.0
1570.0,22,67.0,0.5726495726495726,4.292862322178266,2,125.0,0.24100762664037687,10,147.0,0.20343365949901449,10,201.0,0.21614413909217667,22,473.0
1575.0,27,88.0,0.7857142857142857,3.9359852013581906,8,137.0,0.19967418034883483,8,169.0,0.1716035998324413,11,225.0,0.20929781808956197,27,531.0
1580.0,25,93.0,0.8532110091743119,3.9791509875102435,9,146.0,0.13750992798032027,10,178.0,0.19701215424741797,6,193.0,0.25229006329287,25,517.0
1585.0,22,66.0,0.6111111111111112,3.8666564309096354,7,117.0,0.1897113503617202,12,194.0,0.21274001099659773,3,167.0,0.20999163270405058,22,478.0
1590.0,18,71.0,0.6454545454545455,5.089970021836518,4,74.0,0.31575695326676867,8,163.0,0.26106378766538463,6,175.0,0.2504470786307895,18,412.0
1595.0,17,96.0,0.8648648648648649,5.398647010448483,6,60.0,0.35462738732286037,6,151.0,0.29069601483011875,5,170.0,0.28895825375347256,17,381.0
1600.0,11,46.0,0.42990654205607476,5.114145917202589,1,37.0,0.34058595167118066,4,136.0,0.32822979382634004,6,125.0,0.24984438989625052,11,298.0
1605.0,18,89.0,0.8090909090909091,5.230951537849063,6,51.0,0.26829968134796417,7,119.0,0.25601014859959587,5,105.0,0.27868289746472585,18,275.0
1610.0,24,86.0,0.7889908256880734,4.096392409157817,9,77.0,0.16584433303373625,10,137.0,0.14590864833816541,5,108.0,0.23883239072313867,24,322.0
1615.0,20,76.0,0.7169811320754716,4.9645142763516485,7,74.0,0.3029401501224877,8,134.0,0.25877145120337747,5,102.0,0.24700048850731554,20,310.0
1620.0,16,75.0,0.7211538461538461,4.920933113411485,6,93.0,0.31318239160442213,4,117.0,0.2780062306933438,6,103.0,0.27716051392731994,16,313.0
1625.0,21,143.0,1.3364485981308412,5.269673124312229,10,127.0,0.2598619648586366,5,115.0,0.3802622562111256,6,90.0,0.3553874436153044,21,332.0
1630.0,20,84.0,0.7567567567567568,4.32246874122216,11,149.0,0.17937462182855246,5,93.0,0.31234653002009694,4,84.0,0.28670508435718367,20,326.0
1635.0,24,75.0,0.6818181818181818,4.024991698129021,9,134.0,0.18021713776088924,8,70.0,0.29347555859192437,7,81.0,0.18177300653174222,24,285.0
1640.0,37,179.0,1.5701754385964912,4.349696069199462,12,114.0,0.18755036874886344,12,101.0,0.3235687971557541,13,120.0,0.14862807428060745,37,335.0
1645.0,30,167.0,1.4273504273504274,4.2707221590002895,4,112.0,0.3113554791053191,11,126.0,0.22418792977467628,15,154.0,0.14293610834073095,30,392.0
1650.0,23,80.0,0.6956521739130435,4.295522118158796,2,96.0,0.29619786971007517,9,116.0,0.23015891675238895,12,155.0,0.2237643421171291,23,367.0
1655.0,25,80.0,0.6666666666666666,4.204094339747916,8,108.0,0.275234499069233,7,137.0,0.18320542096444117,10,187.0,0.25076253315165475,25,432.0
1660.0,29,122.0,0.991869918699187,4.062271995586542,7,123.0,0.20850939957976392,9,163.0,0.17086510826625564,13,222.0,0.1869503804583778,29,508.0
1665.0,30,101.0,0.8706896551724138,3.4080677752071504,6,100.0,0.1836364727545025,9,166.0,0.20648817779234074,15,245.0,0.1060010606799817,30,511.0
1670.0,27,96.0,0.8347826086956521,4.075431784020608,5,60.0,0.29027286693347093,8,149.0,0.2620240169584961,14,245.0,0.16664597029102848,27,454.0
1675.0,20,99.0,0.825,5.138206628760465,4,58.0,0.4448667720585207,7,128.0,0.2939653473980608,9,269.0,0.2405142106788984,20,455.0
1680.0,20,78.0,0.65,4.62642047519513,2,47.0,0.3877189431350882,6,146.0,0.24325057497720848,12,287.0,0.19222744698832087,20,480.0
1685.0,26,98.0,0.8235294117647058,4.003763206971539,6,62.0,0.2540828451832669,7,148.0,0.19468964178178969,13,304.0,0.10365340448519413,26,514.0
1690.0,28,93.0,0.8303571428571429,3.595685040192562,5,73.0,0.2613086062071921,10,158.0,0.1862967415856843,13,281.0,0.1411807925228834,28,512.0
1695.0,21,66.0,0.584070796460177,3.7474531979919528,3,54.0,0.3549393947371832,9,150.0,0.20455595655485756,9,309.0,0.19795392955730146,21,513.0
1700.0,21,107.0,0.8916666666666667,4.6405590662549185,3,34.0,0.32857613477530523,6,139.0,0.3106951730906468,12,303.0,0.19066264854128867,21,476.0
1705.0,24,145.0,1.2083333333333333,4.432078457451066,3,29.0,0.41558724239202777,6,141.0,0.2482644893809206,15,344.0,0.15204267754590559,24,514.0
1710.0,31,153.0,1.2644628099173554,4.094163551465336,6,43.0,0.2771695263401247,6,119.0,0.26273109682271106,19,371.0,0.1073698992452534,31,533.0
1715.0,33,148.0,1.2758620689655173,3.4264829231185434,5,53.0,0.27218671080731427,8,139.0,0.20682386037739567,20,354.0,0.1150817147077671,33,546.0
1720.0,33,121.0,1.0254237288135593,3.483014743632705,5,50.0,0.23907123627334664,13,150.0,0.2184187218962093,15,392.0,0.16191141425387387,33,592.0
1725.0,27,89.0,0.717741935483871,3.765616219863138,5,70.0,0.2589663042434343,7,152.0,0.25413589096290545,15,429.0,0.11730705508896162,27,651.0
1730.0,36,179.0,1.4552845528455285,3.9078330326266593,9,88.0,0.18636239035447086,8,124.0,0.19241143344219125,19,499.0,0.13207348776335448,36,711.0
1735.0,36,210.0,1.7647058823529411,3.3020714959953055,6,95.0,0.12780258094584782,13,171.0,0.12875994552865974,17,519.0,0.12171400233278772,36,785.0
1740.0,38,170.0,1.4655172413793103,3.3209018769694594,7,78.0,0.17601642003394272,14,200.0,0.1899689119580553,17,442.0,0.134287280462416,38,720.0
1745.0,30,109.0,0.9008264462809917,3.7920771006657,5,85.0,0.2588869109669403,12,186.0,0.21356891271979567,13,499.0,0.17453967151877967,30,770.0
1750.0,29,116.0,0.8923076923076924,4.323164567444157,7,107.0,0.2458899007698663,10,184.0,0.2883153084635006,12,538.0,0.17038057908515047,29,829.0
1755.0,26,101.0,0.7890625,3.8737095429600283,10,142.0,0.2411366557337024,4,187.0,0.2615901955869054,12,526.0,0.16029596329344561,26,855.0
1760.0,29,125.0,1.0080645161290323,3.2033255108062653,9,161.0,0.11820509265321709,9,189.0,0.2774548634151785,11,429.0,0.13290719723632505,29,779.0
1765.0,37,174.0,1.3488372093023255,3.8638716057681437,12,168.0,0.1747977389737213,15,253.0,0.25582396399953267,10,463.0,0.12768826523453514,37,884.0
1770.0,38,208.0,1.625,3.807770692468523,12,167.0,0.14487526633610082,15,283.0,0.20142238970916657,11,481.0,0.15398570902452,38,931.0
1775.0,39,238.0,1.9193548387096775,3.7094860967545333,12,193.0,0.1767799079593397,12,261.0,0.24041655667077927,15,528.0,0.18296680588550493,39,982.0
1780.0,39,264.0,2.2564102564102564,3.5869672931269343,8,194.0,0.2841442104655892,11,199.0,0.22967661602387862,20,610.0,0.1393044211273681,39,1003.0
1785.0,30,255.0,2.2767857142857144,3.6007809647803657,3,165.0,0.3586450599229491,6,169.0,0.28463377293620157,21,627.0,0.09845841208964465,30,961.0
1790.0,30,173.0,1.5175438596491229,4.189409884623682,7,177.0,0.31400207668989005,1,134.0,0.4105803589770694,22,569.0,0.08753722946040461,30,880.0
1795.0,35,173.0,1.4786324786324787,4.095015725351026,9,182.0,0.2746190635517502,7,110.0,0.32978267626214147,19,602.0,0.13216367726143827,35,894.0
1800.0,35,149.0,1.2844827586206897,3.6914578900159105,7,168.0,0.25919560690897553,8,119.0,0.24564758676906961,20,688.0,0.12867070377105955,35,975.0
1805.0,30,157.0,1.4017857142857142,4.047932500919488,6,138.0,0.3022271175741628,5,98.0,0.27850984755357405,19,781.0,0.1428913535040256,30,1017.0
1810.0,32,229.0,2.081818181818182,4.014415229360932,5,135.0,0.27717027046957554,6,75.0,0.27184767521567255,21,881.0,0.1087970057665142,32,1091.0
1815.0,27,220.0,2.05607476635514,3.963923864774607,3,142.0,0.28702425205245063,4,72.0,0.3748711589345546,20,892.0,0.13259380237614085,27,1106.0
1820.0,24,131.0,1.2476190476190476,3.9602429169498876,5,143.0,0.31971805153779576,1,46.0,0.3414995899080825,18,774.0,0.11408666142449024,24,963.0
1825.0,32,125.0,1.146788990825688,3.9453500568239526,6,145.0,0.28096741862290714,9,38.0,0.21603121569980696,17,853.0,0.1227138839579524,32,1036.0
1830.0,32,139.0,1.287037037037037,4.231934441558104,4,123.0,0.2687700747864903,6,54.0,0.29527295107954965,22,947.0,0.10795346163719391,32,1124.0
1835.0,27,98.0,0.9074074074074074,3.828316202431147,5,109.0,0.2744306194747019,3,60.0,0.30354132420042335,19,957.0,0.11304423922050337,27,1126.0
1840.0,23,59.0,0.5514018691588785,4.268292626889995,7,124.0,0.3186956360442032,7,54.0,0.2905599407472506,9,839.0,0.16098383039592323,23,1017.0
1845.0,15,56.0,0.5233644859813084,4.129573361094108,6,121.0,0.24106099094686798,4,65.0,0.32143130952705307,5,641.0,0.1927204759116658,15,827.0
1850.0,17,98.0,0.8596491228070176,4.848937743255323,6,110.0,0.23792017652671127,7,73.0,0.4005648179007926,4,526.0,0.25229917512413824,17,709.0
1855.0,12,27.0,0.225,4.470227395730039,2,94.0,0.2612498128274125,7,82.0,0.32064341802260515,3,473.0,0.2505821537491797,12,649.0
1860.0,21,83.0,0.6484375,4.735357147770964,7,102.0,0.21799641660538052,7,85.0,0.2464161043018043,7,494.0,0.267651114785184,21,681.0
1865.0,27,129.0,1.032,4.196683373591494,9,141.0,0.22394284663713337,10,109.0,0.1576661579681427,8,467.0,0.2647674198982876,27,717.0
1870.0,31,123.0,1.0081967213114753,3.573588685928766,8,149.0,0.22274974800471875,13,128.0,0.19570743571369678,10,372.0,0.24461268037177383,31,649.0
1875.0,33,129.0,1.048780487804878,3.6071553368900187,12,139.0,0.2267536412149883,13,167.0,0.23430322899297135,8,281.0,0.18664344198317262,33,587.0
1880.0,25,79.0,0.626984126984127,3.7096506639415687,8,170.0,0.2067503740454375,11,176.0,0.21360631122809035,6,299.0,0.19130932369626819,25,645.0
1885.0,36,156.0,1.2093023255813953,3.9650190624272947,11,185.0,0.17011355729689323,16,198.0,0.14694002647232735,9,297.0,0.20284439228076614,36,680.0
1890.0,36,166.0,1.3174603174603174,3.376084641271721,11,195.0,0.16064004161752626,16,242.0,0.11591118159101674,9,279.0,0.17583406927923292,36,716.0
1895.0,34,130.0,1.0833333333333333,3.5284543482452135,10,187.0,0.21021576755013374,13,249.0,0.17495240904918574,11,217.0,0.19899917360763575,34,653.0
1900.0,29,147.0,1.185483870967742,4.474518757510419,7,215.0,0.2493382939330725,13,226.0,0.3048753511729328,9,145.0,0.23624872298664876,29,586.0
1905.0,23,171.0,1.3359375,4.7070266590824,6,223.0,0.26518917319616,10,224.0,0.36571456080772713,7,159.0,0.2067276250540572,23,606.0
1910.0,30,252.0,1.9090909090909092,4.874274756702049,11,257.0,0.2433934546771333,10,225.0,0.37266322407107916,9,168.0,0.19802444067414662,30,650.0
1915.0,28,174.0,1.4262295081967213,3.6098355377016937,13,268.0,0.15958457715322347,6,218.0,0.27061649989967074,9,169.0,0.19160949438108035,28,655.0
1920.0,30,112.0,0.9256198347107438,3.5523104989230925,12,245.0,0.1609390784678445,10,183.0,0.2814973483400492,8,155.0,0.18953445499130153,30,583.0
1925.0,25,82.0,0.6259541984732825,3.5543835039787672,7,276.0,0.18739319887063277,9,207.0,0.2702376213165022,9,176.0,0.15652113054804168,25,659.0
1930.0,30,129.0,0.9555555555555556,3.8976868565652154,13,314.0,0.22091317658172438,7,203.0,0.1702638399296084,10,195.0,0.16897983466412836,30,712.0
1935.0,34,176.0,1.3333333333333333,3.333088553949902,12,330.0,0.19516555131151764,7,183.0,0.15957578421228955,15,229.0,0.09665150552085117,34,742.0
1940.0,41,180.0,1.4173228346456692,3.0657460549711804,11,272.0,0.11702572984003534,12,162.0,0.22330006420302465,18,263.0,0.11334996804255165,41,697.0
1945.0,33,168.0,1.3333333333333333,3.9267867208224176,6,287.0,0.2118591664800511,10,171.0,0.3497450848419155,17,261.0,0.10508004475490657,33,719.0
1950.0,35,245.0,1.8702290076335877,4.591894318461453,8,302.0,0.22957330519683275,12,201.0,0.34149417941691607,15,244.0,0.17699427701347328,35,747.0
1955.0,37,317.0,2.4573643410852712,4.65968469522678,12,351.0,0.17136207154277652,13,244.0,0.3021158932184828,12,293.0,0.2145477522190839,37,888.0
1960.0,40,245.0,1.991869918699187,3.510387934995166,16,372.0,0.09123176911219875,12,250.0,0.17205265800504377,12,311.0,0.20067690847469818,40,933.0
1965.0,35,142.0,1.2136752136752136,3.5351231869008135,14,343.0,0.18029090323896382,10,187.0,0.233257891355161,11,332.0,0.18132549459807956,35,862.0
1970.0,25,66.0,0.5454545454545454,3.476248350136695,8,336.0,0.1817190822873219,5,195.0,0.33355881720609026,12,309.0,0.14291862105407677,25,840.0
1975.0,33,109.0,0.8449612403100775,3.979574650721544,13,360.0,0.18282633386697383,10,208.0,0.2594697013105423,10,326.0,0.16436903815294027,33,894.0
1980.0,35,171.0,1.3255813953488371,3.8032486668223413,16,431.0,0.1669273244186432,9,195.0,0.12287054393488497,10,334.0,0.16515497221448996,35,960.0
1985.0,47,307.0,2.4173228346456694,3.5238820287851254,22,521.0,0.16444986658867247,10,158.0,0.1394209101360531,15,385.0,0.17299374634476777,47,1064.0
1990.0,49,412.0,3.3225806451612905,2.8963745611020566,25,636.0,0.14005557713533293,7,182.0,0.1887600492393173,17,408.0,0.1313049931332664,49,1226.0
1995.0,52,397.0,3.227642276422764,2.609209407899677,25,682.0,0.09322370679520674,10,207.0,0.19912945782417335,17,378.0,0.10613355554989679,52,1267.0
2000.0,48,349.0,2.814516129032258,3.389004992905321,21,628.0,0.08201343119585927,14,258.0,0.3014270579656691,13,412.0,0.11631277718817583,48,1298.0
2005.0,37,237.0,1.9426229508196722,3.2793382297412497,16,659.0,0.10463428958351599,10,259.0,0.25761135647984,11,446.0,0.10377912520953181,37,1364.0
2010.0,43,215.0,1.7768595041322315,3.4207146888778728,16,727.0,0.18649388516495252,8,194.0,0.2212249289118811,19,511.0,0.15281159037068118,43,1432.0
2015.0,48,329.0,2.69672131147541,3.4342895802714883,20,821.0,0.18012245551882308,7,190.0,0.18613057558849747,21,598.0,0.1755159506111199,48,1609.0
2020.0,46,310.0,2.6271186440677967,2.591711746606483,17,814.0,0.14037659543068792,8,209.0,0.1959536144347285,21,618.0,0.08324451542688065,46,1641.0
2025.0,44,230.0,1.9327731092436975,3.1034094875131113,15,703.0,0.16806563163661578,10,200.0,0.22927266660963022,19,561.0,0.12644163221460114,44,1464.0
2030.0,28,150.0,1.25,3.8354479171362565,9,677.0,0.21365993673758746,6,126.0,0.2697722254512067,13,599.0,0.17390763802952602,28,1402.0
2035.0,32,166.0,1.3070866141732282,4.272870513818239,10,716.0,0.20529996283619445,7,97.0,0.2891794784897202,15,658.0,0.15733686343879988,32,1471.0
2040.0,32,161.0,1.3089430894308942,3.6857546865373516,14,781.0,0.17929037723315833,5,96.0,0.2575669180495105,13,647.0,0.14464655699223553,32,1524.0
2045.0,34,211.0,1.8508771929824561,3.3506418371461804,20,868.0,0.10772467203643475,8,92.0,0.2324455282066713,6,543.0,0.15661998900663998,34,1503.0
2050.0,33,208.0,1.8571428571428572,3.5907659488048957,20,862.0,0.09668458700257453,6,96.0,0.30782326823044254,7,396.0,0.18814762307738256,33,1354.0
2055.0,29,175.0,1.6055045871559632,4.645182679512723,18,756.0,0.14855178571950486,4,72.0,0.5315703362597912,7,330.0,0.25447728947953235,29,1158.0
2060.0,27,194.0,1.6869565217391305,5.02408598142836,17,783.0,0.130413848973653,6,71.0,0.562362817453983,4,258.0,0.3264101579417598,27,1112.0
2065.0,29,172.0,1.4333333333333333,5.028586627915826,18,870.0,0.16346983991950312,8,94.0,0.44004586446783267,3,242.0,0.3761933364318544,29,1206.0
2070.0,31,148.0,1.2542372881355932,3.859901092720931,16,848.0,0.11948925174183979,7,95.0,0.2788554551268469,8,243.0,0.35362556323680167,31,1186.0
2075.0,28,96.0,0.8,3.8468256404864425,9,711.0,0.16000190414726784,9,85.0,0.27250862948843835,10,247.0,0.24321136443497357,28,1043.0
2080.0,28,137.0,1.1322314049586777,4.7707185570600705,8,535.0,0.2195056688036396,10,92.0,0.36779590624814146,10,216.0,0.21202685014545733,28,843.0
2085.0,18,70.0,0.5645161290322581,4.464192839469937,5,505.0,0.20268600282154708,8,115.0,0.3788883209355155,5,230.0,0.18263424828202457,18,850.0
2090.0,21,83.0,0.6859504132231405,4.665819422440286,6,499.0,0.235896581770958,7,105.0,0.1877456366429742,8,246.0,0.2400875136155979,21,850.0
2095.0,29,125.0,1.0683760683760684,4.3192779904882785,11,542.0,0.21359545172488145,7,119.0,0.22706057773928864,11,242.0,0.1742540470250467,29,903.0
2100.0,32,203.0,1.8125,4.110487813599062,17,618.0,0.17877247128573226,9,126.0,0.23938259822256447,6,194.0,0.19548541689286308,32,938.0
2105.0,40,252.0,2.290909090909091,3.0711883382288963,19,622.0,0.10353749313924546,14,172.0,0.24700858404868684,7,215.0,0.14168237652819765,40,1009.0
2110.0,37,225.0,2.027027027027027,3.428470397357326,16,542.0,0.11881048865623219,11,193.0,0.1862611073304479,10,248.0,0.1504652714300166,37,983.0
2115.0,35,170.0,1.5044247787610618,4.106135085366285,15,412.0,0.2137827355608127,9,173.0,0.33916138001748136,11,245.0,0.18120220036399232,35,830.0
2120.0,23,80.0,0.6666666666666666,4.476798702777339,12,452.0,0.2056973850595874,3,179.0,0.3811562012015772,8,187.0,0.2519163619862009,23,818.0
2125.0,26,106.0,0.8688524590163934,4.2858130127949305,14,512.0,0.22153901199981796,7,192.0,0.25577628251915036,5,217.0,0.20926811721999503,26,921.0
2130.0,28,109.0,0.923728813559322,3.815474755296407,11,494.0,0.15916951477174549,8,187.0,0.135598314295506,9,253.0,0.18739539296668994,28,934.0
2135.0,23,85.0,0.7589285714285714,3.6130275497469304,9,401.0,0.1837103110812216,5,144.0,0.28000019671231435,9,247.0,0.1476630333821024,23,792.0
2140.0,22,55.0,0.49107142857142855,3.767236967551734,6,401.0,0.16384862576665865,6,160.0,0.3884118624996176,10,204.0,0.1686341188086964,22,765.0
2145.0,24,88.0,0.7394957983193278,4.0557537714364384,8,413.0,0.1483853679239029,9,194.0,0.2520183263692425,7,222.0,0.17605255664467145,24,829.0
2150.0,30,164.0,1.3898305084745763,3.854371940991688,7,385.0,0.1540904519077011,14,253.0,0.15677101571564164,9,256.0,0.16633673490960718,30,894.0
2155.0,43,200.0,1.7857142857142858,3.024479951618517,7,300.0,0.19730672447468903,16,275.0,0.20559296627104764,20,323.0,0.08570269107872142,43,898.0
2160.0,31,155.0,1.3478260869565217,3.612494468694362,6,266.0,0.261616546734968,10,235.0,0.2996687946982695,15,353.0,0.13899027225084956,31,854.0
2165.0,26,129.0,1.0573770491803278,4.253888094355692,7,298.0,0.2365066931105201,5,215.0,0.32547163455219547,14,314.0,0.19807948936265157,26,827.0
2170.0,24,88.0,0.7096774193548387,3.740893116488285,7,281.0,0.133172443309599,7,236.0,0.22778507488058314,10,347.0,0.16265192279645935,24,864.0
2175.0,32,108.0,0.907563025210084,3.646930869303647,9,217.0,0.16098763161326152,9,226.0,0.22579725664898287,14,414.0,0.133852533211821,32,857.0
2180.0,23,109.0,0.9396551724137931,4.364844790340229,4,151.0,0.2823656092501405,7,171.0,0.27743096484856156,12,426.0,0.14770776578225975,23,748.0
2185.0,18,78.0,0.6782608695652174,4.941278107273646,4,144.0,0.33817502097580954,9,159.0,0.3343550394319261,5,366.0,0.2307236147992808,18,669.0
2190.0,20,140.0,1.206896551724138,5.22236089116808,7,149.0,0.26077117280087325,10,156.0,0.3462448369802101,3,254.0,0.2688199360457471,20,559.0
2195.0,16,85.0,0.7522123893805309,4.624931413585424,9,147.0,0.20655138712079865,5,150.0,0.30694705169464975,2,170.0,0.26717962809140655,16,467.0
2200.0,18,61.0,0.5350877192982456,5.3572486076967225,7,89.0,0.19055409010328636,7,118.0,0.35313602361870366,4,136.0,0.34573117537655573,18,343.0
2205.0,15,62.0,0.5344827586206896,5.69727088722309,4,102.0,0.2518928254442137,6,121.0,0.30075303984511964,5,122.0,0.45588004409665805,15,345.0
2210.0,17,50.0,0.43103448275862066,4.992785698388652,6,108.0,0.2377079169950311,7,102.0,0.22343611805920183,4,116.0,0.3782969952930059,17,326.0
2215.0,23,104.0,0.9203539823008849,4.707693066420845,12,157.0,0.1753757654382997,2,78.0,0.2164881901202429,9,126.0,0.3009466605200466,23,361.0
2220.0,33,134.0,1.2072072072072073,3.441103610942774,11,177.0,0.18077484325243845,8,55.0,0.19465456918553814,14,150.0,0.09568517534235123,33,382.0
2225.0,33,159.0,1.4587155963302751,4.1164783878744915,10,151.0,0.19514479097220003,13,110.0,0.2748719765936408,10,158.0,0.18834014642551267,33,419.0
2230.0,29,108.0,0.9818181818181818,3.6217200041897017,10,185.0,0.191664250392538,12,134.0,0.19721136221256758,7,178.0,0.22185667374924606,29,497.0
2235.0,29,127.0,1.1140350877192982,4.114269539787534,11,230.0,0.21116805535210442,8,112.0,0.1537733478792933,10,192.0,0.22297957476438518,29,534.0
2240.0,37,123.0,1.1603773584905661,3.0561081353648847,16,253.0,0.16247662834081397,8,124.0,0.21405369955448186,13,209.0,0.1924466209629689,37,586.0
2245.0,30,104.0,0.9719626168224299,3.5587621855423146,11,245.0,0.13626429881757074,9,154.0,0.25567968891466747,10,183.0,0.16673503862823214,30,582.0
2250.0,22,83.0,0.7410714285714286,4.466468835129989,7,191.0,0.19410790961168137,7,153.0,0.3108388078964472,8,209.0,0.17452862958285031,22,553.0
2255.0,23,125.0,1.1160714285714286,5.180852168284403,7,175.0,0.3188499329032307,6,118.0,0.3408234531221391,10,234.0,0.2370459234058892,23,527.0
2260.0,25,145.0,1.3425925925925926,4.812767646015391,1,151.0,0.3771065214022212,6,97.0,0.2984278685960787,18,303.0,0.2032571917888831,25,551.0
2265.0,25,138.0,1.2660550458715596,4.321564820613846,7,126.0,0.3322003539651115,3,95.0,0.28939940537725517,15,325.0,0.13360035600845085,25,546.0
2270.0,29,117.0,1.0636363636363637,4.247697342291415,8,132.0,0.24485756460978972,8,108.0,0.24169883620439175,13,276.0,0.19272111477854495,29,516.0
2275.0,24,88.0,0.822429906542056,3.849130127477306,5,119.0,0.2291071410042482,8,128.0,0.2645082013181663,11,316.0,0.15049222661639514,24,563.0
2280.0,24,115.0,1.0454545454545454,4.545516160637531,4,98.0,0.3093985123197851,6,121.0,0.29712945022916826,14,376.0,0.13564761050563992,24,595.0
2285.0,26,123.0,1.1081081081081081,4.363448385573938,7,104.0,0.35677947659522585,4,121.0,0.26285923385343957,15,381.0,0.12298229291423235,26,606.0
2290.0,21,73.0,0.6460176991150443,4.293638995317779,5,99.0,0.3065715627487164,7,139.0,0.23825926789496088,9,320.0,0.13845375690221243,21,558.0
2295.0,22,87.0,0.7631578947368421,4.5584207771538505,7,93.0,0.24414111071426348,11,152.0,0.2524562764906556,4,222.0,0.22277173587453694,22,467.0
2300.0,22,75.0,0.6521739130434783,4.618167171135057,10,114.0,0.2718011113877153,12,138.0,0.2585567594406219,0,211.0,0.2742022036566882,22,463.0
2305.0,24,80.0,0.7079646017699115,4.073691703331359,11,112.0,0.21910743295070706,6,133.0,0.22841261266765722,7,230.0,0.229740754945588,24,475.0
2310.0,25,80.0,0.7079646017699115,3.888375120455381,9,126.0,0.18430401984186434,8,143.0,0.19931862324850996,8,229.0,0.19678623190936165,25,498.0
2315.0,22,80.0,0.7079646017699115,4.449929878870944,8,123.0,0.17378462301276731,11,155.0,0.23105102090083185,3,179.0,0.25217317119554833,22,457.0
2320.0,26,132.0,1.233644859813084,4.343753875738608,13,161.0,0.181936829334496,9,145.0,0.21298505945614452,4,170.0,0.2455938317454825,26,476.0
2325.0,28,212.0,2.019047619047619,4.052306497952776,16,235.0,0.19915994705626044,3,125.0,0.21267676553236592,9,201.0,0.1859623345095325,28,561.0
2330.0,27,183.0,1.8484848484848484,3.4602587359772117,14,257.0,0.1206076699940959,7,128.0,0.2517654800032562,6,190.0,0.18501801148592298,27,575.0
2335.0,23,110.0,1.0891089108910892,3.7286057553369867,11,212.0,0.12332001444004262,8,141.0,0.23466364100641582,4,113.0,0.2155548848632689,23,466.0
2340.0,19,98.0,0.9423076923076923,4.822291330780666,9,201.0,0.29852602646623255,9,135.0,0.28435414922887137,1,118.0,0.24750947762584985,19,454.0
2345.0,22,125.0,1.146788990825688,4.990207558449484,7,206.0,0.3290185503967765,8,112.0,0.22490002318615274,7,140.0,0.2699806555575979,22,458.0
2350.0,20,87.0,0.8130841121495327,4.5831948103836595,11,258.0,0.2817567794875317,2,83.0,0.31769979960925804,7,142.0,0.21725228805124808,20,483.0
2355.0,15,54.0,0.5346534653465347,4.298304281508783,6,271.0,0.215309667719477,5,57.0,0.3556556688627539,4,111.0,0.2054823678017332,15,439.0
2360.0,18,61.0,0.6039603960396039,4.711890074003326,5,225.0,0.20299717779056065,9,72.0,0.31878194293384643,4,65.0,0.24212718599468108,18,362.0
2365.0,13,45.0,0.4205607476635514,4.920016432635732,3,228.0,0.273453750600391,7,76.0,0.30080144436550627,3,59.0,0.3111949806708292,13,363.0
2370.0,24,129.0,1.18348623853211,5.068914872054268,9,253.0,0.2378852760123721,6,90.0,0.2709241715321678,9,76.0,0.2841353213049042,24,419.0
2375.0,22,75.0,0.7211538461538461,4.171847247942653,9,260.0,0.22231191872411293,3,67.0,0.22621910322651356,10,90.0,0.23414013819892227,22,417.0
2380.0,16,55.0,0.5392156862745098,4.269409530807389,5,218.0,0.16146260067377402,6,44.0,0.3350357691160135,5,75.0,0.21506325359008766,16,337.0
2385.0,16,49.0,0.47572815533980584,4.9690003060302015,7,173.0,0.20850888382397778,7,68.0,0.40812630314776116,2,66.0,0.2325121548481532,16,307.0
2390.0,18,58.0,0.5742574257425742,4.594944583978454,4,181.0,0.23984401472846073,5,70.0,0.3107411752078351,9,94.0,0.2050507299398372,18,345.0
2395.0,21,70.0,0.6796116504854369,4.097117248484896,10,205.0,0.20312790282621887,4,59.0,0.26302930300760324,7,103.0,0.16767831842075723,21,367.0
2400.0,24,86.0,0.86,4.076653427986769,6,203.0,0.26513176260393484,11,84.0,0.24040124876806113,7,91.0,0.20662928799563868,24,378.0
2405.0,18,116.0,1.1717171717171717,4.656918728546783,1,150.0,0.2782273380777581,16,153.0,0.2665640435103837,1,78.0,0.22820371305366483,18,381.0
2410.0,21,131.0,1.31,4.371975489709054,2,97.0,0.29924364395848047,13,193.0,0.18912348068895016,6,94.0,0.11575730619960159,21,384.0
2415.0,20,101.0,1.030612244897959,4.640051996842708,3,57.0,0.33604903552543847,10,179.0,0.2050370684258976,7,102.0,0.18278258724795,20,338.0
2420.0,12,54.0,0.5510204081632653,5.922358504440082,5,50.0,0.42552698351259105,5,131.0,0.37908696893098803,2,76.0,0.3125565919567717,12,257.0
2425.0,4,10.0,0.10204081632653061,6.1433097277727065,2,43.0,0.45342945463981454,1,124.0,0.4015257009699732,1,36.0,0.34046279343079944,4,203.0
2430.0,11,38.0,0.3917525773195876,5.728775828166155,4,35.0,0.3764021453310381,6,143.0,0.29670181956851494,1,24.0,0.3786066016756253,11,202.0
2435.0,18,51.0,0.5368421052631579,4.797190544191528,6,46.0,0.22017963542038185,8,146.0,0.24940878367757874,4,23.0,0.3777291515003722,18,215.0
2440.0,13,56.0,0.6021505376344086,5.141793342634382,5,53.0,0.2582276574348454,5,90.0,0.2605372014034454,3,37.0,0.4398583038655233,13,180.0
2445.0,12,21.0,0.21,5.129791197475002,3,47.0,0.2859780297956528,7,64.0,0.2480448989325418,2,21.0,0.45174199645731755,12,132.0
2450.0,15,75.0,0.7352941176470589,5.76130287458756,8,70.0,0.234378086170282,4,54.0,0.31986654952203497,3,16.0,0.4638189886849702,15,140.0
2455.0,13,44.0,0.4583333333333333,4.771569373416283,7,91.0,0.19750373561152026,2,42.0,0.33815288405929866,4,23.0,0.3142180388749097,13,156.0
2460.0,15,49.0,0.532608695652174,5.0996460952301685,4,71.0,0.2828806778386779,7,54.0,0.3520121960983892,4,26.0,0.2651525812411938,15,151.0
2465.0,17,63.0,0.65625,5.450078290958811,4,41.0,0.3101153956469983,11,87.0,0.27445980490598404,2,26.0,0.32256254177767035,17,154.0
2470.0,16,58.0,0.5918367346938775,5.7139796717691596,3,44.0,0.4057271967908366,11,103.0,0.24518639579243512,2,20.0,0.4359313587576654,16,167.0
2475.0,14,97.0,0.9603960396039604,5.902850910167207,3,51.0,0.3831735799403137,7,103.0,0.26099075661782867,4,33.0,0.42158121865840853,14,187.0
2480.0,9,72.0,0.7422680412371134,5.856802985988225,4,60.0,0.42433537614088235,1,84.0,0.29213120310873086,4,42.0,0.3739080732402138,9,186.0
2485.0,13,34.0,0.3541666666666667,5.51051026614103,3,48.0,0.4654117738185266,7,67.0,0.23802734599096792,3,40.0,0.296649485434767,13,155.0
2490.0,18,57.0,0.5816326530612245,4.93843999647002,8,43.0,0.31041606411093736,6,85.0,0.23191135532302878,4,38.0,0.3089192652247031,18,166.0
2495.0,20,72.0,0.7578947368421053,4.651325294231041,10,72.0,0.24408816817248905,8,81.0,0.22968433998387028,2,34.0,0.42753112121206427,20,187.0
2500.0,18,93.0,0.9587628865979382,5.19977128991843,8,87.0,0.32454674559459096,6,76.0,0.2761937761403178,4,38.0,0.4544938454117274,18,201.0
2505.0,14,90.0,0.8910891089108911,5.262929684780807,5,99.0,0.307714880153708,6,83.0,0.24011161159423,3,46.0,0.5742528142180058,14,228.0
2510.0,18,117.0,1.0833333333333333,5.660728268570574,10,112.0,0.2797271678585779,6,92.0,0.2979637829839071,2,11.0,0.46009959015493807,18,215.0
2515.0,29,236.0,2.29126213592233,5.601703916000847,15,174.0,0.19340097567771897,6,111.0,0.39786400145217216,8,38.0,0.3825438515308559,29,323.0
2520.0,27,142.0,1.4343434343434343,4.020864073322936,16,214.0,0.1740795838071317,1,80.0,0.36748288945488217,10,69.0,0.21504732902028023,27,363.0
2525.0,27,123.0,1.268041237113402,4.547617114308615,10,177.0,0.21676329535015493,7,35.0,0.3612667748342098,10,92.0,0.20407793618680786,27,304.0
2530.0,23,136.0,1.3465346534653466,5.423418426389305,8,152.0,0.23279822355791382,6,59.0,0.38500606319587266,9,111.0,0.2698292812898857,23,322.0
2535.0,14,58.0,0.5576923076923077,5.845701949028217,7,124.0,0.31890447615959994,2,47.0,0.38456687921663296,5,113.0,0.3225153744637641,14,284.0
2540.0,16,90.0,0.8490566037735849,6.586732677855578,6,126.0,0.470135507213108,2,25.0,0.3300503896898545,8,84.0,0.3498926116627171,16,235.0
2545.0,13,35.0,0.3465346534653465,5.864876546424685,3,93.0,0.4668334627844619,1,14.0,0.3116454222956826,9,103.0,0.24394844807577265,13,210.0
2550.0,24,85.0,0.8415841584158416,5.0276681830483385,6,104.0,0.3104538509516533,8,37.0,0.3132744573621549,10,105.0,0.14353055200801276,24,246.0
2555.0,25,113.0,1.1649484536082475,4.867292642738902,8,115.0,0.20977840528138203,8,59.0,0.2760005648988655,9,103.0,0.2897271351985832,25,277.0
2560.0,13,33.0,0.358695652173913,4.65608428977592,2,97.0,0.2537105098367059,7,68.0,0.2526521379845638,4,97.0,0.334326806720189,13,262.0
2565.0,13,54.0,0.5454545454545454,6.010081463569765,1,58.0,0.4162107436881988,5,68.0,0.2764798514046179,7,81.0,0.3453678574722113,13,207.0
2570.0,14,33.0,0.336734693877551,5.635778883642615,3,56.0,0.4725756124500956,1,59.0,0.2932209284140266,10,103.0,0.2911200006518554,14,218.0
2575.0,22,92.0,0.9484536082474226,5.2496407203879185,8,82.0,0.2777503553733042,6,65.0,0.31188582430165096,8,102.0,0.19659188363201033,22,249.0
2580.0,26,126.0,1.3548387096774193,4.623815571854244,8,97.0,0.23924383665996835,8,82.0,0.24010416454682273,10,116.0,0.23315562478560464,26,295.0
2585.0,16,37.0,0.39361702127659576,4.896116032749011,6,76.0,0.28883369161494543,5,77.0,0.24987566013505114,5,102.0,0.2822326349281579,16,255.0
2590.0,12,51.0,0.5204081632653061,5.579394032182753,3,73.0,0.38096726651802854,3,66.0,0.2741476523605532,6,71.0,0.3024605387929331,12,210.0
2595.0,15,82.0,0.845360824742268,5.79894275881161,6,100.0,0.3648400772546237,2,48.0,0.4098830659813098,7,84.0,0.2654871133024376,15,232.0
2600.0,16,89.0,0.967391304347826,5.343411816514941,7,99.0,0.3147494231093579,3,50.0,0.45941063173351965,6,73.0,0.31220917827516664,16,222.0
2605.0,13,83.0,0.8736842105263158,5.756085665236019,3,57.0,0.33017526068377034,5,72.0,0.5473518549375649,5,67.0,0.26606795097081487,13,196.0
2610.0,14,47.0,0.47959183673469385,5.1507023053894905,4,61.0,0.2636532438427548,3,54.0,0.3819629590552579,7,66.0,0.24180071162978936,14,181.0
2615.0,24,107.0,1.1263157894736842,4.0422599470139335,10,98.0,0.167353801726656,7,42.0,0.1378536521443838,7,82.0,0.17645889518292177,24,222.0
2620.0,24,86.0,0.9662921348314607,3.284641296983712,11,113.0,0.10683424357476964,8,70.0,0.20864642642103506,5,68.0,0.19504130391502278,24,251.0
2625.0,12,27.0,0.29347826086956524,4.70804700626432,6,94.0,0.2314550557515742,0,61.0,0.45985654171761753,6,80.0,0.2624606420048256,12,235.0
2630.0,17,55.0,0.5670103092783505,5.67787611429696,5,62.0,0.27469816759713445,2,28.0,0.6059293539727961,10,109.0,0.21456732265202713,17,199.0
2635.0,15,65.0,0.6770833333333334,5.822021582205211,2,51.0,0.3460730867579598,4,19.0,0.5802645489564227,9,124.0,0.2623388718365108,15,194.0
2640.0,14,64.0,0.6597938144329897,5.729589801065547,3,35.0,0.3402027403990831,4,41.0,0.6016689538604246,7,102.0,0.23202254156101307,14,178.0
2645.0,8,30.0,0.30612244897959184,5.926027009992488,2,31.0,0.38351109270932854,0,27.0,0.6130208070393887,6,83.0,0.21580434150694175,8,141.0
2650.0,18,81.0,0.8181818181818182,6.1073714324407264,9,51.0,0.3170335494264057,3,11.0,0.5414269250142549,6,81.0,0.2307228879240477,18,143.0
2655.0,11,32.0,0.3404255319148936,5.034280288101949,5,66.0,0.23255687383125437,4,23.0,0.36996925641667006,2,63.0,0.28607028977790316,11,152.0
2660.0,15,41.0,0.45054945054945056,5.4101707294441,6,50.0,0.22547009011506064,3,28.0,0.4654609211136184,6,54.0,0.25597943704746384,15,132.0
2665.0,13,55.0,0.5978260869565217,6.060821188211298,5,54.0,0.3161806661237137,2,24.0,0.5109131127033074,6,70.0,0.3176598721642366,13,148.0
2670.0,7,13.0,0.14444444444444443,5.666810200583443,3,53.0,0.3535362480185314,2,24.0,0.39819172355924015,2,54.0,0.29746924951180564,7,131.0
2675.0,17,69.0,0.7666666666666667,5.401029902082004,8,72.0,0.2636773864126953,7,43.0,0.3713399005175668,2,33.0,0.2015791134983998,17,148.0
2680.0,23,118.0,1.3409090909090908,5.221174513170765,16,129.0,0.15977394069189715,4,54.0,0.335511923438257,3,31.0,0.3418069417331862,23,214.0
2685.0,17,93.0,1.1071428571428572,5.460767898590006,14,175.0,0.22833158963071665,2,37.0,0.4233648242355347,1,16.0,0.42026184152308216,17,228.0
2690.0,18,68.0,0.8192771084337349,5.66184354342349,10,171.0,0.2467136300316668,1,18.0,0.5478877447350212,7,38.0,0.3358250007245458,18,227.0
2695.0,17,47.0,0.5595238095238095,4.551177876303865,8,210.0,0.19358479811531812,3,22.0,0.386485930385383,6,59.0,0.2689640095475584,17,291.0
2700.0,21,87.0,1.0481927710843373,4.342314494379445,11,258.0,0.12703367144171765,8,52.0,0.33771281952599075,2,44.0,0.21552927111874218,21,354.0
2705.0,18,81.0,1.0,4.48245838720136,11,268.0,0.0978633498769363,6,75.0,0.393636016313221,1,23.0,0.3002264031443717,18,366.0
2710.0,9,34.0,0.40963855421686746,5.888874323846546,6,223.0,0.2134035135691147,2,51.0,0.4924144204995682,1,19.0,0.4290689491406104,9,293.0
2715.0,8,38.0,0.4691358024691358,6.222637822619088,5,252.0,0.1798232309709563,2,19.0,0.5690888053013882,1,18.0,0.569951662431336,8,289.0
2720.0,13,74.0,0.8809523809523809,5.754133731252761,9,282.0,0.12697558763913727,3,27.0,0.5339240571440934,1,22.0,0.6430772053387965,13,331.0
2725.0,12,41.0,0.5125,3.9864696392599783,9,277.0,0.08636276150949686,0,16.0,0.40231804566737434,3,12.0,0.4429189516783743,12,305.0
2730.0,18,65.0,0.8024691358024691,3.845174740726398,5,192.0,0.14376594712691448,6,26.0,0.2702113151694826,7,35.0,0.0870689275534305,18,253.0
2735.0,12,37.0,0.44047619047619047,4.846022836660395,3,118.0,0.20222394293165938,3,37.0,0.3848867528242364,6,53.0,0.1495035958225277,12,208.0
2740.0,9,20.0,0.24691358024691357,6.555050727078041,4,77.0,0.26985818424892466,2,27.0,0.5672571615832098,3,39.0,0.510957092641853,9,143.0
2745.0,6,22.0,0.26506024096385544,7.372212474236534,2,48.0,0.33968705187886494,1,17.0,0.6572691788999482,3,40.0,0.4444094067229712,6,105.0
2750.0,9,58.0,0.6987951807228916,7.299613135554758,2,42.0,0.3984252759348018,2,17.0,0.6385619834747381,5,60.0,0.43133088128305486,9,119.0
2755.0,12,72.0,0.9,6.928542757909298,3,44.0,0.5652556676880673,3,26.0,0.5238316231857612,6,57.0,0.27270237706826117,12,127.0
2760.0,10,60.0,0.75,7.132963311535841,3,49.0,0.6137298296017636,4,21.0,0.4228391393655085,3,45.0,0.296489364460117,10,115.0
2765.0,15,110.0,1.3095238095238095,7.421198162886051,4,56.0,0.5670282088492783,9,51.0,0.3716436411068294,2,30.0,0.4133976933784236,15,137.0
2770.0,16,125.0,1.4705882352941178,7.308494807000417,3,71.0,0.5206686087802668,9,77.0,0.38569294345145927,4,30.0,0.41091123071666985,16,178.0
2775.0,17,143.0,1.7654320987654322,7.014887517184636,7,101.0,0.41849541505722887,5,66.0,0.36826531500852844,5,42.0,0.43373022025635377,17,209.0
2780.0,8,27.0,0.3375,6.881519329176472,5,82.0,0.4032359111034159,3,40.0,0.31241390241081934,0,26.0,0.6043997887278645,8,148.0
2785.0,13,44.0,0.5365853658536586,7.092865789195758,5,32.0,0.45695569845029865,4,41.0,0.2699913820138201,4,13.0,0.5167196043494922,13,86.0
2790.0,11,48.0,0.6075949367088608,7.083220995748083,5,32.0,0.41634480551442243,3,51.0,0.48130994400923904,3,19.0,0.47564081491584675,11,102.0
2795.0,14,80.0,1.0666666666666667,7.649333873902829,7,42.0,0.45098832834493635,4,62.0,0.5824179567912033,3,17.0,0.4980900587158013,14,121.0
2800.0,10,19.0,0.2345679012345679,6.363423105926371,6,45.0,0.38720840875466395,2,35.0,0.4652754161517767,2,14.0,0.3810514931555076,10,94.0
2805.0,24,96.0,1.1294117647058823,5.860983712346976,8,43.0,0.37340567579629813,8,43.0,0.2594362398392862,8,40.0,0.2944216141130474,24,126.0
2810.0,27,139.0,1.7820512820512822,3.5527720536995355,9,63.0,0.20653683591812946,12,94.0,0.10988882134790737,6,61.0,0.1904820333801892,27,218.0
2815.0,26,125.0,1.644736842105263,4.412153902197837,10,85.0,0.2182861630049859,11,135.0,0.24809028487011156,5,50.0,0.2644417337967688,26,270.0
2820.0,10,32.0,0.4050632911392405,5.312945845890422,4,95.0,0.2569502303761672,4,115.0,0.40949581973196425,2,53.0,0.33654066222227785,10,263.0
2825.0,20,80.0,0.9302325581395349,6.064724165047269,8,89.0,0.32989697841601057,3,67.0,0.3253073364962487,9,81.0,0.3485289167180896,20,237.0
2830.0,17,81.0,0.9759036144578314,5.591424445580429,8,111.0,0.32154174252893086,2,40.0,0.4192292901793387,7,96.0,0.32388359760083274,17,247.0
2835.0,11,32.0,0.4050632911392405,5.350675961884986,5,94.0,0.2444872826607833,1,36.0,0.5195006900746016,5,64.0,0.33174435032886124,11,194.0
2840.0,13,44.0,0.5365853658536586,5.601998692252561,4,98.0,0.22102094281443857,4,40.0,0.5500534589030027,5,56.0,0.2729766966535112,13,194.0
2845.0,19,109.0,1.3132530120481927,5.824285690247815,9,134.0,0.19572237537779905,7,68.0,0.42050286557389327,3,57.0,0.33964013001452875,19,259.0
2850.0,19,107.0,1.3375,4.824559378208223,11,147.0,0.1401680178079886,5,69.0,0.3284907158343941,3,63.0,0.40792244562240876,19,279.0
2855.0,9,27.0,0.3375,6.047120704877086,6,123.0,0.23478482603162598,2,47.0,0.45495759889345894,1,32.0,0.4730933117587462,9,202.0
2860.0,10,34.0,0.43037974683544306,6.864078535146674,6,89.0,0.2993486551559042,0,19.0,0.49262356978822425,4,32.0,0.52009865048073,10,140.0
2865.0,10,36.0,0.4675324675324675,7.135249328286094,6,77.0,0.3782996764436441,1,11.0,0.6106378004919482,3,31.0,0.42173633733518917,10,119.0
2870.0,9,54.0,0.6923076923076923,7.583300201242088,4,77.0,0.4288854383429086,2,12.0,0.6697666881902545,3,23.0,0.40433132859762305,9,112.0
2875.0,9,76.0,0.9743589743589743,8.361603164400943,6,79.0,0.4649665507415594,2,10.0,0.5399080097831904,1,13.0,0.5981964969213532,9,102.0
2880.0,11,48.0,0.6,7.648828860503043,2,50.0,0.4088175082185197,7,34.0,0.4608508352733907,2,15.0,0.5357963074828798,11,99.0
2885.0,23,136.0,1.7435897435897436,6.089028372882923,6,31.0,0.3298147319015565,13,84.0,0.2142955337607854,4,33.0,0.47164406995528163,23,148.0
2890.0,22,141.0,1.9583333333333333,4.986206049736217,6,48.0,0.14587255240450184,12,121.0,0.16808248889013044,4,53.0,0.5205615637078588,22,222.0
2895.0,10,45.0,0.6428571428571429,5.9285606436024,4,45.0,0.3309595581994161,6,115.0,0.30631155381351255,0,27.0,0.4585293050460783,10,187.0
2900.0,9,44.0,0.6285714285714286,8.06022939450988,3,36.0,0.5738635860487148,3,81.0,0.32597616295473725,3,11.0,0.5964856581938769,9,128.0
2905.0,8,60.0,0.8695652173913043,8.021522561018001,4,47.0,0.5973235589209102,2,67.0,0.4197569294665366,2,13.0,0.5612944843144018,8,127.0
2910.0,1,2.0,0.03076923076923077,8.336354841361203,0,25.0,0.5737575277688786,1,53.0,0.4797155184081301,0,3.0,0.7131730713145223,1,81.0
2915.0,12,34.0,0.5396825396825397,7.185016600361088,4,12.0,0.346820583093796,8,68.0,0.31842274541066073,0,0.0,0.7029751543334793,12,80.0
2920.0,12,40.0,0.6896551724137931,5.534790196883789,3,21.0,0.25373783887545376,7,79.0,0.22911531320370707,2,6.0,0.5567010430239416,12,106.0
2925.0,4,5.0,0.0847457627118644,6.725233971701814,1,21.0,0.41338794168222825,2,50.0,0.3026453860565859,1,3.0,0.61102306246066,4,74.0
2930.0,6,13.0,0.21666666666666667,8.134019280569829,1,9.0,0.5553773448718904,2,27.0,0.4332629944898776,3,13.0,0.6302617461107202,6,49.0
2935.0,2,3.0,0.04918032786885246,8.929638662497537,1,4.0,0.6963566027112942,1,17.0,0.5387684517206109,0,10.0,0.566367866206381,2,31.0
2940.0,5,16.0,0.2711864406779661,9.183428155256996,1,0.0,0.7246059662185761,1,14.0,0.6158566070437651,3,8.0,0.5394102008271318,5,22.0
2945.0,5,36.0,0.5901639344262295,9.976916546226649,1,3.0,0.6350851121721851,2,17.0,0.712659460278434,2,18.0,0.6459563943839557,5,38.0
2950.0,6,20.0,0.32786885245901637,8.629281619224246,2,11.0,0.6356585165835615,3,14.0,0.5079159192896887,1,2.0,0.5287613785141951,6,27.0
2955.0,14,54.0,0.9310344827586207,6.934654172542321,3,9.0,0.45295179980148054,6,33.0,0.2319831724475336,5,20.0,0.4636951177854153,14,62.0
2960.0,11,41.0,0.803921568627451,4.251551692392711,4,20.0,0.2433846377714971,5,45.0,0.1714519228459978,2,30.0,0.24059830673476426,11,95.0
2965.0,5,15.0,0.2777777777777778,6.383735856795408,4,30.0,0.3558949999260021,0,24.0,0.45559852424576097,1,14.0,0.4354739631603292,5,68.0
2970.0,8,15.0,0.25862068965517243,8.236472202210761,2,29.0,0.5337965348768942,3,31.0,0.49420612919907825,3,9.0,0.6086729520291708,8,69.0
2975.0,10,39.0,0.639344262295082,8.366062834805744,2,19.0,0.49534889006340427,7,58.0,0.49906457967909607,1,3.0,0.6143906310744831,10,80.0
2980.0,8,31.0,0.5254237288135594,7.688933768604851,2,13.0,0.6626938272902297,3,59.0,0.3530708906087268,3,10.0,0.4875715105508811,8,82.0
2985.0,6,20.0,0.3389830508474576,7.171133901323709,2,18.0,0.6807416968836585,2,29.0,0.3062197655138444,2,12.0,0.3733600857367079,6,59.0
2990.0,4,39.0,0.6964285714285714,9.394535285615357,1,23.0,0.731764915946044,1,16.0,0.5893517399777416,2,13.0,0.6409385554980854,4,52.0
2995.0,5,51.0,0.8793103448275862,9.18041264381934,2,30.0,0.7226820706329303,1,11.0,0.5814353308628308,2,23.0,0.6602060575480245,5,64.0
3000.0,15,101.0,1.7118644067796611,8.108843402873175,2,38.0,0.5949195314421402,8,37.0,0.44529840568120027,5,35.0,0.5176051687224833,15,110.0
3005.0,10,72.0,1.263157894736842,7.58482323019537,1,1.0,0.5456868985844024,6,56.0,0.367620654819064,3,50.0,0.6028994630482986,10,107.0
3010.0,5,20.0,0.3448275862068966,7.314265431509561,3,14.0,0.42204374312519616,1,38.0,0.30491082825981713,1,18.0,0.6052651727569406,5,70.0
3015.0,6,18.0,0.33962264150943394,6.9836946207212645,1,14.0,0.6334460348682679,2,37.0,0.21330107557198227,3,16.0,0.46113691225549913,6,67.0
3020.0,12,38.0,0.7450980392156863,6.053910868995292,0,2.0,0.622030518331215,10,71.0,0.1602852067322603,2,11.0,0.45480811944105815,12,84.0
3025.0,15,105.0,2.1,6.540290670660857,1,4.0,0.638230598585786,14,138.0,0.2585861393184509,0,3.0,0.5807606788966561,15,145.0
3030.0,15,105.0,1.9090909090909092,6.799993182057053,3,11.0,0.4904987142351646,12,168.0,0.30761178540369033,0,0.0,0.617224681132444,15,179.0
3035.0,10,45.0,0.7894736842105263,7.361762771287121,3,26.0,0.5788501743797436,5,140.0,0.32986501654979605,2,2.0,0.7147682560089001,10,168.0
3040.0,5,44.0,0.7857142857142857,7.337084199507108,4,45.0,0.519655890878727,1,86.0,0.3382030078221847,0,2.0,0.7470972495944299,5,133.0
3045.0,4,63.0,1.1666666666666667,8.195180376546412,4,65.0,0.5855562441923979,0,37.0,0.46454263439736676,0,2.0,0.7413437179651357,4,104.0
3050.0,3,4.0,0.07017543859649122,7.960581180267266,1,30.0,0.536692591514829,0,8.0,0.56768379363686,2,6.0,0.5687929818579659,3,44.0
3055.0,4,12.0,0.20689655172413793,8.16336032782779,3,13.0,0.5063333944263599,0,4.0,0.7420391988048843,1,5.0,0.4781777532965764,4,22.0
3060.0,3,7.0,0.11864406779661017,7.937515615312163,3,21.0,0.4671678812426647,0,3.0,0.7265236891096164,0,1.0,0.51672942900053,3,25.0
3065.0,4,3.0,0.04918032786885246,7.882342884964116,1,12.0,0.49176050602456245,2,8.0,0.5819202165127063,1,0.0,0.5082793128068102,4,20.0
3070.0,7,26.0,0.40625,8.209298434804694,1,6.0,0.4611844141531283,6,27.0,0.4781923051824189,0,0.0,0.5774231287960278,7,33.0
3075.0,4,20.0,0.30303030303030304,8.948634687334595,1,9.0,0.6191535845510795,3,34.0,0.4551474789036557,0,0.0,0.7334514721299334,4,43.0
3080.0,3,18.0,0.28125,8.551370619295955,1,16.0,0.6923426640537097,0,20.0,0.4230231250925576,2,4.0,0.48704826789866795,3,40.0
3085.0,9,53.0,0.8688524590163934,8.544271035811052,1,21.0,0.7649630824565391,1,8.0,0.5210449656450058,7,30.0,0.41386468102582413,9,59.0
3090.0,7,18.0,0.3050847457627119,7.28643170692904,1,3.0,0.6416179971783563,1,6.0,0.3757632049939326,5,42.0,0.354743644121152,7,51.0
3095.0,12,41.0,0.7321428571428571,6.165991460393653,4,18.0,0.2273338302505847,7,31.0,0.27204784913597163,1,17.0,0.5180638015261604,12,66.0
3100.0,11,24.0,0.4528301886792453,6.772572199649773,4,22.0,0.2447788293292505,7,50.0,0.3494403582599601,0,0.0,0.594804224754743,11,72.0
3105.0,5,16.0,0.3076923076923077,8.433095315276999,0,7.0,0.6638458646712918,3,39.0,0.44396881321882137,2,8.0,0.5611713372139742,5,54.0
3110.0,4,18.0,0.34615384615384615,9.174613673513518,0,2.0,0.7893867329581112,2,34.0,0.41945224861652075,2,18.0,0.69676507133366,4,54.0
3115.0,6,19.0,0.38,8.508707542707764,0,2.0,0.783981713702985,5,46.0,0.34541179281258905,1,2.0,0.6745844993689094,6,50.0
3120.0,6,20.0,0.43478260869565216,6.487456575903243,0,0.0,0.7537092713087526,3,44.0,0.24810944694778964,3,10.0,0.2670383724830069,6,54.0
3125.0,10,39.0,0.8478260869565217,6.428735069594166,1,3.0,0.6390709538534838,1,32.0,0.2588958696713157,8,40.0,0.3511776328047271,10,75.0
3130.0,4,19.0,0.40425531914893614,7.957913289964822,2,8.0,0.6940532138603697,0,9.0,0.48931954901101293,2,45.0,0.463837210488801,4,62.0
3135.0,5,15.0,0.3125,8.78618969035756,2,12.0,0.7223929351335435,2,14.0,0.47034308140022285,1,16.0,0.545692314190709,5,42.0
3140.0,10,52.0,1.0612244897959184,8.186340140570548,3,26.0,0.5866961740677458,6,36.0,0.44958771094359495,1,1.0,0.5189391307595488,10,63.0
3145.0,9,21.0,0.3888888888888889,6.9128905433385,2,18.0,0.3025909371751538,4,42.0,0.3026553001897402,3,6.0,0.5382454706434616,9,66.0
3150.0,10,36.0,0.6923076923076923,7.7251743236979245,7,23.0,0.43755447955202403,2,30.0,0.25030847483047575,1,13.0,0.7445350569013045,10,66.0
3155.0,2,1.0,0.018867924528301886,8.542326892464015,0,27.0,0.5696172821925085,0,22.0,0.4358438768551461,2,3.0,0.6591655672705975,2,52.0
3160.0,3,8.0,0.14814814814814814,9.53084208012731,0,2.0,0.7079562072928182,0,14.0,0.589816384746323,3,10.0,0.6136498485171126,3,26.0
3165.0,2,2.0,0.038461538461538464,10.317236128597319,1,0.0,0.7626193025414936,0,4.0,0.7399546002744507,1,11.0,0.6068071335652439,2,15.0
3170.0,2,2.0,0.03636363636363636,9.718318645020515,1,1.0,0.7210560852040516,0,4.0,0.7146272569926834,1,2.0,0.44585663894021527,2,7.0
3175.0,7,20.0,0.3389830508474576,8.72229399151145,1,6.0,0.7302199877160794,4,15.0,0.5620343281764059,2,4.0,0.39170193916279783,7,25.0
3180.0,10,42.0,0.711864406779661,7.352699956119209,4,17.0,0.5114992464455591,1,19.0,0.3451582247902174,5,25.0,0.44537868484154647,10,61.0
3185.0,4,12.0,0.21052631578947367,7.226196522073207,1,16.0,0.5128505736599488,1,10.0,0.3532154421306267,2,29.0,0.46488936837286704,4,55.0
3190.0,8,34.0,0.6415094339622641,8.32974032880503,4,16.0,0.5487608604569928,2,15.0,0.492304533332759,2,18.0,0.540423158895598,8,49.0
3195.0,11,60.0,1.1111111111111112,8.005992410909478,5,39.0,0.4865996080566972,2,10.0,0.5417826708833449,4,22.0,0.5365226762770754,11,71.0
3200.0,9,26.0,0.5306122448979592,6.030179683881855,1,32.0,0.27600387885366273,5,26.0,0.4536104989523455,3,3.0,0.4691724489571159,9,61.0
3205.0,11,42.0,0.84,6.389384387923524,2,6.0,0.38455538718538107,2,30.0,0.4795319604330013,7,29.0,0.23807183164975265,11,65.0
3210.0,6,21.0,0.42857142857142855,6.953985255833653,3,9.0,0.4711057351215073,0,13.0,0.6171968789122269,3,47.0,0.3456159129937822,6,69.0
3215.0,8,31.0,0.5961538461538461,8.489673247725058,7,35.0,0.4489994571848514,0,4.0,0.8172678848484733,1,24.0,0.5646830942133303,8,63.0
3220.0,5,20.0,0.40816326530612246,9.23762872925478,5,46.0,0.5002194323709446,0,2.0,0.8944673799586762,0,5.0,0.7460993925961874,5,53.0
3225.0,0,0.0,0.0,9.755713986516392,0,29.0,0.38721243539158934,0,4.0,0.8732413557364884,0,0.0,0.8376770604985727,0,33.0
3230.0,2,6.0,0.11538461538461539,9.469055003076715,0,7.0,0.5681107214873795,1,6.0,0.7858657449348869,1,2.0,0.5974758937483896,2,15.0
3235.0,9,24.0,0.4444444444444444,7.649242745952874,1,0.0,0.6463359111253063,3,5.0,0.49315230949428857,5,21.0,0.2712858438867026,9,26.0
3240.0,11,37.0,0.7115384615384616,6.924926036137591,0,0.0,0.8118964562120616,5,24.0,0.36552714582767004,6,39.0,0.2294385797398333,11,63.0
3245.0,3,12.0,0.23076923076923078,8.063766595620576,0,0.0,0.7614676970787047,3,35.0,0.47489819178266907,0,15.0,0.4401190268767472,3,50.0
3250.0,3,6.0,0.10909090909090909,9.462223641145432,0,2.0,0.727962773793785,2,16.0,0.5782342126070626,1,4.0,0.646052144066028,3,22.0
3255.0,5,23.0,0.40350877192982454,9.96605454101988,0,2.0,0.82858374293026,2,16.0,0.6489342585915693,3,11.0,0.6187089907687026,5,29.0
3260.0,7,47.0,0.8392857142857143,9.78563259919611,1,2.0,0.7959370212605713,4,28.0,0.5914433873304353,2,19.0,0.6499024096685162,7,49.0
3265.0,4,48.0,0.8421052631578947,9.483903260319332,1,5.0,0.7455586049571056,3,45.0,0.5903093028852273,0,10.0,0.6340484474426705,4,60.0
3270.0,7,64.0,1.1428571428571428,8.625482450449656,2,2.0,0.6268049204185896,3,62.0,0.537950358329562,2,4.0,0.5906875979789783,7,68.0
3275.0,12,101.0,1.7413793103448276,6.886980190790659,4,18.0,0.46877185232066837,7,86.0,0.3414997166329748,1,9.0,0.4859918334994324,12,113.0
3280.0,14,162.0,2.8421052631578947,6.199273865233136,8,50.0,0.31373043038446347,6,116.0,0.37109346809416605,0,1.0,0.5008903679250861,14,167.0
3285.0,11,42.0,0.7368421052631579,5.793704838493685,7,67.0,0.18787563573294955,3,66.0,0.4599095646084874,1,0.0,0.5251692046499442,11,133.0
3290.0,5,19.0,0.3220338983050847,8.421608298500182,5,53.0,0.2990892594680847,0,15.0,0.8197502395291997,0,0.0,0.6059427303523178,5,68.0
3295.0,3,9.0,0.15254237288135594,9.283587345661784,1,35.0,0.5080940239614032,1,19.0,0.730773917520267,1,5.0,0.6930282187633823,3,59.0
3300.0,4,19.0,0.34545454545454546,9.506197826590562,0,22.0,0.7818123093164004,3,32.0,0.6568791218916805,1,2.0,0.46977342206456524,4,56.0
3305.0,7,49.0,0.9245283018867925,9.182928238330007,0,5.0,0.7660331104623181,3,45.0,0.6354249395910337,4,17.0,0.4533674509223911,7,67.0
3310.0,10,92.0,1.7358490566037736,8.454978740852324,1,0.0,0.7507678438452334,3,60.0,0.5438406207690293,6,45.0,0.38528918609211527,10,105.0
3315.0,7,75.0,1.4423076923076923,8.000721167344894,0,0.0,0.7224273145516145,3,75.0,0.4676831154085618,4,43.0,0.4597614898733865,7,118.0
3320.0,1,1.0,0.0196078431372549,9.032475322461785,0,2.0,0.7814357272956802,1,30.0,0.5347379219338549,0,21.0,0.5562795577147824,1,53.0
3325.0,4,14.0,0.28,8.475596477621348,1,6.0,0.5412403271613142,2,12.0,0.5036586051656419,1,14.0,0.51819073045191,4,32.0
3330.0,6,17.0,0.3695652173913043,7.145809006829043,0,7.0,0.39112950941994656,1,15.0,0.5569255948296232,5,28.0,0.29757517166674075,6,50.0
3335.0,5,12.0,0.2857142857142857,7.3209569749624865,0,2.0,0.5657911500544038,0,5.0,0.8249016974301986,5,39.0,0.31719919404043156,5,46.0
3340.0,3,5.0,0.11627906976744186,8.207238732499075,2,6.0,0.5215790630645024,0,4.0,0.8728504541318979,1,27.0,0.4678570025542504,3,37.0
3345.0,4,21.0,0.44680851063829785,8.925237214110174,4,23.0,0.5116642890391057,0,4.0,0.8731084968198738,0,8.0,0.5213019263343621,4,35.0
3350.0,3,5.0,0.09803921568627451,8.13630251644996,2,17.0,0.37646547387759755,0,2.0,0.8481695540455986,1,6.0,0.6092092597509823,3,25.0
3355.0,4,7.0,0.14285714285714285,8.895031319234059,2,6.0,0.547586921063602,0,2.0,0.7677632861346888,2,4.0,0.5665413973304708,4,12.0
3360.0,8,23.0,0.4791666666666667,7.769778768860363,2,2.0,0.4568831171562627,0,2.0,0.8520972400360821,6,23.0,0.39978704001992205,8,27.0
3365.0,9,37.0,0.7872340425531915,7.334515648120647,5,22.0,0.44899515370887744,0,0.0,0.867946052616691,4,31.0,0.2941056996371223,9,53.0
3370.0,3,10.0,0.2222222222222222,8.29347915071452,2,29.0,0.5657959546461443,0,2.0,0.8115230777645283,1,25.0,0.490420265033204,3,56.0
3375.0,4,6.0,0.13043478260869565,8.336287656117305,0,11.0,0.5182900148976591,0,4.0,0.9531734596894743,4,31.0,0.4434227875241997,4,46.0
3380.0,7,30.0,0.5882352941176471,8.03217063648405,0,0.0,0.5682800428985514,0,2.0,0.7394416554427714,7,55.0,0.30065683362102275,7,57.0
3385.0,5,24.0,0.47058823529411764,8.14989963868692,0,0.0,0.7881703081408347,0,2.0,0.7650172090943315,5,64.0,0.23532582889050227,5,66.0
3390.0,5,11.0,0.22448979591836735,8.124012056711047,1,2.0,0.6226490931241362,0,4.0,0.7016201438903682,4,51.0,0.3124099917709437,5,57.0
3395.0,10,26.0,0.5098039215686274,7.851228471479313,5,14.0,0.2871023867137465,1,5.0,0.7167304375019097,4,37.0,0.41237768054072826,10,56.0
3400.0,12,71.0,1.42,7.664147101292494,7,43.0,0.14852585806137336,1,10.0,0.7720511159886522,4,32.0,0.4892254844896224,12,85.0
3405.0,8,72.0,1.5319148936170213,7.772538202080598,4,56.0,0.28136527325492205,1,13.0,0.7657198739122968,3,36.0,0.6036750975178129,8,105.0
3410.0,5,24.0,0.47058823529411764,8.349310041424365,2,33.0,0.5422428678603584,1,20.0,0.7441476967954824,2,28.0,0.5439943940463808,5,81.0
3415.0,6,46.0,0.8518518518518519,8.800743500570368,1,11.0,0.714434140564842,1,25.0,0.792197580605171,4,15.0,0.36034355401451645,6,51.0
3420.0,7,54.0,0.9473684210526315,8.379793395251996,1,14.0,0.7269275614378954,1,30.0,0.7268192305354156,5,30.0,0.25450699737059146,7,74.0
3425.0,6,62.0,1.1272727272727272,8.191697609164482,3,23.0,0.6683349440523844,1,35.0,0.7291121624442845,2,25.0,0.3445990918119242,6,83.0
3430.0,7,83.0,1.4310344827586208,9.302505865319782,5,34.0,0.5418397496083649,1,40.0,0.843781340360133,1,15.0,0.5443263599054081,7,89.0
3435.0,5,25.0,0.4032258064516129,8.563135355179767,3,25.0,0.38911375209590854,1,3.0,0.6903511950721224,1,18.0,0.6099296400284014,5,46.0
3440.0,15,71.0,1.1639344262295082,8.428114388953993,8,33.0,0.29604344262814025,4,15.0,0.5457563563388756,3,27.0,0.6264653304271833,15,75.0
3445.0,8,55.0,0.9649122807017544,7.011174209734421,2,38.0,0.2854615184099457,3,20.0,0.3173592903059395,3,39.0,0.5398747730151595,8,97.0
3450.0,5,57.0,1.0178571428571428,8.204186349545159,0,16.0,0.5904967950695906,1,13.0,0.45546258172078946,4,56.0,0.5238937181843577,5,85.0
3455.0,6,16.0,0.2909090909090909,9.255030406222858,4,21.0,0.5822522430034721,1,14.0,0.6159608121825444,1,20.0,0.6629577032111958,6,55.0
3460.0,10,55.0,1.0576923076923077,8.624505430542742,5,42.0,0.5128824453986275,2,19.0,0.5961221864748713,3,14.0,0.579822105485382,10,75.0
3465.0,9,39.0,0.78,6.460922044721797,4,40.0,0.45468655213990916,2,29.0,0.5272154707870376,3,19.0,0.3230099006516234,9,88.0
3470.0,4,43.0,0.8431372549019608,7.966086650483996,0,7.0,0.394609330150414,2,43.0,0.6524212482571523,2,12.0,0.6143705825992144,4,62.0
3475.0,3,11.0,0.19642857142857142,9.066252664916131,2,0.0,0.4370762066106777,0,21.0,0.6707828104876822,1,11.0,0.707964218736124,3,32.0
3480.0,7,30.0,0.5172413793103449,9.556970925713776,2,3.0,0.5217935521982527,3,17.0,0.6375298250822944,2,16.0,0.6619029911023203,7,36.0
3485.0,7,37.0,0.6379310344827587,8.370956124666778,2,8.0,0.5493703309311323,3,25.0,0.44492992892486033,2,21.0,0.5979592011851873,7,54.0
3490.0,5,50.0,0.9803921568627451,9.120619372996046,3,20.0,0.5457617460640694,1,20.0,0.5364464933385208,1,26.0,0.7858415780106632,5,66.0
3495.0,6,47.0,0.9215686274509803,9.104554897085926,3,17.0,0.504586216501189,1,13.0,0.6219176387838685,2,32.0,0.6323691189778003,6,62.0
3500.0,5,33.0,0.66,9.448765035684183,4,19.0,0.5424617672416591,1,16.0,0.6768425814061092,0,1.0,0.6921824222759609,5,36.0
3505.0,6,33.0,0.7021276595744681,8.082449396122348,2,18.0,0.5222054440533607,1,21.0,0.6793831972109045,3,10.0,0.5133749675915645,6,49.0
3510.0,4,27.0,0.5869565217391305,7.4033522914403,1,3.0,0.5092276595588744,1,28.0,0.65838174811534,2,10.0,0.47727126006230436,4,41.0
3515.0,4,38.0,0.8260869565217391,7.397165374244007,3,10.0,0.3278697066021356,1,35.0,0.7903489118948405,0,1.0,0.5718103158173926,4,46.0
3520.0,7,36.0,0.6923076923076923,7.407975139607419,7,39.0,0.24851378013553496,0,4.0,0.8310360799344658,0,2.0,0.5928324180540079,7,45.0
3525.0,8,24.0,0.4444444444444444,7.925882628579232,6,53.0,0.3032409539657033,2,8.0,0.6462208175348002,0,2.0,0.816118933925998,8,63.0
3530.0,3,5.0,0.09803921568627451,8.699572455048672,3,35.0,0.4085544168205102,0,8.0,0.7531495470005115,0,2.0,0.7973147048643344,3,45.0
3535.0,2,5.0,0.09433962264150944,10.04846080920193,2,26.0,0.5719078716042011,0,2.0,0.8698343214113677,0,4.0,0.7951489968782581,2,32.0
3540.0,5,19.0,0.37254901960784315,9.804906991920745,2,21.0,0.6559113056759823,0,0.0,0.7991937562265063,3,10.0,0.5220976213545806,5,31.0
3545.0,4,27.0,0.5510204081632653,9.586511921876344,3,24.0,0.6017000177962631,0,0.0,0.8870336648544361,1,14.0,0.6739694061068073,4,38.0
3550.0,2,2.0,0.04081632653061224,9.072901303568239,1,11.0,0.5208355933751576,1,3.0,0.6725249614135033,0,0.0,0.7468312278684688,2,14.0
3555.0,9,30.0,0.6122448979591837,7.622775573775523,5,22.0,0.30148142084847984,3,11.0,0.5218248348578826,1,0.0,0.743792411168595,9,33.0
3560.0,9,20.0,0.45454545454545453,6.316465757136615,5,33.0,0.22411852264747234,4,21.0,0.4607008716296898,0,0.0,0.7596347962796622,9,54.0
3565.0,4,9.0,0.2,7.797197589834357,2,22.0,0.34743706351348885,1,17.0,0.6538198754419279,1,2.0,0.6354973791559712,4,41.0
3570.0,4,21.0,0.4666666666666667,9.081700162865294,1,15.0,0.5822402480076753,1,14.0,0.7664381606481865,2,7.0,0.6396268913644204,4,36.0
3575.0,3,26.0,0.52,9.45804664082223,2,15.0,0.7261276332815817,1,16.0,0.6313076051210342,0,8.0,0.6295310587151086,3,39.0
3580.0,4,36.0,0.6923076923076923,9.413791184941921,2,15.0,0.7036601141055729,1,23.0,0.7182519054588604,1,0.0,0.5936423003049774,4,38.0
3585.0,4,48.0,0.9056603773584906,9.906342823477488,2,20.0,0.6930882144060265,1,28.0,0.7159687242756715,1,2.0,0.70282422577061,4,50.0
3590.0,6,72.0,1.3333333333333333,9.598820356106387,1,25.0,0.6452208870166929,4,42.0,0.6769203707039537,1,7.0,0.6486151547363506,6,74.0
3595.0,3,17.0,0.32075471698113206,9.317504754902238,1,1.0,0.49421440595179583,0,11.0,0.7242801777177262,2,16.0,0.7024777561983415,3,28.0
3600.0,9,52.0,0.9454545454545454,8.02566749425799,4,17.0,0.3550693883400413,3,9.0,0.4097356701821095,2,26.0,0.6476424963551618,9,52.0
