step,system_total_stopped,system_total_waiting_time,system_mean_waiting_time,system_mean_speed,A0_stopped,A0_accumulated_waiting_time,A0_average_speed,B0_stopped,B0_accumulated_waiting_time,B0_average_speed,C0_stopped,C0_accumulated_waiting_time,C0_average_speed,agents_total_stopped,agents_total_accumulated_waiting_time
5.0,1,0.0,0.0,3.6619117122469467,0,0.0,0.3267876343766225,1,0.0,0.29172242156931605,0,0.0,1.0,1,0.0
10.0,1,0.0,0.0,7.66230296886513,0,0.0,0.7963062901032525,0,0.0,0.7584193287425762,1,0.0,0.08107852919438191,1,0.0
15.0,1,0.0,0.0,9.322746940796304,0,0.0,0.9434710443891203,0,0.0,0.9032902386928439,1,0.0,0.4850376663191221,1,0.0
20.0,1,2.0,0.15384615384615385,8.89455397704184,1,2.0,0.373693471407337,0,0.0,1.0,0,0.0,0.6725784011249093,1,2.0
25.0,2,9.0,1.0,9.636260147020979,1,7.0,0.60233267472038,0,0.0,0.938586993796258,1,2.0,0.67089553312729,2,9.0
30.0,3,20.0,1.6666666666666667,5.674090749088645,2,13.0,0.25888063282781987,0,0.0,0.9273978227014352,1,7.0,0.3536520900782487,3,20.0
35.0,1,2.0,0.16666666666666666,7.530805939609967,0,0.0,0.7836628865072971,0,0.0,0.5754361001599663,1,2.0,0.31841179428422717,1,2.0
40.0,3,14.0,1.1666666666666667,7.475484557877416,1,2.0,0.45818587724256354,0,0.0,0.47592105094371906,2,12.0,0.04447606296411865,3,14.0
45.0,0,0.0,0.0,7.390585569496897,0,0.0,0.9997659543585152,0,0.0,0.4069838191808524,0,8.0,0.5007228721646522,0,8.0
50.0,1,5.0,0.38461538461538464,9.175874198183028,0,0.0,0.23113765262624722,1,9.0,0.6977541148640254,0,2.0,0.6645703715802928,1,11.0
55.0,0,0.0,0.0,10.386336884028895,0,0.0,0.785845218342457,0,4.0,0.7716596816289726,0,2.0,0.7247800873104017,0,6.0
60.0,2,2.0,0.13333333333333333,9.882592494211561,0,0.0,0.9733168576289137,1,4.0,0.5447983341345503,1,4.0,0.6821478905430982,2,8.0
65.0,4,6.0,0.35294117647058826,7.017573527310046,0,0.0,0.48440153920011253,3,10.0,0.1412085531694066,1,0.0,0.6253109327311066,4,10.0
70.0,0,0.0,0.0,8.331309141011323,0,0.0,0.5391030915141377,0,9.0,0.6243120166544255,0,0.0,0.6044970782472249,0,9.0
75.0,3,5.0,0.25,8.975760404896597,1,3.0,0.6278655175011881,1,4.0,0.5909616544476568,1,4.0,0.6229663874649054,3,11.0
80.0,2,11.0,0.5238095238095238,9.624880979681645,0,2.0,0.9597209634300471,0,2.0,0.6360337497672887,2,13.0,0.6447386231819603,2,17.0
85.0,5,5.0,0.20833333333333334,7.751747031477632,2,2.0,0.3218552921381774,2,7.0,0.06721526883118552,1,7.0,0.5886029366710481,5,16.0
90.0,0,0.0,0.0,9.40018992143936,0,0.0,0.6050376037222431,0,6.0,0.7046200941664379,0,0.0,0.7448902279854268,0,6.0
95.0,1,0.0,0.0,10.883751371200637,1,2.0,0.7042732377473392,0,2.0,0.8375014385246686,0,0.0,0.7168031928744143,1,4.0
100.0,1,0.0,0.0,11.406391247190662,0,2.0,0.8564813295214379,0,2.0,0.8376806586587542,1,0.0,0.7309262728996038,1,4.0
105.0,4,7.0,0.28,8.763889384351348,1,3.0,0.5134319642199917,2,6.0,0.5117621201624664,1,2.0,0.5459645917179891,4,11.0
110.0,2,2.0,0.08,6.881443558111181,0,0.0,0.5413329561219691,1,8.0,0.33270545166727195,1,0.0,0.6257806569216742,2,8.0
115.0,2,1.0,0.037037037037037035,9.258497302267664,1,2.0,0.6409558290853774,0,5.0,0.597334591862968,1,3.0,0.6182238411984061,2,10.0
120.0,3,2.0,0.07142857142857142,9.244433716825009,0,2.0,0.8890103339893533,1,7.0,0.4648192967407947,2,2.0,0.602841477989101,3,11.0
125.0,5,16.0,0.5925925925925926,9.052936175704694,1,4.0,0.6022332554728165,4,21.0,0.4095330799961013,0,0.0,0.8128481373976127,5,25.0
130.0,7,26.0,1.0833333333333333,6.493009476752728,4,16.0,0.1863673864808107,2,26.0,0.439211012645483,1,2.0,0.5488322259941931,7,44.0
135.0,2,8.0,0.2962962962962963,7.359328443508026,0,12.0,0.4864673724004778,0,13.0,0.42515774263158046,2,8.0,0.5277992297759881,2,33.0
140.0,2,4.0,0.15384615384615385,8.336249334068015,0,2.0,0.7942531043664781,2,19.0,0.3907984376834362,0,6.0,0.666688985687691,2,27.0
145.0,4,18.0,0.6428571428571429,9.458062335526549,0,2.0,0.8127497772436106,4,36.0,0.46452350783534724,0,0.0,0.7850355237912603,4,38.0
150.0,4,17.0,0.53125,8.26254912879999,1,4.0,0.3761368798771705,2,37.0,0.5403627151634959,1,4.0,0.5131461341575794,4,45.0
155.0,2,3.0,0.09375,9.081279730810525,0,6.0,0.7225827846838558,1,18.0,0.5586611874780222,1,0.0,0.631780560098339,2,24.0
160.0,4,13.0,0.40625,10.556486064330295,0,2.0,0.9188533924978727,2,9.0,0.6018719720329848,2,4.0,0.6360795993272778,4,15.0
165.0,1,2.0,0.06451612903225806,9.401407756993796,0,2.0,0.8287199493870915,1,2.0,0.49125041980303513,0,0.0,0.6130166628813122,1,4.0
170.0,4,19.0,0.6551724137931034,10.704820199611463,0,0.0,0.8225100590388108,3,16.0,0.5922293163694871,1,5.0,0.6583946364981813,4,21.0
175.0,7,39.0,1.5,8.343650218195688,1,1.0,0.28743703424621425,6,40.0,0.41706355216395213,0,0.0,0.485179689153495,7,41.0
180.0,5,22.0,0.8461538461538461,6.931599505937926,1,6.0,0.4337439720002873,2,41.0,0.18813314689539318,2,5.0,0.0022040143991718998,5,52.0
185.0,1,11.0,0.4782608695652174,8.508739458189583,1,13.0,0.70187025452728,0,14.0,0.4092473356955688,0,6.0,0.5320664417195912,1,33.0
190.0,4,24.0,1.0434782608695652,8.718787460882021,1,18.0,0.6943475598363966,3,22.0,0.20411530549554438,0,2.0,0.7693969783523243,4,42.0
195.0,7,49.0,2.3333333333333335,7.601235170542574,2,23.0,0.5220654450127624,5,42.0,0.36828928557111096,0,2.0,0.7165062646625386,7,67.0
200.0,5,39.0,1.7727272727272727,7.528028231299382,1,26.0,0.4898051981675034,2,28.0,0.2731736755495397,2,6.0,0.5859462095652004,5,60.0
205.0,2,37.0,1.6818181818181819,9.240354310672096,1,33.0,0.7358506295588644,1,12.0,0.5216543709677529,0,6.0,0.5197634594770872,2,51.0
210.0,4,52.0,2.260869565217391,10.332341675030703,1,38.0,0.7905902435935375,1,11.0,0.46995626676774355,2,7.0,0.4596814348260495,4,56.0
215.0,3,57.0,2.7142857142857144,9.417770297639917,1,41.0,0.6358258557118993,1,16.0,0.6299686047261334,1,1.0,0.4437210126065366,3,58.0
220.0,1,46.0,2.4210526315789473,11.340004232335863,1,46.0,0.7532144524768615,0,2.0,0.8292264551265205,0,0.0,0.7316628434584631,1,48.0
225.0,0,0.0,0.0,10.843643850675328,0,0.0,0.5580583320099255,0,2.0,0.7959287496119779,0,0.0,1.0,0,2.0
230.0,1,4.0,0.21052631578947367,10.767976139442824,1,4.0,0.4931689647183862,0,0.0,0.6705470495672246,0,0.0,0.7896336922528702,1,4.0
235.0,1,5.0,0.3125,8.701829147674184,0,2.0,0.6221534606528933,1,5.0,0.18022823377336294,0,0.0,0.8743678860023122,1,7.0
240.0,3,16.0,1.0,8.89985016517031,0,0.0,0.7109980010450535,2,14.0,0.5009464405398198,1,2.0,0.5624519893458662,3,16.0
245.0,1,2.0,0.125,9.620788109896552,1,2.0,0.7574455651956954,0,0.0,0.6861943750647823,0,0.0,0.7580187798927591,1,2.0
250.0,1,3.0,0.2,9.349288302158891,0,0.0,0.6143245438550439,0,0.0,0.7913608186908461,1,3.0,0.3205554472971656,1,3.0
255.0,2,5.0,0.4166666666666667,6.703627911435313,2,5.0,0.15609410587386657,0,0.0,0.2254207646346581,0,2.0,0.4327459268881304,2,7.0
260.0,0,0.0,0.0,8.895335402814899,0,1.0,0.3078981765751687,0,0.0,0.7038398025171917,0,0.0,0.7185581018137518,0,1.0
265.0,1,0.0,0.0,11.409665556226877,1,0.0,0.46730783135439163,0,2.0,0.8870614730325618,0,0.0,0.9370007245322807,1,2.0
270.0,1,2.0,0.11764705882352941,10.714842586798996,0,0.0,0.7058055911681739,1,4.0,0.6040371516224999,0,0.0,0.8147299528021705,1,4.0
275.0,1,7.0,0.4666666666666667,9.517558589681512,0,0.0,0.8235786702744395,1,9.0,0.5833466371014366,0,0.0,0.4624068071599822,1,9.0
280.0,1,12.0,0.6666666666666666,9.588883478062602,0,0.0,0.6662212513984501,1,12.0,0.6478762609504445,0,0.0,0.766717921179339,1,12.0
285.0,1,0.0,0.0,11.095377821632281,1,0.0,0.6678553268175268,0,0.0,0.9380023580250318,0,0.0,0.9383458214852787,1,0.0
290.0,1,0.0,0.0,10.568143328988894,1,0.0,0.3403907259644734,0,0.0,0.8613251347239308,0,0.0,0.8119235231939974,1,0.0
295.0,2,0.0,0.0,8.893516310410936,1,0.0,0.3392416394904209,0,0.0,0.8334593952911626,1,0.0,0.5797178237833961,2,0.0
300.0,0,0.0,0.0,12.539181740651587,0,0.0,0.8677769285901565,0,0.0,0.9370525387759046,0,0.0,0.8686062587235034,0,0.0
305.0,0,0.0,0.0,10.939094435080401,0,0.0,0.7392087151010617,0,0.0,0.7379343831870877,0,0.0,0.7702433159739703,0,0.0
310.0,4,12.0,0.75,9.171030516672094,1,5.0,0.7184963704019336,3,7.0,0.3089350080942899,0,0.0,0.840651429198462,4,12.0
315.0,3,13.0,0.7222222222222222,5.378856724684556,1,10.0,0.08046134988697932,0,5.0,0.3887793960307794,2,3.0,0.3591603885060316,3,18.0
320.0,2,15.0,0.6521739130434783,7.951449781805598,1,17.0,0.6669484894240578,0,0.0,0.9648321656534188,1,7.0,0.42085612950891993,2,24.0
325.0,0,0.0,0.0,10.621180217665191,0,2.0,0.8171387540738169,0,2.0,0.8563746034153387,0,2.0,0.5787768094750287,0,6.0
330.0,1,5.0,0.17857142857142858,10.462419576414996,0,2.0,0.7826472904456737,0,2.0,0.6849618543535329,1,7.0,0.6079579560155789,1,11.0
335.0,1,1.0,0.038461538461538464,9.287732113925447,0,0.0,0.472062074719375,0,2.0,0.8390256178407715,1,5.0,0.6097923798839073,1,7.0
340.0,6,13.0,0.48148148148148145,8.769770737841933,1,2.0,0.681407455598314,2,4.0,0.6347240501448388,3,9.0,0.20479009131853632,6,15.0
345.0,0,0.0,0.0,9.173322537096666,0,2.0,0.668738856711911,0,0.0,0.6741762212227213,0,2.0,0.5973084999241323,0,4.0
350.0,2,9.0,0.2903225806451613,10.396152097703986,1,6.0,0.678827485413727,1,7.0,0.6003799059275531,0,0.0,0.9254524220956366,2,13.0
355.0,2,2.0,0.07142857142857142,8.144728416765556,1,6.0,0.5595789769807347,1,3.0,0.45107088679408164,0,0.0,0.6288065012863686,2,9.0
360.0,4,16.0,0.5517241379310345,9.142970917933868,3,12.0,0.467553051165151,1,10.0,0.708894738989497,0,1.0,0.6906535918209536,4,23.0
365.0,3,14.0,0.5185185185185185,8.193763410019942,1,13.0,0.35214255309230613,1,13.0,0.6551932099717652,1,1.0,0.7813689954198147,3,27.0
370.0,4,18.0,0.6428571428571429,9.727276349839029,4,20.0,0.4654458201522367,0,2.0,0.7751374342208869,0,0.0,0.7883855222851303,4,22.0
375.0,3,11.0,0.4583333333333333,8.71471566905895,2,23.0,0.28019303922936195,1,5.0,0.4915720078503523,0,0.0,0.9459827341318965,3,28.0
380.0,1,2.0,0.08695652173913043,7.8053241111049685,0,9.0,0.4183373836107791,1,9.0,0.5955046813025696,0,0.0,0.3632263138955545,1,18.0
385.0,2,7.0,0.2916666666666667,9.589816854104898,0,0.0,0.9000517582296638,1,9.0,0.7473179205109783,1,0.0,0.41402528310439707,2,9.0
390.0,2,17.0,0.7391304347826086,10.011761910972265,0,0.0,0.726396492049151,1,14.0,0.5882406301237249,1,5.0,0.7092284894897003,2,19.0
395.0,0,0.0,0.0,9.342858006299842,0,0.0,0.7489389170472857,0,2.0,0.5980455764450451,0,0.0,0.7053746660958166,0,2.0
400.0,6,9.0,0.36,6.742996442009661,1,1.0,0.528686676111581,3,9.0,0.1790814805315395,2,3.0,0.5118984130693184,6,13.0
405.0,7,24.0,0.96,7.254538675318973,3,9.0,0.31385709766629827,3,18.0,0.3609624091363148,1,8.0,0.7619345807741575,7,35.0
410.0,1,13.0,0.4642857142857143,8.981761997046938,0,6.0,0.6048229358301122,0,10.0,0.5904305629147056,1,15.0,0.6794070771384895,1,31.0
415.0,1,4.0,0.13793103448275862,10.739069898555876,0,0.0,0.9149378961262589,1,6.0,0.7372579903326874,0,5.0,0.772590497296936,1,11.0
420.0,1,3.0,0.1,10.012965105048762,0,0.0,0.732426900333302,0,3.0,0.7378378596890033,1,5.0,0.6702536293235173,1,8.0
425.0,2,7.0,0.23333333333333334,9.361832100584957,0,0.0,0.8961776762674125,1,7.0,0.4985898425671125,1,5.0,0.5121610563542873,2,12.0
430.0,1,7.0,0.25925925925925924,9.506444737949503,0,0.0,0.6596128040487413,0,5.0,0.6976190166127424,1,7.0,0.435781502702416,1,12.0
435.0,2,14.0,0.56,9.476470005886027,1,4.0,0.5152483675205531,0,2.0,0.7701136320483096,1,12.0,0.6645943131329255,2,18.0
440.0,4,12.0,0.4444444444444444,8.842308686176482,3,13.0,0.4845731560806415,1,3.0,0.56519464583229,0,0.0,0.8263650868317499,4,16.0
445.0,5,32.0,1.2307692307692308,8.069490345607134,2,23.0,0.5810447594114679,3,13.0,0.027254770457003908,0,0.0,0.791699537904831,5,36.0
450.0,0,0.0,0.0,6.250120888686,0,12.0,0.4497835783637574,0,12.0,0.15420232562981684,0,0.0,0.4243506394267609,0,24.0
455.0,3,7.0,0.2916666666666667,9.801476569460656,0,2.0,0.8139598240585005,0,2.0,0.8987623137528438,3,9.0,0.4383546353976904,3,13.0
460.0,0,0.0,0.0,11.402895698220082,0,2.0,0.8150212666323923,0,2.0,0.8922559292621668,0,7.0,0.7807642541605079,0,11.0
465.0,1,0.0,0.0,10.474445448996565,1,2.0,0.7465187429009799,0,2.0,0.7315465136807134,0,2.0,0.5760388451413443,1,6.0
470.0,4,6.0,0.24,7.691495198123678,3,8.0,0.34042194834142836,1,0.0,0.6097008201901793,0,0.0,0.7723781482964353,4,8.0
475.0,0,0.0,0.0,8.583429791482933,0,8.0,0.5510192255849767,0,0.0,0.6543081002813804,0,0.0,0.5780410583003802,0,8.0
480.0,4,5.0,0.15151515151515152,9.376099501591463,1,0.0,0.5800460484838148,2,7.0,0.5797846543422718,1,0.0,0.693900027896896,4,7.0
485.0,3,5.0,0.15151515151515152,9.320356086520235,1,4.0,0.69458268683244,2,9.0,0.5152047310972028,0,0.0,0.7101070982196229,3,13.0
490.0,4,19.0,0.5588235294117647,9.00934867565634,1,9.0,0.6045349014442034,1,7.0,0.6071823833858364,2,6.0,0.489019392978893,4,22.0
495.0,1,14.0,0.45161290322580644,8.587239600777282,1,14.0,0.7191782929300097,0,0.0,0.6851024246815348,0,2.0,0.4184114539038083,1,16.0
500.0,3,6.0,0.2,9.784274603270172,1,4.0,0.6340210837219048,2,6.0,0.7021862941293797,0,0.0,0.7868515696694401,3,10.0
505.0,2,16.0,0.5517241379310345,10.273833095105367,1,9.0,0.5725924806624432,1,11.0,0.7259310992485464,0,0.0,0.9456703948130799,2,20.0
510.0,2,15.0,0.5555555555555556,9.808758610617842,1,2.0,0.41251657536623626,1,16.0,0.7248463278869931,0,0.0,0.9535064776925957,2,18.0
515.0,4,31.0,1.0,9.16801466720929,2,9.0,0.4908919535310318,2,24.0,0.650269565295273,0,0.0,0.7225010742769462,4,33.0
520.0,1,1.0,0.03225806451612903,9.231251444923876,0,7.0,0.6013996908428332,1,3.0,0.5999635771871531,0,0.0,0.9945852045588364,1,10.0
525.0,5,15.0,0.46875,8.960322964406988,1,1.0,0.669276859590098,4,16.0,0.18157376553228238,0,0.0,1.0,5,17.0
530.0,9,51.0,1.9615384615384615,6.2714876349044895,2,5.0,0.43060807285921615,7,48.0,0.10514928377643613,0,0.0,1.0,9,53.0
535.0,9,52.0,2.1666666666666665,5.371815333009636,5,23.0,0.16596175970500665,3,58.0,0.43999788838859155,1,0.0,0.0,9,81.0
540.0,1,0.0,0.0,8.230576759982261,0,20.0,0.5340218492702846,1,34.0,0.5699483595222253,0,2.0,0.907805968020229,1,56.0
545.0,1,0.0,0.0,10.639690957117457,1,2.0,0.7083681441640493,0,0.0,0.7889336660322656,0,2.0,0.7973468421661707,1,4.0
550.0,3,5.0,0.19230769230769232,8.875576729878059,1,4.0,0.7346242989115042,0,0.0,0.42127129778518635,2,3.0,0.4657185465311196,3,7.0
555.0,5,23.0,0.8214285714285714,9.237102319233653,2,7.0,0.6855188539554594,2,8.0,0.5855377539799101,1,8.0,0.5733783564396544,5,23.0
560.0,3,26.0,0.8387096774193549,9.018428874854937,2,13.0,0.6287743626077511,0,6.0,0.579328430145649,1,13.0,0.6047972013194063,3,32.0
565.0,4,24.0,0.7272727272727273,8.760889537354283,0,0.0,0.4960425230794336,3,6.0,0.5963915480968781,1,20.0,0.6928717796518672,4,26.0
570.0,4,32.0,0.9142857142857143,9.124416819574801,2,9.0,0.32056479885578887,0,5.0,0.7395818516110253,2,25.0,0.691692345125952,4,39.0
575.0,3,4.0,0.12121212121212122,8.512796406119284,1,5.0,0.40265820755185755,1,3.0,0.583410799732232,1,3.0,0.5783613790948279,3,11.0
580.0,3,11.0,0.36666666666666664,8.422209470855774,0,0.0,0.7237149093801072,0,5.0,0.6535820799075845,3,13.0,0.3732921669188393,3,18.0
585.0,2,1.0,0.03571428571428571,8.615874811116042,0,0.0,0.9540747818862668,0,2.0,0.9196656240166036,2,16.0,0.45803381601569376,2,18.0
590.0,0,0.0,0.0,10.061330279644851,0,0.0,0.6926608476717002,0,4.0,0.791266557959776,0,3.0,0.7161759263130474,0,7.0
595.0,2,3.0,0.09375,9.233543803561414,1,2.0,0.5440544053611773,1,5.0,0.5806711269956538,0,2.0,0.7889168875269343,2,9.0
600.0,5,16.0,0.5161290322580645,8.544374944355113,1,1.0,0.31507369828681414,3,16.0,0.5542466516490805,1,3.0,0.7466897307584069,5,20.0
605.0,5,27.0,0.8181818181818182,8.230346870893428,2,10.0,0.28661260974714087,2,24.0,0.5348058051487611,1,8.0,0.6401605545993494,5,42.0
610.0,4,25.0,0.8064516129032258,9.202941971883252,2,20.0,0.6517096935001839,1,16.0,0.7204418655855217,1,3.0,0.42946817892303424,4,39.0
615.0,6,21.0,0.6,8.710101056025975,1,0.0,0.6732802897080158,3,14.0,0.4813089354328035,2,13.0,0.660993722260481,6,27.0
620.0,4,20.0,0.5555555555555556,8.939858119668092,1,0.0,0.6641438348159153,3,22.0,0.5063261465126054,0,10.0,0.7579901684504404,4,32.0
625.0,1,0.0,0.0,8.51660988278986,0,0.0,0.587476886184506,0,4.0,0.6450434824810847,1,2.0,0.6375282673881657,1,6.0
630.0,3,9.0,0.20930232558139536,9.641637738998531,1,4.0,0.5597996138668871,1,2.0,0.804742813222062,1,7.0,0.6127663712227541,3,13.0
635.0,5,26.0,0.5909090909090909,9.642648204702967,4,16.0,0.5484643400444082,0,2.0,0.6162703680524054,1,12.0,0.70143289192173,5,30.0
640.0,6,26.0,0.6190476190476191,8.036326815938581,2,17.0,0.4197779271460894,2,8.0,0.54706145989431,2,15.0,0.5754161267945791,6,40.0
645.0,7,43.0,1.075,8.382479508522255,6,23.0,0.36766352803962704,0,3.0,0.6131164450561394,1,20.0,0.6858671197564308,7,46.0
650.0,6,16.0,0.4444444444444444,7.052914628845181,3,35.0,0.2154440380179877,1,3.0,0.6789144352300727,2,1.0,0.4709118952062849,6,39.0
655.0,7,19.0,0.5588235294117647,6.7266683139973,2,21.0,0.31668164902467455,2,6.0,0.5135901008817009,3,11.0,0.4375273501731168,7,38.0
660.0,5,44.0,1.2222222222222223,8.482193565835667,1,13.0,0.5724094347986901,1,11.0,0.7123758277114456,3,28.0,0.5182095159449525,5,52.0
665.0,4,17.0,0.4358974358974359,9.002659446684698,1,3.0,0.7359927080842413,1,16.0,0.7538260029750841,2,19.0,0.47495873470849226,4,38.0
670.0,3,28.0,0.7,9.151924412657419,1,8.0,0.5459893710880392,2,24.0,0.5641956260765721,0,3.0,0.6215715140112976,3,35.0
675.0,2,1.0,0.025,8.817817441023113,0,4.0,0.5765183617311083,1,6.0,0.5057195963939783,1,0.0,0.6039989295168069,2,10.0
680.0,4,12.0,0.32432432432432434,9.729002707728537,0,0.0,0.642056834952031,2,12.0,0.6606422019105501,2,2.0,0.5943425133312863,4,14.0
685.0,3,15.0,0.39473684210526316,9.120131797542252,1,5.0,0.531367897491353,0,7.0,0.7095594687175654,2,10.0,0.37191272813987813,3,22.0
690.0,3,1.0,0.024390243902439025,9.558019390042277,1,0.0,0.6609884751408617,0,0.0,0.8117522811244603,2,11.0,0.4348501976096676,3,11.0
695.0,3,12.0,0.3,10.516153248075947,1,1.0,0.7610779611224985,0,0.0,0.7911279420800726,2,13.0,0.6445159903625048,3,14.0
700.0,1,4.0,0.10810810810810811,9.265129560391992,0,0.0,0.6997619390820862,1,4.0,0.006405745834762038,0,11.0,0.7046462452662673,1,15.0
705.0,3,5.0,0.1282051282051282,9.612859355617823,2,5.0,0.6549671907989106,1,4.0,0.7067982826755932,0,0.0,0.6681207272805222,3,9.0
710.0,2,15.0,0.3488372093023256,11.07463932201618,1,10.0,0.7030460651570517,0,4.0,0.8423281020487162,1,5.0,0.6613224706110251,2,19.0
715.0,1,10.0,0.20833333333333334,9.708517412130918,0,0.0,0.49188841075008494,0,4.0,0.7965863336057281,1,10.0,0.5223695243248169,1,14.0
720.0,3,12.0,0.25,9.210841375216699,3,12.0,0.42270449716979264,0,0.0,0.5980672552256107,0,0.0,0.8217891096347734,3,12.0
725.0,4,8.0,0.19047619047619047,8.847485644500093,1,13.0,0.5298507862094944,1,3.0,0.5403506191386773,2,4.0,0.6626299701020715,4,20.0
730.0,3,5.0,0.11904761904761904,7.7913349994178835,1,3.0,0.4829434629358585,2,8.0,0.3999875148669344,0,5.0,0.5902742792859239,3,16.0
735.0,9,38.0,0.9047619047619048,8.8661474427231,2,7.0,0.609488442945103,6,30.0,0.5078306603517054,1,5.0,0.564901446849874,9,42.0
740.0,8,78.0,1.9024390243902438,9.355613880682647,1,12.0,0.5457277389018921,6,60.0,0.5381403232449752,1,10.0,0.784357198167842,8,82.0
745.0,6,28.0,0.6829268292682927,6.976424500059569,1,3.0,0.5409573696303605,4,58.0,0.3116392798096824,1,15.0,0.5862028165568416,6,76.0
750.0,3,7.0,0.1590909090909091,7.4124855866600825,2,9.0,0.5220109056090066,0,16.0,0.36091856871736255,1,2.0,0.5669830822023884,3,27.0
755.0,4,7.0,0.15555555555555556,8.581235780052065,1,11.0,0.5716271503607046,0,0.0,0.4370648228904929,3,8.0,0.6197802738520211,4,19.0
760.0,2,4.0,0.09523809523809523,8.602791365083513,1,3.0,0.6117916098610426,1,4.0,0.3500241443281373,0,4.0,0.7877576260609004,2,11.0
765.0,9,35.0,0.875,8.844056940334045,1,7.0,0.6827065845839695,6,29.0,0.46136411753467205,2,3.0,0.6138676691295947,9,39.0
770.0,3,12.0,0.2926829268292683,8.171002241691104,2,12.0,0.6487548253833374,0,31.0,0.49519601516712425,1,0.0,0.4712659445237645,3,43.0
775.0,5,29.0,0.6904761904761905,9.246434617987465,1,19.0,0.767676257346791,0,4.0,0.5887021987676523,4,14.0,0.49954670415275276,5,37.0
780.0,2,22.0,0.5116279069767442,9.542914749194399,1,24.0,0.7583300757117747,0,0.0,0.7873076124218353,1,13.0,0.6016260249727725,2,37.0
785.0,4,8.0,0.19047619047619047,9.931159370884407,1,4.0,0.7017584677663924,1,4.0,0.7718076420559059,2,6.0,0.7095733616810427,4,14.0
790.0,6,32.0,0.7804878048780488,9.162617580209261,4,18.0,0.3199982810745471,1,9.0,0.7245324622072306,1,9.0,0.7320107383127458,6,36.0
795.0,4,16.0,0.36363636363636365,7.884787624269959,2,19.0,0.19533792474907796,0,0.0,0.7351511406869838,2,14.0,0.5279047899848726,4,33.0
800.0,0,0.0,0.0,10.551926527459644,0,2.0,0.5877203863693385,0,2.0,0.78642777532079,0,2.0,0.8427458239260133,0,6.0
805.0,2,1.0,0.02127659574468085,9.885943004122252,2,1.0,0.5761205478254763,0,2.0,0.7546852824471899,0,2.0,0.7801924833791166,2,5.0
810.0,5,18.0,0.4090909090909091,8.952678254568507,3,10.0,0.5331871364079424,1,5.0,0.7664441916888481,1,7.0,0.5092583599860636,5,22.0
815.0,4,9.0,0.2,7.508488147102531,1,9.0,0.5406923581487663,1,8.0,0.5305278825313147,2,6.0,0.5568663178860204,4,23.0
820.0,4,21.0,0.4375,8.963812012291738,2,3.0,0.5766253736313056,2,22.0,0.6123797371293442,0,1.0,0.753872299127751,4,26.0
825.0,3,15.0,0.30612244897959184,8.632610173894436,2,10.0,0.4315547069001471,0,12.0,0.7350575370293654,1,5.0,0.6668587508142728,3,27.0
830.0,8,45.0,0.9,9.376876823813015,5,30.0,0.43984675079402563,0,4.0,0.8082820555731677,3,15.0,0.5079854656411692,8,49.0
835.0,3,3.0,0.061224489795918366,8.266718832041727,2,25.0,0.419557887440153,1,1.0,0.6872626731371176,0,8.0,0.5494750199376632,3,34.0
840.0,10,31.0,0.6326530612244898,8.263313017885181,6,18.0,0.45383680671587745,1,6.0,0.5082484565907367,3,8.0,0.5936490915201673,10,32.0
845.0,2,13.0,0.2826086956521739,8.493038822819997,1,23.0,0.4329494589265762,1,11.0,0.6814564902565085,0,5.0,0.7240386647070057,2,39.0
850.0,7,31.0,0.7045454545454546,8.810779086514957,4,15.0,0.5286488227750101,2,21.0,0.5743462174826426,1,0.0,0.7353621836362202,7,36.0
855.0,3,29.0,0.6444444444444445,9.966671555284819,3,30.0,0.5948180578948546,0,6.0,0.8519705814575947,0,2.0,0.647416635397861,3,38.0
860.0,4,44.0,0.88,10.148643778783564,3,45.0,0.5122607381086277,1,4.0,0.7308435454992802,0,2.0,0.7937115277250342,4,51.0
865.0,2,3.0,0.061224489795918366,8.824933894781935,1,34.0,0.4408661168188328,1,7.0,0.5368328527651677,0,2.0,0.7108450394638235,2,43.0
870.0,5,14.0,0.30434782608695654,6.6038181527067215,3,8.0,0.23162608790338846,1,5.0,0.31603135552198336,1,7.0,0.6382851527523702,5,20.0
875.0,9,26.0,0.5098039215686274,7.184570099543324,4,19.0,0.36973665782205717,3,7.0,0.44045623336894896,2,15.0,0.5838562547672904,9,41.0
880.0,6,13.0,0.2708333333333333,7.446474347597274,3,17.0,0.585491180394311,3,8.0,0.3997100888219378,0,2.0,0.676964621895601,6,27.0
885.0,12,61.0,1.196078431372549,7.938670480017881,3,23.0,0.5278516743669246,7,37.0,0.3682162348302644,2,7.0,0.5598323186494633,12,67.0
890.0,4,19.0,0.38,7.207378605404651,0,13.0,0.43838700372410105,3,47.0,0.37391028647644553,1,0.0,0.4652904850536943,4,60.0
895.0,5,18.0,0.375,8.543618205212187,4,17.0,0.46336188999135786,1,32.0,0.5835509004400894,0,2.0,0.7816133702010575,5,51.0
900.0,3,12.0,0.23076923076923078,9.157669297644759,0,15.0,0.6050553871227388,1,13.0,0.7033063177543428,2,5.0,0.6077054983859382,3,33.0
905.0,6,25.0,0.4716981132075472,9.640386885235383,2,3.0,0.6413696775988104,2,20.0,0.7144723748274884,2,10.0,0.6687705869571845,6,33.0
910.0,3,5.0,0.09259259259259259,8.520682702816709,1,4.0,0.5159594559613075,0,7.0,0.7079854666607789,2,5.0,0.6194115878595305,3,16.0
915.0,11,45.0,0.7627118644067796,7.165967750682971,6,26.0,0.32454059138534624,1,6.0,0.5950120020434885,4,19.0,0.4200005500435266,11,51.0
920.0,11,23.0,0.40350877192982454,4.644440053374493,6,43.0,0.2703199064465241,1,6.0,0.2432604529721158,4,20.0,0.2968356904673992,11,69.0
925.0,4,10.0,0.17857142857142858,7.216382894896869,1,27.0,0.3847258108988765,1,9.0,0.6770033369545833,2,10.0,0.49698086894857774,4,46.0
930.0,4,12.0,0.19672131147540983,7.452970655395935,2,31.0,0.39993495420377134,1,12.0,0.6636707849078904,1,3.0,0.5103466923101414,4,46.0
935.0,16,54.0,0.8307692307692308,6.969711559589614,9,55.0,0.28809446345823847,0,7.0,0.6561886283668443,7,26.0,0.35702614364799706,16,88.0
940.0,14,45.0,0.7627118644067796,5.072100175434243,7,71.0,0.20830055611015658,2,5.0,0.32539670711266483,5,43.0,0.2799950329390404,14,119.0
945.0,11,30.0,0.5263157894736842,5.997841502627072,2,46.0,0.2180076424350053,7,30.0,0.46609359591636396,2,25.0,0.3463363194796231,11,101.0
950.0,4,16.0,0.26666666666666666,8.028238590093917,2,18.0,0.42213386045317053,1,34.0,0.5345837004356359,1,10.0,0.522585782841823,4,62.0
955.0,4,11.0,0.1774193548387097,8.22453567329511,2,22.0,0.47717977352061985,2,9.0,0.5901794232125461,0,4.0,0.5866641663781269,4,35.0
960.0,13,57.0,0.890625,7.806699739048531,6,46.0,0.4452466470135638,3,17.0,0.5791013737147691,4,16.0,0.4273934418517572,13,79.0
965.0,12,77.0,1.2833333333333334,7.142546208858955,4,49.0,0.4970547984539597,2,27.0,0.45848826055904923,6,40.0,0.4623875020516978,12,116.0
970.0,13,44.0,0.7333333333333333,5.715140866477044,2,26.0,0.42555795964531307,3,11.0,0.34157785501120497,8,59.0,0.2841533304918274,13,96.0
975.0,9,44.0,0.676923076923077,7.2322105642235375,2,28.0,0.36172912313508027,3,25.0,0.5895856407254623,4,64.0,0.4082067857101342,9,117.0
980.0,9,39.0,0.582089552238806,7.251833810725245,8,52.0,0.2885998583895868,0,24.0,0.5807018142707223,1,48.0,0.41409738722433836,9,124.0
985.0,14,54.0,0.8181818181818182,6.773127925870627,7,69.0,0.25931474440049,4,15.0,0.5821412773543125,3,39.0,0.5247635885971718,14,123.0
990.0,7,36.0,0.5625,7.557204207609759,4,51.0,0.42978214688749683,1,11.0,0.5789104063111493,2,35.0,0.557504136890412,7,97.0
995.0,11,59.0,0.8676470588235294,7.923930344160103,3,25.0,0.4651829391554448,4,8.0,0.5215032402223617,4,44.0,0.5227802014409845,11,77.0
1000.0,12,94.0,1.4029850746268657,7.91051277821152,3,25.0,0.4841741373177706,4,14.0,0.5378028956419636,5,64.0,0.45899783948964473,12,103.0
1005.0,12,136.0,2.0923076923076924,7.868103240098618,5,44.0,0.5774428819285462,3,17.0,0.534213124004046,4,84.0,0.4710934599093077,12,145.0
1010.0,9,121.0,1.6805555555555556,6.470344446158213,1,36.0,0.5191637734624295,1,15.0,0.41399419789291053,7,112.0,0.4384748333792493,9,163.0
1015.0,14,65.0,0.8783783783783784,6.278763376733844,3,13.0,0.5225815348265,8,33.0,0.2636902691698172,3,84.0,0.49705931826349903,14,130.0
1020.0,12,39.0,0.5416666666666666,5.665507102387604,4,23.0,0.4277069270052303,5,53.0,0.2080047316625744,3,40.0,0.41682457617854857,12,116.0
1025.0,10,21.0,0.31343283582089554,5.686182909011608,2,18.0,0.5517293251096294,5,48.0,0.22849754410779904,3,50.0,0.3658085232922603,10,116.0
1030.0,12,49.0,0.6901408450704225,7.206658201754786,2,16.0,0.6067591327008822,4,42.0,0.36549880285030234,6,64.0,0.5144531072368854,12,122.0
1035.0,12,55.0,0.7236842105263158,7.0102664954631635,7,34.0,0.4721715944101792,2,45.0,0.4177657070922348,3,45.0,0.495060472260125,12,124.0
1040.0,15,53.0,0.6794871794871795,6.755570243692073,5,45.0,0.4490053165932571,3,41.0,0.2825823251898602,7,36.0,0.4529217068598623,15,122.0
1045.0,15,57.0,0.7702702702702703,5.989859250647857,3,40.0,0.44322341205460986,7,52.0,0.3735663486461514,5,45.0,0.25847383109807526,15,137.0
1050.0,13,29.0,0.37662337662337664,5.315131100219175,3,31.0,0.318062965760033,8,70.0,0.30547952066096357,2,34.0,0.2977060834603646,13,135.0
1055.0,16,69.0,0.8846153846153846,6.772119154042296,9,57.0,0.3071220618066486,5,67.0,0.42386589096299615,2,18.0,0.5346914309898941,16,142.0
1060.0,13,83.0,1.0246913580246915,6.757333114283343,7,81.0,0.34305075772996385,4,63.0,0.3095796873379118,2,11.0,0.5860519040493093,13,155.0
1065.0,8,23.0,0.2948717948717949,6.917225503223512,1,55.0,0.4345371202299553,2,40.0,0.3591774095963877,5,27.0,0.49563224938818107,8,122.0
1070.0,11,32.0,0.4266666666666667,6.957752881791322,2,16.0,0.4824325196633727,4,23.0,0.49021033248467405,5,34.0,0.29791476008231293,11,73.0
1075.0,12,60.0,0.7792207792207793,6.693610004978138,1,9.0,0.4782721064290335,7,51.0,0.42804864749924526,4,36.0,0.24451571367322572,12,96.0
1080.0,13,47.0,0.5802469135802469,6.373862665831666,4,24.0,0.4658936749205895,6,59.0,0.4048676943714545,3,41.0,0.31474971992266715,13,124.0
1085.0,15,39.0,0.4588235294117647,6.515459050036283,3,19.0,0.5037389577395496,4,42.0,0.2849391394963964,8,60.0,0.3964005274526605,15,121.0
1090.0,12,52.0,0.6190476190476191,6.847009810426225,5,23.0,0.5125751955627944,2,28.0,0.29572580088379413,5,76.0,0.3956790447702731,12,127.0
1095.0,15,37.0,0.47435897435897434,5.91986756448779,4,30.0,0.433776765073826,1,30.0,0.4084364947785648,10,70.0,0.31894015780135676,15,130.0
1100.0,12,41.0,0.5256410256410257,6.155878015750795,2,27.0,0.4322791915677108,6,50.0,0.33869504759988933,4,85.0,0.322829895412507,12,162.0
1105.0,14,55.0,0.6470588235294118,6.204789191164389,1,15.0,0.5176817062602656,7,70.0,0.28188714843557244,6,93.0,0.2721363825258582,14,178.0
1110.0,18,93.0,1.0813953488372092,6.241828168225771,1,11.0,0.5534123591592444,5,66.0,0.29280892377278434,12,142.0,0.29260283591214753,18,219.0
1115.0,19,86.0,1.036144578313253,5.363336835011326,4,20.0,0.4756513874853453,5,80.0,0.21916297671775742,10,163.0,0.24137915706523738,19,263.0
1120.0,25,121.0,1.4938271604938271,5.003372076711011,6,46.0,0.3537263671434871,9,100.0,0.2502880169345714,10,120.0,0.19804101708220004,25,266.0
1125.0,19,84.0,1.0632911392405062,4.46825251821036,6,57.0,0.2247962317323723,8,110.0,0.27664635361207307,5,144.0,0.24460024910612463,19,311.0
1130.0,20,61.0,0.7349397590361446,5.21623746527607,3,43.0,0.38658041577818264,8,97.0,0.34281105467679585,9,172.0,0.2521116670324378,20,312.0
1135.0,13,53.0,0.6022727272727273,5.2990097844875015,2,34.0,0.5512952015181237,6,107.0,0.2818213362700861,5,170.0,0.2867325200011018,13,311.0
1140.0,15,50.0,0.5494505494505495,5.473657106676973,2,32.0,0.4781208967686008,9,125.0,0.2932485303120654,4,129.0,0.27607091008002366,15,286.0
1145.0,24,129.0,1.34375,5.950229623052514,6,37.0,0.3820327400269331,14,183.0,0.26889022073433577,4,78.0,0.27611383500561,24,298.0
1150.0,25,156.0,1.6956521739130435,4.788870618421146,9,76.0,0.27411631669242414,14,206.0,0.16586663834412002,2,83.0,0.2887361395998375,25,365.0
1155.0,27,127.0,1.4767441860465116,4.276463345071161,7,91.0,0.3134400290582131,14,187.0,0.16671227645686856,6,109.0,0.22383493523624967,27,387.0
1160.0,17,61.0,0.7261904761904762,4.402032633507405,7,75.0,0.31358898147641,6,226.0,0.1900558713190991,4,111.0,0.2625549433430338,17,412.0
1165.0,13,53.0,0.6309523809523809,5.122596634163552,1,57.0,0.34294872372411933,9,257.0,0.22901030935120767,3,79.0,0.28339263685052607,13,393.0
1170.0,19,76.0,0.8636363636363636,4.815172861741434,6,73.0,0.27860952424234753,11,261.0,0.16555765682731174,2,47.0,0.28437717393164014,19,381.0
1175.0,14,61.0,0.7176470588235294,4.75142384859367,3,73.0,0.3259481802904671,9,221.0,0.20177860630028696,2,44.0,0.34861758801159304,14,338.0
1180.0,14,68.0,0.8192771084337349,5.609021213049005,5,51.0,0.3791008859244461,6,164.0,0.3253270936400828,3,44.0,0.40178221559699834,14,259.0
1185.0,6,32.0,0.367816091954023,6.090080344811236,3,29.0,0.43516920205293536,3,118.0,0.3307169203375795,0,18.0,0.45027611885897456,6,165.0
1190.0,8,41.0,0.4606741573033708,6.072601139008538,1,30.0,0.41278469876553103,3,67.0,0.38077572321982983,4,21.0,0.38153145071236083,8,118.0
1195.0,15,74.0,0.8043478260869565,5.7432799609967375,7,40.0,0.3059701333019856,4,55.0,0.5048916759776518,4,36.0,0.3232746262341419,15,131.0
1200.0,14,25.0,0.2604166666666667,5.328655156074666,8,53.0,0.25772309904439233,2,25.0,0.4669811014394271,4,30.0,0.321966389931329,14,108.0
1205.0,12,42.0,0.42857142857142855,5.7097051580525315,4,43.0,0.19601035347811105,6,36.0,0.4407379996069648,2,21.0,0.3570998052136131,12,100.0
1210.0,11,42.0,0.4117647058823529,5.31505584181448,3,50.0,0.21743844017539551,6,49.0,0.3065900778469285,2,26.0,0.3602465025164001,11,125.0
1215.0,12,43.0,0.4095238095238095,4.693344247811449,7,64.0,0.23576780575974224,4,53.0,0.28912775931424034,1,16.0,0.3190639706364949,12,133.0
1220.0,21,92.0,0.8679245283018868,4.885070967301918,9,88.0,0.2571010973748563,4,50.0,0.28371896639943844,8,34.0,0.35351990249553883,21,172.0
1225.0,24,114.0,1.0754716981132075,4.888639198640555,9,95.0,0.22665869412601605,4,53.0,0.27955197320030395,11,79.0,0.37194004051104274,24,227.0
1230.0,25,100.0,0.9433962264150944,4.123884888036266,6,103.0,0.1703394079136262,9,56.0,0.2724925582948881,10,103.0,0.19433271881630765,25,262.0
1235.0,26,114.0,1.0754716981132075,4.29408916315836,8,116.0,0.16542193919719836,7,76.0,0.302677769775599,11,108.0,0.1578316890433998,26,300.0
1240.0,28,97.0,0.9603960396039604,3.812398557608587,11,135.0,0.16611241838070517,5,65.0,0.29231040292656396,12,159.0,0.24647098262477188,28,359.0
1245.0,24,102.0,1.00990099009901,4.581190943770142,7,131.0,0.24557621305951194,1,49.0,0.3779680902914992,16,208.0,0.21656984302820365,24,388.0
1250.0,20,71.0,0.696078431372549,4.0387022089306,2,117.0,0.1939163288539832,7,60.0,0.35510342153620716,11,240.0,0.16747962720634219,20,417.0
1255.0,26,122.0,1.1730769230769231,3.7658926076335977,7,119.0,0.17979271728425775,11,112.0,0.25737530240989226,8,225.0,0.17371098174207983,26,456.0
1260.0,25,94.0,0.8952380952380953,3.477006086154951,8,124.0,0.14573140890630132,13,140.0,0.1965005074479833,4,204.0,0.22095086595274094,25,468.0
1265.0,21,64.0,0.5714285714285714,4.3619968947350385,5,94.0,0.2588636408781052,7,129.0,0.2668944374415725,9,221.0,0.20377561351448376,21,444.0
1270.0,19,57.0,0.4956521739130435,4.668661552001971,4,98.0,0.289744287370689,5,79.0,0.39927937518352147,10,229.0,0.21129622235126294,19,406.0
1275.0,24,74.0,0.6324786324786325,4.165743834815984,10,127.0,0.19709521701139496,2,77.0,0.43565870033984233,12,194.0,0.1835401022755773,24,398.0
1280.0,25,86.0,0.7288135593220338,3.58340086978202,9,135.0,0.1387826378771645,8,89.0,0.29129347968894354,8,217.0,0.1736125678011486,25,441.0
1285.0,29,133.0,1.1176470588235294,3.866781598525047,7,113.0,0.16430604566189871,13,143.0,0.2134605337541077,9,231.0,0.1706239042317222,29,487.0
1290.0,31,198.0,1.6779661016949152,3.623748950801273,4,104.0,0.21657680187273357,16,219.0,0.20761395403964128,11,233.0,0.13643277602626058,31,556.0
1295.0,31,185.0,1.608695652173913,3.5562079379232396,7,125.0,0.19244996160570327,13,249.0,0.2533168264672836,11,210.0,0.14916962639698866,31,584.0
1300.0,23,85.0,0.6854838709677419,4.036973349738908,9,128.0,0.20249323288031423,9,205.0,0.2528719855341734,5,202.0,0.250491010160561,23,535.0
1305.0,19,49.0,0.3888888888888889,4.618308935176708,9,111.0,0.21642844578601056,4,180.0,0.29550567302240444,6,199.0,0.2497050781976898,19,490.0
1310.0,22,56.0,0.4666666666666667,4.093279169546486,7,99.0,0.1736644857476591,6,197.0,0.29618985257503877,9,194.0,0.15406552299406,22,490.0
1315.0,25,67.0,0.5630252100840336,3.8255274466518996,6,108.0,0.18992822997228,9,188.0,0.23492809742995469,10,168.0,0.13156178264797957,25,464.0
1320.0,25,62.0,0.5254237288135594,3.9718035858849343,11,117.0,0.21268562101716232,8,146.0,0.255210386618601,6,156.0,0.21823368818527009,25,419.0
1325.0,18,51.0,0.42857142857142855,4.12477373282625,4,102.0,0.2497383648090418,4,130.0,0.27617425504594073,10,178.0,0.2017009616745564,18,410.0
1330.0,19,56.0,0.4628099173553719,3.92966646413319,2,97.0,0.18286962555227862,7,133.0,0.31134541063734666,10,186.0,0.11839269628451292,19,416.0
1335.0,29,131.0,1.0826446280991735,4.220981413196823,8,112.0,0.14163559667522876,11,179.0,0.22378631033927554,10,161.0,0.1418597292966082,29,452.0
1340.0,29,119.0,1.0347826086956522,3.6604031144860047,8,120.0,0.10799230353322388,15,204.0,0.19004910521993293,6,163.0,0.1847577040557392,29,487.0
1345.0,26,109.0,0.9732142857142857,3.7994943147660583,5,104.0,0.22166639868430854,12,180.0,0.18720681103587067,9,169.0,0.20578714087811725,26,453.0
1350.0,28,154.0,1.3508771929824561,4.385870968997738,6,106.0,0.2825672529295306,7,134.0,0.3549067948909175,15,211.0,0.205584387552366,28,451.0
1355.0,27,139.0,1.219298245614035,3.683369401432762,9,135.0,0.20168435591691983,4,129.0,0.2780710898811842,14,230.0,0.14833373054078347,27,494.0
1360.0,28,115.0,1.0,3.606617865379232,11,150.0,0.13910164012169685,6,118.0,0.2599023694303319,11,190.0,0.10935498876282701,28,458.0
1365.0,34,161.0,1.4375,4.225328873522885,10,144.0,0.12983274744487214,13,160.0,0.3353880247430921,11,171.0,0.1726603941536607,34,475.0
1370.0,29,191.0,1.819047619047619,4.217782484398858,5,142.0,0.16425765836662712,17,236.0,0.28444593316863365,7,171.0,0.1889619811206591,29,549.0
1375.0,36,193.0,1.7706422018348624,3.568638166719701,8,156.0,0.15518706205188734,17,262.0,0.0820654737161728,11,205.0,0.12995656118243124,36,623.0
1380.0,30,168.0,1.6633663366336633,3.767476603576463,14,203.0,0.1294891362937931,12,229.0,0.16125422659276406,4,209.0,0.3010485567615661,30,641.0
1385.0,21,105.0,1.05,4.471325899813639,15,225.0,0.22855589960719577,3,149.0,0.35777854377123003,3,150.0,0.34158106128751775,21,524.0
1390.0,20,94.0,0.8703703703703703,5.542038751146281,8,192.0,0.24996012168240497,6,117.0,0.5350038272167259,6,112.0,0.35159951380140947,20,421.0
1395.0,20,91.0,0.8053097345132744,4.754710918254787,10,233.0,0.16766525594267778,7,97.0,0.4790312493577061,3,107.0,0.32515765840523236,20,437.0
1400.0,22,75.0,0.635593220338983,4.167880331612784,10,277.0,0.10765577744813579,6,79.0,0.2853583905236437,6,113.0,0.2256728344625776,22,469.0
1405.0,28,87.0,0.7837837837837838,3.4423971855380002,13,288.0,0.14292657231462144,8,74.0,0.17326395513614026,7,122.0,0.21401639166948472,28,484.0
1410.0,26,118.0,1.0925925925925926,4.117983734697181,9,243.0,0.1499724231544601,13,121.0,0.3231280193788114,4,102.0,0.2156823209725513,26,466.0
1415.0,25,184.0,1.7037037037037037,4.83876067458086,10,202.0,0.18834378247320402,13,185.0,0.3658270942702595,2,99.0,0.2463796093687514,25,486.0
1420.0,20,128.0,1.1130434782608696,4.466659580365969,2,197.0,0.20832013927697993,9,189.0,0.21764748065110595,9,115.0,0.1335224559305417,20,501.0
1425.0,12,42.0,0.39622641509433965,5.358572992262573,7,207.0,0.2620855224727969,1,94.0,0.3293763462557769,4,117.0,0.23643749667312636,12,418.0
1430.0,13,28.0,0.27184466019417475,5.041881636474123,8,206.0,0.22490980535423621,3,39.0,0.44365917328726023,2,73.0,0.2818397434341638,13,318.0
1435.0,13,33.0,0.3113207547169811,5.497986397600451,7,155.0,0.21748884802033677,2,30.0,0.5604434814093021,4,39.0,0.36327049713067255,13,224.0
1440.0,10,30.0,0.26548672566371684,4.952185788162934,3,151.0,0.17565829937748337,6,50.0,0.45560486334760325,1,31.0,0.28588196821680467,10,232.0
1445.0,17,54.0,0.46551724137931033,4.5438055910212025,7,163.0,0.17643517639708214,4,47.0,0.29507249526594254,6,48.0,0.21558518179795558,17,258.0
1450.0,24,58.0,0.5272727272727272,3.4021651193228695,10,170.0,0.16546627979168285,6,26.0,0.2554742611880991,8,65.0,0.22532005625158408,24,261.0
1455.0,17,51.0,0.4722222222222222,4.511959647710983,9,132.0,0.17295463099556366,1,27.0,0.42206951174562013,7,63.0,0.3245307507764007,17,222.0
1460.0,22,118.0,1.0172413793103448,5.153801148399888,9,112.0,0.2126305903143563,6,37.0,0.41755932048152516,7,66.0,0.2600466760902051,22,215.0
1465.0,20,86.0,0.6991869918699187,4.4778744322625075,6,122.0,0.20347851473978323,8,56.0,0.30716745995245404,6,73.0,0.213803180128606,20,251.0
1470.0,21,84.0,0.6885245901639344,4.650054650445162,10,142.0,0.2281790898362017,4,60.0,0.20994197570535986,7,69.0,0.28638103225368766,21,271.0
1475.0,29,171.0,1.4491525423728813,4.651345104195349,15,180.0,0.19144458152974558,3,57.0,0.262756371939355,11,101.0,0.319929812636569,29,338.0
1480.0,41,248.0,2.175438596491228,3.7112577931588766,21,245.0,0.13830829285258928,8,61.0,0.23974831929329504,12,122.0,0.21254711351813138,41,428.0
1485.0,44,301.0,2.617391304347826,4.081075718615756,22,302.0,0.10360121388914965,11,98.0,0.2769520389105306,11,114.0,0.24380137642964525,44,514.0
1490.0,45,344.0,3.0442477876106193,4.052774428962013,21,314.0,0.0845696627034205,16,177.0,0.27546491650584254,8,111.0,0.22024886160980744,45,602.0
1495.0,36,239.0,2.060344827586207,3.654978250855216,17,396.0,0.11022029790619627,13,210.0,0.25168714179959106,6,122.0,0.17780593190268265,36,728.0
1500.0,33,153.0,1.3076923076923077,4.293937181652142,17,447.0,0.17875201745427244,7,179.0,0.212556101084861,9,136.0,0.27688566484074145,33,762.0
1505.0,33,165.0,1.5,4.7109017332384235,18,478.0,0.14884736668663207,6,118.0,0.33604476979609565,9,173.0,0.3239563431024095,33,769.0
1510.0,24,95.0,0.9313725490196079,4.371664896131269,12,447.0,0.1687101996684149,2,120.0,0.37173591804057765,10,181.0,0.2874612370418452,24,748.0
1515.0,27,119.0,1.1553398058252426,4.8921882044959375,11,365.0,0.18329712774048204,7,141.0,0.4109683634138291,9,184.0,0.233775761890808,27,690.0
1520.0,18,55.0,0.5092592592592593,4.412054424701805,5,365.0,0.18614148304258277,5,144.0,0.3517104877284642,8,214.0,0.2024623624686286,18,723.0
1525.0,24,82.0,0.7321428571428571,4.804869602888418,8,386.0,0.23412035452555646,3,98.0,0.23292927655493587,13,251.0,0.24281411930270796,24,735.0
1530.0,18,60.0,0.5607476635514018,4.415156208301792,7,372.0,0.2602472780916493,3,111.0,0.2759663298391772,8,268.0,0.21051076333595975,18,751.0
1535.0,24,71.0,0.6761904761904762,4.254527593029778,8,297.0,0.21336648669733171,7,139.0,0.3473292668335139,9,224.0,0.16916152821501704,24,660.0
1540.0,24,100.0,0.8928571428571429,4.098169963533706,2,268.0,0.2053353788148867,15,198.0,0.33001091399520505,7,241.0,0.17879462535992052,24,707.0
1545.0,25,123.0,1.0603448275862069,4.334455711007062,7,279.0,0.2075914897227073,11,213.0,0.24736789340285287,7,257.0,0.18509708970525363,25,749.0
1550.0,27,122.0,1.0892857142857142,4.091481990700653,7,262.0,0.1950425334428811,10,154.0,0.259334478551011,10,294.0,0.2215073462162669,27,710.0
1555.0,18,86.0,0.7962962962962963,3.9901438472862814,5,217.0,0.25898598075652385,3,165.0,0.2683633852952751,10,296.0,0.19742343069142082,18,678.0
1560.0,23,84.0,0.7304347826086957,4.1469348696386135,6,228.0,0.17581460870715063,7,185.0,0.3006233212060338,10,262.0,0.19329695331992883,23,675.0
1565.0,25,84.0,0.6942148760330579,4.182393303604335,9,243.0,0.18860291900490989,7,179.0,0.25444952396861686,9,287.0,0.20070600652149936,25,709.0
1570.0,31,91.0,0.7583333333333333,3.616672878104799,13,247.0,0.195363277824892,5,108.0,0.20759878465781761,13,311.0,0.1930333986243742,31,666.0
1575.0,29,102.0,0.8571428571428571,3.8216759234374775,12,213.0,0.20197794668993446,6,92.0,0.33112330402294926,11,325.0,0.21828660708249067,29,630.0
1580.0,22,67.0,0.5537190082644629,4.020007605626621,9,243.0,0.14538721194591667,4,92.0,0.4236108478331559,9,296.0,0.26533888977729464,22,631.0
1585.0,28,126.0,0.9767441860465116,4.3419787972755,13,266.0,0.1065611934097833,7,97.0,0.356709599682754,8,248.0,0.22015550790306873,28,611.0
1590.0,28,149.0,1.2016129032258065,3.73175516893561,15,317.0,0.1055810912556,6,95.0,0.23833620963126934,7,252.0,0.1352972037030117,28,664.0
1595.0,30,148.0,1.264957264957265,3.6413573531605548,17,345.0,0.1623147551490976,6,74.0,0.18458210093289673,7,260.0,0.20177018045415515,30,679.0
1600.0,29,107.0,0.9469026548672567,3.546764961875337,16,316.0,0.14142717130784332,6,81.0,0.26912808776543196,7,256.0,0.21320760155979393,29,653.0
1605.0,31,150.0,1.3392857142857142,4.286704740229896,17,287.0,0.15875858860376907,7,105.0,0.3124194217715656,7,217.0,0.2822571966786745,31,609.0
1610.0,26,134.0,1.1652173913043478,4.203117331969524,11,306.0,0.15727401352733272,8,113.0,0.27309600230222275,7,177.0,0.22224378209950713,26,596.0
1615.0,23,82.0,0.7008547008547008,4.332330352468073,12,325.0,0.2128559832415339,6,98.0,0.1833193229574501,5,175.0,0.2717685375539272,23,598.0
1620.0,22,95.0,0.8260869565217391,5.103720807169225,9,318.0,0.2323494269887626,9,94.0,0.24860204333761063,4,132.0,0.3292406211864674,22,544.0
1625.0,20,70.0,0.660377358490566,4.6197328123112715,9,268.0,0.18133065726684744,5,104.0,0.3289912434870956,6,133.0,0.3557524575271488,20,505.0
1630.0,21,58.0,0.5471698113207547,4.606700417428393,8,289.0,0.17281908254787698,6,106.0,0.3856037170855404,7,106.0,0.24852207403382115,21,501.0
1635.0,18,52.0,0.4642857142857143,4.047656441096666,7,294.0,0.19042419369117197,6,110.0,0.22802994332536253,5,96.0,0.2195682620744102,18,500.0
1640.0,22,74.0,0.6607142857142857,3.740706377738577,11,298.0,0.14207525535417614,5,100.0,0.1967538142535795,6,101.0,0.2724841338439633,22,499.0
1645.0,20,66.0,0.6111111111111112,4.052166094614346,11,264.0,0.18763578616075227,4,98.0,0.2681767924218039,5,94.0,0.2133952320703704,20,456.0
1650.0,23,74.0,0.6788990825688074,3.8035767989136233,8,283.0,0.1426889963288404,8,92.0,0.3157820724422652,7,80.0,0.21728618979093256,23,455.0
1655.0,21,74.0,0.6548672566371682,4.129674507423358,11,292.0,0.17770056246053062,9,97.0,0.24646615256216003,1,79.0,0.24299511022484305,21,468.0
1660.0,22,75.0,0.6637168141592921,3.8122480995109678,11,289.0,0.17988792957233485,4,74.0,0.17270813453544617,7,92.0,0.2204810221171285,22,455.0
1665.0,20,70.0,0.6422018348623854,3.861222873986023,14,256.0,0.14922631741802492,2,83.0,0.2864009144204587,4,92.0,0.23687495024343563,20,431.0
1670.0,20,68.0,0.6415094339622641,3.8618653796551747,9,298.0,0.14611641804631914,8,110.0,0.3209433985124235,3,61.0,0.18052598067685147,20,469.0
1675.0,17,71.0,0.6396396396396397,4.493837639816017,10,310.0,0.15504733979814544,4,106.0,0.25038783037511236,3,49.0,0.2210266680734025,17,465.0
1680.0,21,84.0,0.7777777777777778,4.194936903328136,14,319.0,0.1342901162840798,4,78.0,0.25932071700090126,3,38.0,0.3322666222440913,21,435.0
1685.0,22,77.0,0.7064220183486238,4.31495607350497,16,294.0,0.17865496244683166,4,73.0,0.3141894126768291,2,27.0,0.34431571192274707,22,394.0
1690.0,22,75.0,0.6637168141592921,4.3024725728088615,12,322.0,0.18838705193299035,5,65.0,0.27992177028949866,5,38.0,0.35899891625436775,22,425.0
1695.0,15,63.0,0.5431034482758621,4.367586498807761,9,334.0,0.14186173369243976,1,57.0,0.36889722560733934,5,54.0,0.29866149671503384,15,445.0
1700.0,27,131.0,1.1293103448275863,4.265413363298922,16,383.0,0.11336378193309068,7,54.0,0.3508118204375832,4,56.0,0.26721873306861377,27,493.0
1705.0,32,164.0,1.4260869565217391,3.719109620381384,19,403.0,0.1011274178296797,9,93.0,0.31685605820678203,4,63.0,0.20125836181924095,32,559.0
1710.0,33,156.0,1.368421052631579,3.64076399967822,19,363.0,0.12976118471464515,8,110.0,0.3031882246279611,6,84.0,0.15372442876239673,33,557.0
1715.0,31,127.0,1.1140350877192982,3.703902901763347,18,436.0,0.15898195684397393,9,105.0,0.2821523573197235,4,94.0,0.23969004385551254,31,635.0
1720.0,28,134.0,1.1858407079646018,3.885331247421477,15,500.0,0.12660346493336935,7,108.0,0.4013996848554078,6,76.0,0.24129426580049393,28,684.0
1725.0,23,96.0,0.8205128205128205,3.902346640521807,16,505.0,0.112982479516779,1,97.0,0.386987432777094,6,71.0,0.2701817982357724,23,673.0
1730.0,24,119.0,1.043859649122807,3.9908163071237435,13,453.0,0.11793077756019278,5,95.0,0.34858852462508283,6,81.0,0.2646032462334057,24,629.0
1735.0,20,57.0,0.48717948717948717,3.6825464739249427,12,492.0,0.11884032191867949,5,101.0,0.2842548589912048,3,67.0,0.28310500648810916,20,660.0
1740.0,24,87.0,0.75,4.122575628053727,11,507.0,0.16018397593375816,7,98.0,0.2466430246704334,6,58.0,0.34253824485255296,24,663.0
1745.0,21,104.0,0.9203539823008849,3.826723074458702,9,470.0,0.1352104340224566,8,90.0,0.18463405531747498,4,58.0,0.35597984191477244,21,618.0
1750.0,20,50.0,0.45871559633027525,3.617413701385532,11,391.0,0.1154810995062171,4,92.0,0.31105920528718195,5,45.0,0.3353151069380751,20,528.0
1755.0,19,66.0,0.5641025641025641,4.0911714465293105,10,390.0,0.15670002955003945,6,66.0,0.2966840060153992,3,44.0,0.37525473508249196,19,500.0
1760.0,21,115.0,0.9274193548387096,4.227129185435424,9,398.0,0.1310122519547229,7,88.0,0.2846108438279148,5,51.0,0.32771980476816903,21,537.0
1765.0,33,241.0,1.9126984126984128,3.820331134088768,15,444.0,0.14481719124393108,12,134.0,0.21007163390602607,6,69.0,0.2657213575078565,33,647.0
1770.0,32,198.0,1.6638655462184875,3.107539834458516,15,446.0,0.14453155086259803,13,162.0,0.10523620466018918,4,44.0,0.2659128042194903,32,652.0
1775.0,39,185.0,1.48,3.5449732233645195,16,405.0,0.13028999990657625,16,176.0,0.16675803608140552,7,38.0,0.2609905466364358,39,619.0
1780.0,33,147.0,1.1395348837209303,3.498248032167723,14,447.0,0.13570385955788555,10,227.0,0.2339219636796518,9,60.0,0.25708935173266256,33,734.0
1785.0,36,153.0,1.16793893129771,3.7167785805583,17,501.0,0.12816566457140033,10,256.0,0.23740112123958682,9,76.0,0.1692345697092946,36,833.0
1790.0,36,142.0,1.126984126984127,3.5653083439388107,14,510.0,0.14763833587747183,12,303.0,0.1609236870767655,10,104.0,0.13586878356679769,36,917.0
1795.0,25,111.0,0.940677966101695,3.3455139357376655,9,406.0,0.12444532415167871,10,310.0,0.17888689314605555,6,121.0,0.17747685895598686,25,837.0
1800.0,25,71.0,0.5966386554621849,3.397184335774628,8,415.0,0.1775714941666968,9,279.0,0.21596253580133556,8,130.0,0.1985059807764274,25,824.0
1805.0,24,108.0,0.8571428571428571,3.9991849256357317,7,413.0,0.1788241151981688,10,267.0,0.27038093686055675,7,136.0,0.270868296377766,24,816.0
1810.0,22,59.0,0.44696969696969696,3.515456796195881,9,395.0,0.14561531998186836,6,273.0,0.24508249634501328,7,148.0,0.2825298470104242,22,816.0
1815.0,29,94.0,0.706766917293233,3.067443530751151,10,334.0,0.1444141709648657,11,302.0,0.19966625228666576,6,149.0,0.1945920223122926,27,785.0
1820.0,39,177.0,1.2733812949640289,3.0164446719431033,12,369.0,0.14876459551629018,15,372.0,0.16731426850953124,12,180.0,0.18198429091798232,39,921.0
1825.0,38,173.0,1.2097902097902098,3.0293228322141696,11,393.0,0.12058442889675526,14,394.0,0.160370992188239,13,210.0,0.1106910881319006,38,997.0
1830.0,43,228.0,1.6402877697841727,3.0532173265397717,19,444.0,0.12879716863702212,13,365.0,0.12301323606905087,11,208.0,0.19529770316745645,43,1017.0
1835.0,41,194.0,1.375886524822695,2.671853445767876,21,457.0,0.1276444764791524,13,408.0,0.1026561876467906,7,243.0,0.20537769456507274,41,1108.0
1840.0,50,220.0,1.4965986394557824,3.592735417992731,21,397.0,0.10096473406939922,14,433.0,0.20381762288769545,15,290.0,0.17697957652260654,50,1120.0
1845.0,49,233.0,1.6642857142857144,3.491977041336255,23,489.0,0.09768060969373091,16,475.0,0.23815311945827838,10,303.0,0.13160633217608778,49,1267.0
1850.0,37,253.0,1.8880597014925373,3.426989044861661,16,542.0,0.11588716746307055,15,542.0,0.17884329862985893,6,232.0,0.1623625921683878,37,1316.0
1855.0,38,199.0,1.5075757575757576,2.885029751593364,16,541.0,0.12471278185089898,18,550.0,0.09018917238647649,4,238.0,0.1850467778233428,38,1329.0
1860.0,33,156.0,1.2283464566929134,3.2834050388241516,14,490.0,0.13113408997834672,14,491.0,0.18832514247640894,5,251.0,0.2524417430605166,33,1232.0
1865.0,25,124.0,0.9465648854961832,3.4060773096811983,6,515.0,0.13793911523864028,13,439.0,0.23242867517047383,6,244.0,0.252776094849225,25,1198.0
1870.0,33,175.0,1.2773722627737227,3.585869359679263,10,504.0,0.1289938209891501,13,417.0,0.22953472522316926,10,274.0,0.2669334927256305,33,1195.0
1875.0,31,171.0,1.2127659574468086,3.0029405904829156,16,557.0,0.11336428437404462,8,441.0,0.12457388545982022,7,297.0,0.24384683164932094,31,1295.0
1880.0,39,189.0,1.303448275862069,2.383933223159474,16,555.0,0.12532920474496245,9,476.0,0.1343414755117809,14,322.0,0.1217346820675671,39,1353.0
1885.0,44,210.0,1.4685314685314685,2.1144837370136105,16,485.0,0.10997315204656566,12,531.0,0.13508681833637554,15,334.0,0.08816735149632103,43,1350.0
1890.0,46,246.0,1.732394366197183,2.731801882300789,13,451.0,0.12972791118711338,17,580.0,0.17685919738346495,16,321.0,0.07700201139653172,46,1352.0
1895.0,43,292.0,2.0,3.4371798444566624,15,503.0,0.14891749813264502,17,623.0,0.13349636463114595,11,330.0,0.14373541531921047,43,1456.0
1900.0,53,410.0,2.949640287769784,3.35870795847884,20,583.0,0.13214012618685264,23,694.0,0.0880588759054477,10,344.0,0.16797362509182057,53,1621.0
1905.0,59,568.0,4.303030303030303,3.4075654734009166,17,585.0,0.13378023077894557,27,802.0,0.08098407013539852,15,376.0,0.148219669170743,59,1763.0
1910.0,52,670.0,5.403225806451613,3.0647757366481394,12,507.0,0.17909135299119913,30,943.0,0.09462571043113029,10,388.0,0.10143911757428262,52,1838.0
1915.0,46,545.0,4.36,2.878413348684498,9,515.0,0.15823010189357395,26,965.0,0.12801507188333724,11,406.0,0.1519488994780978,46,1886.0
1920.0,45,422.0,3.1029411764705883,3.4961534544011283,14,573.0,0.20667419263745723,19,852.0,0.15481097798178337,12,444.0,0.1709258376085761,45,1869.0
1925.0,43,382.0,2.7285714285714286,3.846534211485167,13,569.0,0.15212964703236692,15,702.0,0.20861567979826703,15,485.0,0.23463859013765828,43,1756.0
1930.0,40,337.0,2.4962962962962965,3.2090699300195173,13,518.0,0.13816608118710347,13,754.0,0.20035704863643428,14,530.0,0.18500022584824022,40,1802.0
1935.0,41,325.0,2.462121212121212,2.9357402299696713,11,558.0,0.1514999045984748,11,799.0,0.25749923896767607,19,595.0,0.05428247679390312,41,1952.0
1940.0,37,305.0,2.259259259259259,3.5378278866402417,10,574.0,0.15636120184201707,6,738.0,0.22107062487249599,21,633.0,0.07238000275533861,37,1945.0
1945.0,41,289.0,2.223076923076923,3.214195399297529,15,626.0,0.14134351111130228,8,613.0,0.19931053069971047,18,708.0,0.12304390160994258,41,1947.0
1950.0,42,262.0,2.0153846153846153,3.3805545175646556,19,626.0,0.09787110338874883,6,621.0,0.15655002812521898,17,757.0,0.22394509652026243,42,2004.0
1955.0,44,230.0,1.7557251908396947,3.454546180436668,20,551.0,0.10749915106956856,8,624.0,0.17549730545094241,16,769.0,0.16406023850770501,44,1944.0
1960.0,44,285.0,2.2265625,4.041967549302976,19,448.0,0.1375708982038574,11,664.0,0.3129830812975657,14,721.0,0.14211218568300943,44,1833.0
1965.0,32,163.0,1.2348484848484849,3.8064231576525245,14,500.0,0.1748783828513539,9,629.0,0.25180809278133326,9,703.0,0.1610012380440082,32,1832.0
1970.0,26,116.0,0.8592592592592593,4.32434039105423,11,535.0,0.20383299059153262,11,541.0,0.23737345679246957,4,697.0,0.21331915091940584,26,1773.0
1975.0,24,82.0,0.6356589147286822,3.7957315043233484,9,521.0,0.182572452447721,8,573.0,0.17512718670434418,7,651.0,0.21511876905435656,24,1745.0
1980.0,31,118.0,0.9516129032258065,3.6244279154067773,12,434.0,0.15991555216555733,11,616.0,0.2532627302751744,8,572.0,0.19223629912158774,31,1622.0
1985.0,24,78.0,0.609375,3.486240436388112,9,458.0,0.15350997985115108,11,602.0,0.1891923533369099,4,585.0,0.21428122749585815,24,1645.0
1990.0,31,128.0,0.9846153846153847,3.691866033032302,14,478.0,0.1619465435501479,9,512.0,0.20077703898442026,8,581.0,0.175705619314073,31,1571.0
1995.0,34,155.0,1.2601626016260163,3.0073631149512563,13,452.0,0.12318723273095417,7,536.0,0.18066923487390046,14,629.0,0.1501247630465014,34,1617.0
2000.0,37,235.0,1.9262295081967213,2.833841729083014,13,355.0,0.12622932057979383,8,549.0,0.18245592639136993,16,697.0,0.10186748487293411,37,1601.0
2005.0,35,184.0,1.472,3.038543685375338,12,391.0,0.12664201405234574,8,509.0,0.2578834937426098,15,688.0,0.12317308513586282,35,1588.0
2010.0,30,159.0,1.2926829268292683,3.693212192727434,10,412.0,0.1501432024439932,8,358.0,0.29618000241877424,12,582.0,0.18787281289487687,30,1352.0
2015.0,34,138.0,1.104,3.1906369057339576,11,397.0,0.13831953144798723,8,369.0,0.23048226815371892,15,634.0,0.16337172610188236,34,1400.0
2020.0,38,165.0,1.3095238095238095,3.5147247896580356,15,339.0,0.12127870037659912,6,374.0,0.2514970792090216,17,705.0,0.19298399496454122,38,1418.0
2025.0,36,169.0,1.330708661417323,3.285373574524994,9,316.0,0.15037951909276542,10,351.0,0.20246167840838708,17,787.0,0.11631474570483054,36,1454.0
2030.0,30,136.0,1.0461538461538462,3.8805096332360574,10,310.0,0.18371505137135166,7,269.0,0.2712401466656063,13,768.0,0.19594071506626293,30,1347.0
2035.0,30,177.0,1.3828125,4.553075781846696,12,335.0,0.17892634638589017,7,177.0,0.3000741902952582,11,659.0,0.2649613416444411,30,1171.0
2040.0,26,117.0,0.9285714285714286,3.4736677154978266,14,340.0,0.13823093222897193,5,168.0,0.20355903090319358,7,629.0,0.2680560579532338,26,1137.0
2045.0,35,140.0,1.09375,3.729910734419313,16,306.0,0.11438658376526088,9,162.0,0.26951279529851574,10,663.0,0.1840356874088844,35,1131.0
2050.0,34,145.0,1.124031007751938,4.053534462492151,14,308.0,0.14725334260400855,9,183.0,0.3074762336542196,11,637.0,0.13666061158960738,34,1128.0
2055.0,30,113.0,0.8968253968253969,3.9715785671444954,15,346.0,0.15562137649893565,9,191.0,0.22541935767035684,6,486.0,0.19819774208185575,30,1023.0
2060.0,26,118.0,0.9915966386554622,3.928605243533052,10,342.0,0.18216393806273792,10,161.0,0.22866772021834292,6,406.0,0.24948449167462014,26,909.0
2065.0,28,134.0,1.1074380165289257,3.7954266238356587,11,296.0,0.17093911535334544,12,149.0,0.23339627020467,5,418.0,0.26021914995609113,28,863.0
2070.0,24,70.0,0.5555555555555556,3.962380904645157,12,326.0,0.13490895150178236,8,168.0,0.2828826336911049,4,409.0,0.29134572052844926,24,903.0
2075.0,20,75.0,0.6048387096774194,4.419901638577517,13,354.0,0.11818807235500407,4,136.0,0.3360014074249326,3,359.0,0.23323170648076072,20,849.0
2080.0,26,134.0,1.1964285714285714,4.107733792210056,17,411.0,0.10700798560370718,5,136.0,0.22369256252754585,4,284.0,0.24933644010422382,26,831.0
2085.0,29,135.0,1.2162162162162162,3.4847925836718536,18,435.0,0.15108629402009266,6,124.0,0.20095796454696632,5,285.0,0.2176931250919593,29,844.0
2090.0,31,147.0,1.2782608695652173,3.6535739964357608,18,399.0,0.15542434322443907,7,109.0,0.29720233019789255,6,287.0,0.21499552155102924,31,795.0
2095.0,28,137.0,1.1416666666666666,4.302961119953016,21,354.0,0.13984438132788862,3,116.0,0.38065695322006154,4,260.0,0.2563558081197223,28,730.0
2100.0,28,108.0,0.8709677419354839,4.012371818734006,19,423.0,0.14801373432372783,4,94.0,0.3848899255863833,5,190.0,0.18724586315611164,28,707.0
2105.0,32,141.0,1.119047619047619,4.256760701662442,18,473.0,0.16100461241828795,7,119.0,0.3111910431178604,7,143.0,0.19106318390169783,32,735.0
2110.0,25,88.0,0.7333333333333333,3.2600020051928937,12,490.0,0.17588156335938143,9,136.0,0.18723629895862265,4,150.0,0.1802464134496981,25,776.0
2115.0,26,97.0,0.8083333333333333,3.979513656370847,11,433.0,0.18314959760703298,8,138.0,0.23953365270004892,7,143.0,0.2535236572168761,26,714.0
2120.0,24,77.0,0.6260162601626016,3.8349396111441565,8,413.0,0.15787699732061247,10,175.0,0.21170406143534304,6,138.0,0.25858717490215966,24,726.0
2125.0,27,91.0,0.7338709677419355,4.373461151308719,11,409.0,0.15220359615790496,10,213.0,0.26018108464940587,6,104.0,0.2852748229724422,27,726.0
2130.0,25,90.0,0.7377049180327869,3.9222311457503367,12,415.0,0.14756338843627054,8,211.0,0.15565840316227067,5,83.0,0.26036416780597604,25,709.0
2135.0,25,100.0,0.8403361344537815,3.658583930259735,12,419.0,0.18665616918114747,7,179.0,0.14200458520014228,6,99.0,0.22092773839520233,25,697.0
2140.0,33,120.0,1.0,3.6380946111408736,15,371.0,0.15239647280262852,12,160.0,0.22575444208221335,6,100.0,0.2703149240831217,33,631.0
2145.0,27,95.0,0.7661290322580645,3.6461342662284277,14,387.0,0.12928545797585256,7,173.0,0.302525878100736,6,76.0,0.2920314738564057,27,636.0
2150.0,24,112.0,0.8484848484848485,4.054240773337099,14,428.0,0.11564331057643631,5,163.0,0.26647119343936004,5,90.0,0.2323154087929441,24,681.0
2155.0,28,118.0,0.8939393939393939,3.599179554301535,13,443.0,0.1279479052999648,8,176.0,0.16631288893139054,7,99.0,0.17460727637395113,28,718.0
2160.0,28,122.0,0.9682539682539683,3.8354496818542794,12,395.0,0.1461218039169074,8,172.0,0.1981025693391565,8,105.0,0.2102907253853722,28,672.0
2165.0,26,92.0,0.7301587301587301,3.666259232301563,10,411.0,0.16224056388030245,6,150.0,0.28070319306176544,10,120.0,0.22245153580614557,26,681.0
2170.0,30,109.0,0.8582677165354331,4.330972119093215,13,423.0,0.15169379151656293,6,111.0,0.4057146323523628,11,127.0,0.244250985117014,30,661.0
2175.0,31,146.0,1.168,3.5861948699790545,15,472.0,0.10145951283905782,5,121.0,0.24579104478423655,11,153.0,0.22946214931835185,31,746.0
2180.0,32,162.0,1.3170731707317074,3.490911100093054,17,477.0,0.11302752078949017,5,115.0,0.20954671856649004,10,162.0,0.2639265392132271,32,754.0
2185.0,31,160.0,1.3333333333333333,2.8706439782791127,14,418.0,0.1346547557015108,6,145.0,0.3135165267483395,11,169.0,0.15029708332111683,31,732.0
2190.0,26,93.0,0.7322834645669292,3.2384798526353107,15,419.0,0.14542598786381378,1,129.0,0.3252525890317091,10,162.0,0.14583950880706356,26,710.0
2195.0,32,88.0,0.6470588235294118,3.7421558860828723,17,468.0,0.13682481577520456,7,100.0,0.3067602568782379,8,183.0,0.17771128282533996,32,751.0
2200.0,37,149.0,1.1037037037037036,3.3527281274348617,16,483.0,0.1407017877778396,11,140.0,0.1425915139853424,10,194.0,0.16560131102124745,37,817.0
2205.0,37,184.0,1.4375,2.9288518611468235,12,427.0,0.14088555514170278,13,181.0,0.18958821065037954,12,212.0,0.15836976114615367,37,820.0
2210.0,34,179.0,1.3984375,3.0356028584618144,10,461.0,0.14310432701017262,14,207.0,0.22208017451610806,10,200.0,0.18749015074709416,34,868.0
2215.0,34,196.0,1.462686567164179,3.1639160265151105,13,481.0,0.13892684990421,12,228.0,0.19237998727032712,9,211.0,0.17225718718649194,34,920.0
2220.0,32,247.0,1.8161764705882353,3.78324380254341,14,523.0,0.13996135186106418,10,233.0,0.1801367706437625,8,208.0,0.19924492141462205,32,964.0
2225.0,35,240.0,1.8461538461538463,3.394621856087851,22,606.0,0.1316135716916168,2,213.0,0.31661915498016857,11,210.0,0.15970101219476332,35,1029.0
2230.0,40,278.0,2.2601626016260163,2.8147449416924806,25,638.0,0.10070623548697194,5,193.0,0.26428749658697126,10,171.0,0.15139966430826945,40,1002.0
2235.0,45,281.0,2.2301587301587302,3.3040053023218716,28,606.0,0.09924719826626592,7,201.0,0.24693507701038403,10,176.0,0.21651926271510336,45,983.0
2240.0,48,346.0,2.682170542635659,3.5526875292790177,29,546.0,0.12614072711243332,9,239.0,0.2503534904557696,10,193.0,0.21752239095214104,48,978.0
2245.0,39,210.0,1.6153846153846154,3.426295924630402,25,646.0,0.1393510146122046,7,248.0,0.2707806509007321,7,180.0,0.18848089762160236,39,1074.0
2250.0,31,176.0,1.3233082706766917,4.544889093206221,17,688.0,0.18091469555203202,10,265.0,0.1783177661278162,4,119.0,0.24875218436395413,31,1072.0
2255.0,35,168.0,1.344,3.6040110090965722,12,674.0,0.1624698561329601,15,285.0,0.07840771875778277,8,113.0,0.1874482524191265,35,1072.0
2260.0,35,160.0,1.415929203539823,3.2429606362307397,13,599.0,0.17182763833896647,12,300.0,0.2334968815427466,10,129.0,0.2209383088891078,35,1028.0
2265.0,30,125.0,1.0330578512396693,3.332785944362031,9,588.0,0.16992193695098542,11,249.0,0.21779423670890713,10,147.0,0.2747075038031912,30,984.0
2270.0,28,132.0,1.0076335877862594,4.2901902048854295,9,575.0,0.1699841028497631,12,245.0,0.248679367060073,7,140.0,0.297520003408974,28,960.0
2275.0,26,152.0,1.1875,4.065453577495193,7,528.0,0.14293184340223683,9,213.0,0.2825729824283391,10,161.0,0.24722131479006026,26,902.0
2280.0,32,166.0,1.3387096774193548,3.3532785924142425,15,427.0,0.1341437082894764,6,224.0,0.39538510931597526,11,175.0,0.1754274146158683,32,826.0
2285.0,23,90.0,0.6976744186046512,3.594469848678782,9,427.0,0.1502345538054867,3,202.0,0.367388776846128,11,174.0,0.17069498120314,23,803.0
2290.0,21,105.0,0.7894736842105263,3.9201781629187495,6,438.0,0.1441874755642742,3,196.0,0.31206265893477236,12,191.0,0.18344716916392864,21,825.0
2295.0,28,134.0,1.0,3.851336601352132,13,464.0,0.16082806879136535,7,202.0,0.2257986096725821,8,208.0,0.12013912971112004,28,874.0
2300.0,30,144.0,1.1612903225806452,3.4422902491754277,15,461.0,0.11273439567004144,7,211.0,0.17002126663540257,8,216.0,0.18934191391634056,30,888.0
2305.0,29,122.0,1.0252100840336134,3.3743057482846965,15,406.0,0.13501892382626893,10,204.0,0.2137230784001631,4,209.0,0.2304613718652272,29,819.0
2310.0,22,76.0,0.628099173553719,3.884778006755201,10,398.0,0.15716795578321716,4,203.0,0.35680394474110244,8,189.0,0.2398746559787577,22,790.0
2315.0,27,80.0,0.6504065040650406,3.7223278253591547,14,423.0,0.1331262599528289,7,211.0,0.23469217965754846,6,193.0,0.2069007692966164,27,827.0
2320.0,23,52.0,0.4297520661157025,3.5138111307435547,14,408.0,0.12196457648424651,5,209.0,0.18882804852716092,4,187.0,0.18045441874860663,23,804.0
2325.0,18,44.0,0.38596491228070173,3.7661758255920503,11,340.0,0.16638645559115142,2,198.0,0.2948063159140143,5,175.0,0.21587760632838404,18,713.0
2330.0,19,90.0,0.7964601769911505,4.332946738034583,9,234.0,0.1820457724502967,0,151.0,0.4039074874906357,10,171.0,0.22501398051608637,19,556.0
2335.0,14,38.0,0.3247863247863248,4.116006525468414,7,243.0,0.17799668954025377,2,104.0,0.33399970000640267,5,167.0,0.23734225856575486,14,514.0
2340.0,18,53.0,0.4380165289256198,4.545115802025986,9,236.0,0.1609544633059781,1,70.0,0.32837263056489624,8,151.0,0.2230506579522227,18,457.0
2345.0,24,96.0,0.8495575221238938,4.119984982577013,10,232.0,0.1572552700512212,3,68.0,0.2803779803010851,11,173.0,0.23438093923528036,24,473.0
2350.0,31,174.0,1.5963302752293578,3.60384906875112,9,182.0,0.1969189407101406,6,91.0,0.2600099951231271,15,230.0,0.18148390883806614,30,503.0
2355.0,30,258.0,2.3035714285714284,3.93912308160373,4,143.0,0.24994305506855352,6,96.0,0.2495554918514613,20,318.0,0.1060003008515763,30,557.0
2360.0,34,355.0,3.0869565217391304,4.058085693117354,3,128.0,0.26755828193806114,6,92.0,0.2911698999441115,25,436.0,0.09914700083430199,34,656.0
2365.0,39,363.0,3.1842105263157894,3.6495423043624364,8,134.0,0.20555774457684897,8,92.0,0.31116023066702914,23,491.0,0.1279513926914858,39,717.0
2370.0,35,283.0,2.482456140350877,3.4296000741412174,10,146.0,0.17188728860775596,6,101.0,0.37105502936335927,19,460.0,0.14235269418051147,35,707.0
2375.0,25,204.0,1.8053097345132743,4.160745849626986,7,126.0,0.22754366527917258,2,90.0,0.415200295658221,16,500.0,0.20375544702882412,25,716.0
2380.0,30,193.0,1.6355932203389831,3.7407533470497083,8,126.0,0.1898341770774329,3,79.0,0.30913965355164014,19,584.0,0.12113413164249656,30,789.0
2385.0,27,171.0,1.4615384615384615,3.8784878786941372,8,157.0,0.17014969739684221,5,84.0,0.2382450375630886,14,593.0,0.12150066400675413,27,834.0
2390.0,22,99.0,0.9,3.6003327111622103,10,175.0,0.1323076952759574,7,97.0,0.23121412863507937,5,511.0,0.21727875034284128,22,783.0
2395.0,17,57.0,0.5229357798165137,4.124536682757439,10,156.0,0.13635367225095638,4,82.0,0.347928619345202,3,383.0,0.30356257442297657,17,621.0
2400.0,14,49.0,0.4336283185840708,4.773214068735733,7,180.0,0.13270957527720773,4,50.0,0.419479680093965,3,317.0,0.31829520762004193,14,547.0
2405.0,17,55.0,0.5045871559633027,3.877344156079366,10,200.0,0.10683802317079699,5,63.0,0.292071496906114,2,283.0,0.27722493513030216,17,546.0
2410.0,22,90.0,0.8256880733944955,3.593007654801743,8,202.0,0.09135257671549075,6,73.0,0.15601719364069033,8,296.0,0.3116926968989841,22,571.0
2415.0,23,107.0,0.9727272727272728,3.8326288457371662,7,167.0,0.12514282129266094,3,61.0,0.2934948129447272,13,346.0,0.3202005867391932,23,574.0
2420.0,23,92.0,0.8518518518518519,3.0961370411340248,7,183.0,0.1438737440270983,6,78.0,0.1695126109690842,9,347.0,0.24289750705462113,22,608.0
2425.0,27,122.0,1.1296296296296295,3.377988579091014,13,224.0,0.08696983463892072,6,84.0,0.3050184858782114,8,302.0,0.17257959861893798,27,610.0
2430.0,29,178.0,1.6635514018691588,3.761359311387914,9,231.0,0.11105468290590273,11,121.0,0.2031684897765266,9,229.0,0.16187238397459136,29,581.0
2435.0,28,177.0,1.7352941176470589,4.002677053859196,7,187.0,0.1328701541540104,12,151.0,0.24490649129509323,9,214.0,0.19102411941965852,28,552.0
2440.0,20,110.0,1.1111111111111112,4.511646708307202,6,129.0,0.17710024545842146,11,148.0,0.26179800463120206,3,186.0,0.2677107159456218,20,463.0
2445.0,20,98.0,0.98989898989899,4.5196360833708065,5,140.0,0.18829548342318986,12,205.0,0.2899464641447607,3,171.0,0.3339381764431296,20,516.0
2450.0,25,125.0,1.3020833333333333,4.082394197655051,10,176.0,0.18463675053261713,11,262.0,0.210875872560242,4,157.0,0.34889497267532266,25,595.0
2455.0,20,123.0,1.2551020408163265,3.6379880344774,9,189.0,0.17858174634377047,9,289.0,0.1569489775902574,2,107.0,0.3904989232144613,20,585.0
2460.0,19,115.0,1.1057692307692308,3.9374557815171376,7,167.0,0.21027410554293252,9,307.0,0.1699657993257209,3,95.0,0.40240263817663097,19,569.0
2465.0,18,47.0,0.41228070175438597,4.2768918436706915,6,175.0,0.21861218127160828,7,303.0,0.23104053702028043,5,108.0,0.320274217262145,18,586.0
2470.0,22,90.0,0.7377049180327869,4.476459457622897,9,207.0,0.185632307574504,7,284.0,0.26393275065669597,6,96.0,0.20560352522076442,22,587.0
2475.0,24,79.0,0.6869565217391305,3.2794781505062613,11,217.0,0.14244765269913018,7,282.0,0.11870061139157893,6,83.0,0.23963890645747424,24,582.0
2480.0,23,94.0,0.831858407079646,3.2772831750431095,10,199.0,0.15833634871532173,8,255.0,0.20200732355281378,5,96.0,0.22222508678428954,23,550.0
2485.0,18,65.0,0.5752212389380531,3.7709886457543416,7,183.0,0.1923347972174131,2,235.0,0.2701438930866347,9,132.0,0.2046201051457893,18,550.0
2490.0,20,97.0,0.8362068965517241,3.985039124696071,6,176.0,0.17205741360964172,3,233.0,0.2699349104023001,11,179.0,0.12198147637918587,20,588.0
2495.0,19,92.0,0.8214285714285714,3.6222931426064022,5,172.0,0.17059182088064084,4,218.0,0.19011610385756902,10,204.0,0.09688149885626576,19,594.0
2500.0,23,161.0,1.5480769230769231,3.90255664071784,6,151.0,0.2049215677855128,3,176.0,0.28440725989426086,14,235.0,0.19618825151262254,23,562.0
2505.0,18,138.0,1.2660550458715596,4.245169487084038,2,128.0,0.2352112924079975,3,116.0,0.38258499931195905,13,259.0,0.17337694205806106,18,503.0
2510.0,19,142.0,1.290909090909091,4.492092126430964,6,133.0,0.18149972557152863,2,87.0,0.3965577978833811,11,250.0,0.2310409999602881,19,470.0
2515.0,20,111.0,1.018348623853211,3.598154684828196,7,141.0,0.1170701027890712,2,79.0,0.2267376389606699,11,248.0,0.24278378025156933,20,468.0
2520.0,24,107.0,1.0,4.222708400124057,6,115.0,0.17183883426880994,7,88.0,0.3244069069754104,11,252.0,0.20250272737379155,24,455.0
2525.0,16,126.0,1.2115384615384615,4.658961932229081,1,70.0,0.21148509857596778,10,127.0,0.2920986882121647,5,290.0,0.16890392411917995,16,487.0
2530.0,16,85.0,0.8333333333333334,5.191384419819265,2,44.0,0.23653407865795287,8,131.0,0.33372301861937503,6,315.0,0.2034041764853425,16,490.0
2535.0,17,111.0,1.15625,5.67905153200135,2,40.0,0.3593963017570412,7,91.0,0.3345200695658211,8,349.0,0.28702348354785767,17,480.0
2540.0,17,75.0,0.7731958762886598,5.07079493096795,1,22.0,0.38116497223803175,7,124.0,0.27699985853257025,9,347.0,0.2598948401623588,17,493.0
2545.0,24,93.0,0.93,4.600317692796542,7,29.0,0.33882140488023926,10,172.0,0.2603726269891436,7,320.0,0.2542749302911348,24,521.0
2550.0,22,82.0,0.7961165048543689,3.828421667079255,5,39.0,0.2716350745626611,9,189.0,0.2107386294131735,8,266.0,0.2167125387644266,22,494.0
2555.0,20,53.0,0.5,3.9666174676051207,4,38.0,0.3178385096598194,8,175.0,0.198347428628057,8,296.0,0.1875607069831711,20,509.0
2560.0,23,88.0,0.8461538461538461,4.29982332108683,5,49.0,0.23481490276726316,9,151.0,0.20436682484662574,9,324.0,0.2626378573007055,23,524.0
2565.0,25,133.0,1.2547169811320755,4.604356732184004,8,78.0,0.2681363442822212,11,168.0,0.2304900815882835,6,317.0,0.3060170106366325,25,563.0
2570.0,19,81.0,0.801980198019802,4.561375065157682,10,97.0,0.19646060863298526,5,160.0,0.3211119875298966,4,270.0,0.3884262473870486,19,527.0
2575.0,19,66.0,0.6285714285714286,4.561569500079668,9,97.0,0.168968661701476,7,147.0,0.28518713007430396,3,227.0,0.28724534357233567,19,471.0
2580.0,27,144.0,1.309090909090909,5.245460797446124,9,89.0,0.2593657258480743,14,176.0,0.3177113351224094,4,218.0,0.22065598285787646,27,483.0
2585.0,22,158.0,1.4495412844036697,4.601939050068458,4,95.0,0.22005436538290582,16,240.0,0.21702214215056848,2,213.0,0.18312994117157133,22,548.0
2590.0,34,199.0,1.8773584905660377,3.97787585117979,9,111.0,0.19633219681356806,17,281.0,0.11644620722980244,8,213.0,0.1765276280319881,34,605.0
2595.0,26,137.0,1.3838383838383839,3.9158952709430697,6,125.0,0.22738523095688568,13,263.0,0.16551457618613052,7,209.0,0.2412158545228894,26,597.0
2600.0,18,85.0,0.9042553191489362,4.893515112538995,3,101.0,0.33223306847163536,9,200.0,0.3120750618844055,6,177.0,0.29197311071954846,18,478.0
2605.0,17,74.0,0.7254901960784313,5.024616016330776,2,51.0,0.3183838049313407,10,193.0,0.35830530716433573,5,165.0,0.23799900471217617,17,409.0
2610.0,15,41.0,0.37962962962962965,5.432587627426958,2,27.0,0.3578704371038323,5,186.0,0.3555557297962306,8,195.0,0.211404077749118,15,408.0
2615.0,18,72.0,0.6923076923076923,5.485201519177119,4,27.0,0.4341024280753232,8,201.0,0.32191013119238726,6,190.0,0.21783304876959556,18,418.0
2620.0,17,53.0,0.5247524752475248,4.860387198052627,3,19.0,0.3969145207782886,9,214.0,0.21587916225965986,5,147.0,0.19418298494762495,17,380.0
2625.0,19,76.0,0.7524752475247525,5.111013361330336,7,34.0,0.33479340879052416,8,190.0,0.207449854880224,4,120.0,0.26325133208103596,19,344.0
2630.0,17,75.0,0.7575757575757576,5.033081520849991,10,66.0,0.2612227838127376,6,142.0,0.2517865860927615,1,110.0,0.3704018308970197,17,318.0
2635.0,15,98.0,0.98989898989899,5.469807869097872,6,75.0,0.29816915739192995,6,132.0,0.34458485620099577,3,112.0,0.35579179576602454,15,319.0
2640.0,11,42.0,0.4329896907216495,4.849933478222273,3,66.0,0.2951717433034699,3,109.0,0.3800366397695751,5,111.0,0.28559453438126464,11,286.0
2645.0,20,67.0,0.6907216494845361,5.323093492038673,11,103.0,0.20394468061824053,6,92.0,0.37227521265187635,3,94.0,0.3094363634935209,20,289.0
2650.0,20,83.0,0.8645833333333334,4.483481764562684,10,134.0,0.15465240045561587,8,102.0,0.2326557440154287,2,64.0,0.2521132253701664,20,300.0
2655.0,14,71.0,0.7634408602150538,4.7618051949314895,6,125.0,0.21468059588519325,6,101.0,0.24687858491243625,2,56.0,0.3153820132577393,14,282.0
2660.0,11,60.0,0.6521739130434783,5.627637815204812,5,88.0,0.2842347789817853,4,80.0,0.3139142734588002,2,53.0,0.36901780561536984,11,221.0
2665.0,12,69.0,0.7263157894736842,5.628236606465913,3,82.0,0.2768450446088071,7,82.0,0.2728880693364299,2,52.0,0.4342509691468419,12,216.0
2670.0,18,103.0,1.1195652173913044,4.537376491822242,8,107.0,0.22855670997284977,8,95.0,0.16390262204954706,2,52.0,0.46541121235647814,18,254.0
2675.0,21,117.0,1.3,4.349706623116898,9,121.0,0.24495465185079282,9,97.0,0.15630719129674286,3,59.0,0.5802364937025405,21,277.0
2680.0,15,65.0,0.7065217391304348,4.668848735205183,5,101.0,0.23066860731773908,7,105.0,0.24078123592946227,3,5.0,0.5089655004429483,15,211.0
2685.0,17,107.0,1.1382978723404256,4.985671631303712,6,112.0,0.22128234713916667,6,110.0,0.2862446462146327,5,23.0,0.46122601343544223,17,245.0
2690.0,22,174.0,1.8125,4.5197343128344825,10,144.0,0.14230917028551593,7,133.0,0.3735469145298565,5,39.0,0.3659207847257906,22,316.0
2695.0,23,201.0,2.09375,4.244864489709355,9,160.0,0.1116542396523785,9,165.0,0.3532600657654962,5,44.0,0.4161991137128267,23,369.0
2700.0,11,76.0,0.7835051546391752,4.793278452130519,7,128.0,0.16561890071245708,2,134.0,0.4060406779649453,2,43.0,0.42392307761010267,11,305.0
2705.0,11,41.0,0.41414141414141414,5.644864720291269,3,74.0,0.19587294861607193,5,152.0,0.36354586504963915,2,40.0,0.4250591127238374,10,266.0
2710.0,11,74.0,0.7326732673267327,6.120106064710613,2,41.0,0.21840826436434632,7,108.0,0.37992929252383933,2,36.0,0.41312561134382586,11,185.0
2715.0,14,77.0,0.77,6.007335982816013,3,39.0,0.29720210396328317,9,126.0,0.256620089073188,2,40.0,0.5257368278440518,14,205.0
2720.0,21,127.0,1.3655913978494623,5.342255711785252,8,67.0,0.27275547840970576,11,149.0,0.18366388582068935,2,49.0,0.6018949317800363,21,265.0
2725.0,17,51.0,0.5730337078651685,4.330680617085428,9,86.0,0.25707550550482466,6,135.0,0.14676600373872337,2,5.0,0.5385028068656744,17,226.0
2730.0,19,62.0,0.7045454545454546,4.452880015433672,5,72.0,0.20659031002810854,11,140.0,0.16325195963056668,3,14.0,0.3936130585551194,19,226.0
2735.0,17,70.0,0.7954545454545454,4.4287170508403655,4,64.0,0.24655579841742367,9,173.0,0.188753155630391,4,24.0,0.3491004666542029,17,261.0
2740.0,13,47.0,0.5,5.898135804596463,4,58.0,0.36034478864840364,6,148.0,0.2498138030995983,3,29.0,0.5028874954397619,13,235.0
2745.0,10,73.0,0.8021978021978022,6.768466248076068,4,57.0,0.4495616181577495,4,117.0,0.33196977573612446,2,24.0,0.5908986742695945,10,198.0
2750.0,8,94.0,1.0217391304347827,6.7665347865693795,4,66.0,0.5134814106578706,3,105.0,0.34666603896266296,1,22.0,0.5009595969757084,8,193.0
2755.0,11,32.0,0.34408602150537637,5.8395510117900615,2,28.0,0.4927139199596433,3,100.0,0.2751236063379243,6,40.0,0.3730692740375103,11,168.0
2760.0,23,83.0,0.8736842105263158,4.916081129965838,7,36.0,0.24472765231835336,8,107.0,0.22730009919133332,8,53.0,0.23615031420797158,23,196.0
2765.0,17,70.0,0.813953488372093,3.9756729287895105,6,56.0,0.1366778193945176,8,127.0,0.18219563116355925,3,45.0,0.3328119803520619,17,228.0
2770.0,9,33.0,0.39759036144578314,5.5760595203948595,2,51.0,0.33991047552429043,6,111.0,0.27034916972213546,1,39.0,0.4109374912219908,9,201.0
2775.0,6,42.0,0.4827586206896552,7.296320529839371,1,25.0,0.5091916906151976,3,81.0,0.3161405169251157,2,36.0,0.5028022756795054,6,142.0
2780.0,7,66.0,0.7415730337078652,7.678215021931354,2,18.0,0.5459395085598958,3,57.0,0.37534878660855375,2,36.0,0.5389336979107968,7,111.0
2785.0,6,91.0,1.0459770114942528,7.944623613515948,1,16.0,0.6076475935779206,2,51.0,0.4246011934004974,3,44.0,0.4910555867020791,6,111.0
2790.0,6,71.0,0.8765432098765432,7.452674638187728,1,19.0,0.6022611177869802,4,55.0,0.44135249122719755,1,20.0,0.42440656580905495,6,94.0
2795.0,15,64.0,0.8,6.542796722944513,3,30.0,0.6255561186126128,2,17.0,0.45762689438927867,9,49.0,0.21800289795173514,14,96.0
2800.0,16,62.0,0.7654320987654321,5.838193125239888,1,10.0,0.603890630399549,8,34.0,0.3412291849361977,7,80.0,0.13784910871335937,16,124.0
2805.0,19,63.0,0.84,5.076391045874679,5,19.0,0.31838507317341297,8,65.0,0.23003203005129927,6,85.0,0.22745640471195072,19,169.0
2810.0,9,30.0,0.4,5.86662148870783,3,29.0,0.35048576052055835,5,60.0,0.29618125118371313,1,76.0,0.40606482736315547,9,165.0
2815.0,4,21.0,0.2727272727272727,8.083340334591554,1,23.0,0.5495745253979761,2,51.0,0.4211143101924108,1,53.0,0.6256425859720989,4,127.0
2820.0,3,24.0,0.3037974683544304,8.019616370273871,0,12.0,0.4971314287599979,0,31.0,0.41310015054295485,3,43.0,0.5934747451402144,3,86.0
2825.0,5,12.0,0.1518987341772152,8.319546532537325,1,6.0,0.6130390651295532,1,24.0,0.4402492015355551,3,14.0,0.5440150434662353,5,44.0
2830.0,12,52.0,0.6933333333333334,8.090923967386559,3,13.0,0.6490839280485283,2,16.0,0.5009230414899479,7,25.0,0.36947701321954857,12,54.0
2835.0,10,26.0,0.36619718309859156,6.477680064315593,1,1.0,0.602665732118778,0,9.0,0.49531129684215913,9,51.0,0.24446948321680284,10,61.0
2840.0,16,52.0,0.7323943661971831,5.669437765701376,5,16.0,0.42522994420574817,5,21.0,0.31953789387859927,6,48.0,0.2055348855275339,16,85.0
2845.0,7,18.0,0.2465753424657534,5.2483745286826045,4,24.0,0.2518849999729501,3,34.0,0.2825635989637168,0,41.0,0.3326463305855479,7,99.0
2850.0,11,30.0,0.43478260869565216,6.059339782780089,3,26.0,0.4462668192476957,2,28.0,0.3173392992998884,6,53.0,0.3260401315070599,11,107.0
2855.0,14,37.0,0.5285714285714286,5.417377930388116,4,28.0,0.42866688956836496,1,28.0,0.29821054438916045,9,76.0,0.23971577787144513,14,132.0
2860.0,14,64.0,0.927536231884058,5.283650165922723,7,50.0,0.355978296134551,4,43.0,0.33691539359600514,3,68.0,0.18923654576458035,14,161.0
2865.0,11,45.0,0.703125,5.455475116509559,6,63.0,0.22640204578312728,3,44.0,0.34201602274658743,2,37.0,0.33356907962518584,11,144.0
2870.0,5,21.0,0.3230769230769231,7.313083094214564,2,40.0,0.3326651034554973,1,35.0,0.3492979463692184,2,29.0,0.6263917516607715,5,104.0
2875.0,6,13.0,0.19117647058823528,6.841345222040834,4,44.0,0.41722077065783353,1,20.0,0.3267621316392029,1,11.0,0.5188722723422121,6,75.0
2880.0,17,77.0,1.1666666666666667,6.110584692153339,10,79.0,0.3776981923713348,1,18.0,0.428701380293917,6,35.0,0.32395875850774414,17,132.0
2885.0,15,71.0,1.126984126984127,5.015411296187484,7,93.0,0.3213751264587003,1,17.0,0.40292027946973796,7,56.0,0.30128483146258467,15,166.0
2890.0,4,33.0,0.5076923076923077,6.870869738429709,1,61.0,0.42286313878280074,2,28.0,0.5496398801194299,1,43.0,0.4019284711170266,4,132.0
2895.0,5,4.0,0.05714285714285714,7.233765770779886,1,18.0,0.42858011423111153,2,7.0,0.5972846828157335,2,30.0,0.3781751142619008,5,55.0
2900.0,12,45.0,0.5921052631578947,7.376135071497059,1,4.0,0.5492695753775577,5,27.0,0.47269966031678223,6,49.0,0.35060078617467527,12,80.0
2905.0,14,46.0,0.6133333333333333,6.7137423732388655,1,6.0,0.5640675334528655,5,43.0,0.38422379565696,8,63.0,0.2915575395316736,14,112.0
2910.0,10,27.0,0.36486486486486486,6.066788890442045,6,25.0,0.35227366623812245,3,44.0,0.38934036957579327,1,43.0,0.3420363841971585,10,112.0
2915.0,11,29.0,0.38666666666666666,6.2125874800268575,6,41.0,0.2794494951451904,3,54.0,0.4109956501083384,2,19.0,0.49011753047012957,11,114.0
2920.0,14,60.0,0.8108108108108109,6.602228577580746,2,38.0,0.3001110444638468,9,86.0,0.3362102118478085,3,18.0,0.5960483142799938,14,142.0
2925.0,13,85.0,1.1805555555555556,6.577908284138706,2,26.0,0.36509338417021636,7,108.0,0.30785329515131094,4,33.0,0.5777264219371779,13,167.0
2930.0,13,99.0,1.356164383561644,6.962521825527328,4,31.0,0.5635296190064722,4,88.0,0.3245052877297384,5,55.0,0.4501391686673129,13,174.0
2935.0,9,61.0,0.8472222222222222,7.401502094854752,3,46.0,0.6245426731163075,4,55.0,0.3227740947030973,2,28.0,0.5949706623395706,9,129.0
2940.0,11,96.0,1.3333333333333333,8.225215528921288,5,63.0,0.5865915051122649,3,55.0,0.40533181314764805,3,10.0,0.613231523947932,11,128.0
2945.0,3,35.0,0.5303030303030303,7.797728202211105,1,42.0,0.582700711209022,2,51.0,0.46320109370614887,0,9.0,0.6041831430813454,3,102.0
2950.0,8,59.0,0.921875,7.902855414959524,6,15.0,0.4475438812118309,2,56.0,0.5338949900526647,0,0.0,0.6045534749572843,8,71.0
2955.0,8,67.0,1.0634920634920635,7.600489295354026,4,26.0,0.3936589382626187,2,60.0,0.5453186322016873,2,5.0,0.6402387448970178,8,91.0
2960.0,5,84.0,1.3333333333333333,8.550829201140145,2,21.0,0.4726963506571648,2,69.0,0.640000553527034,1,10.0,0.682068401812246,5,100.0
2965.0,5,38.0,0.5757575757575758,8.781811995357126,2,22.0,0.5057278363640124,2,37.0,0.5867278378534375,1,17.0,0.6511626947062007,5,76.0
2970.0,7,67.0,1.0,8.575624140597201,2,30.0,0.5911162209266627,4,22.0,0.4791544479471293,1,22.0,0.6567372046201413,7,74.0
2975.0,9,80.0,1.2121212121212122,8.26905072856505,4,42.0,0.5684795135109789,4,31.0,0.45101214794079186,1,27.0,0.7483703300934427,9,100.0
2980.0,7,68.0,0.9855072463768116,7.99319208998693,3,59.0,0.56114705868817,2,31.0,0.47411124067420857,2,7.0,0.516248576253977,7,97.0
2985.0,8,28.0,0.42424242424242425,8.218089558577264,1,40.0,0.5959983404396741,2,24.0,0.4300269645829293,5,27.0,0.499571658016794,8,91.0
2990.0,6,22.0,0.3793103448275862,8.677823491230743,4,17.0,0.632143180282385,1,18.0,0.5809287175657559,1,23.0,0.5652998544091883,6,58.0
2995.0,2,14.0,0.2641509433962264,8.405998978564531,1,14.0,0.4814379327745529,1,17.0,0.6903162360721277,0,1.0,0.6340878401531381,2,32.0
3000.0,4,28.0,0.5185185185185185,8.913582652459931,3,12.0,0.48179288877079635,1,20.0,0.8018709593374419,0,0.0,0.7384256452098851,4,32.0
3005.0,3,22.0,0.4074074074074074,10.2795147664002,3,22.0,0.5538410325425033,0,4.0,0.9060369362990884,0,0.0,0.8248637518750619,3,26.0
3010.0,5,34.0,0.5862068965517241,9.04278622228118,3,33.0,0.45026416928022583,2,5.0,0.6464551958340551,0,0.0,0.7389059986938878,5,38.0
3015.0,1,2.0,0.03571428571428571,8.590670596403609,1,24.0,0.47997415688034134,0,3.0,0.4579029515657759,0,0.0,0.8024264647289445,1,27.0
3020.0,6,22.0,0.43137254901960786,8.932499998824108,6,24.0,0.3821115357607926,0,2.0,0.6320565434568933,0,0.0,0.7431283962983417,6,26.0
3025.0,5,25.0,0.5208333333333334,8.915381240310845,3,36.0,0.47874714540957236,1,5.0,0.6343761023352781,1,5.0,0.7417462878649301,5,46.0
3030.0,2,18.0,0.391304347826087,9.866800380654185,0,22.0,0.5786018176512997,1,12.0,0.8186758954381297,1,10.0,0.6760629527351888,2,44.0
3035.0,2,15.0,0.32608695652173914,9.67001453230497,1,2.0,0.5159339914512373,0,2.0,0.7178802754648395,1,15.0,0.7555226336130073,2,19.0
3040.0,4,28.0,0.5833333333333334,9.286571285012135,0,0.0,0.5992721455321557,3,10.0,0.5446346551696788,1,20.0,0.4895328540260155,4,30.0
3045.0,7,31.0,0.5961538461538461,8.228647130289428,1,0.0,0.7577763633482841,5,32.0,0.30949386114288263,1,1.0,0.471147021433329,7,33.0
3050.0,7,26.0,0.5416666666666666,7.953402417255172,1,1.0,0.7601981212755616,4,41.0,0.31123984500911195,2,10.0,0.46631020996196276,7,52.0
3055.0,6,36.0,0.8181818181818182,8.642897256567467,1,8.0,0.7785132018545224,2,25.0,0.4107418021538393,3,26.0,0.6250011136679245,6,59.0
3060.0,7,35.0,0.7777777777777778,8.693056971867135,1,13.0,0.6903671496077654,3,19.0,0.624472643043984,3,27.0,0.46423919334065616,7,59.0
3065.0,4,39.0,0.9069767441860465,9.469941577145278,0,2.0,0.7888765990821518,3,36.0,0.5887215923380629,1,9.0,0.670382305765828,4,47.0
3070.0,6,14.0,0.32558139534883723,8.423752470806715,3,5.0,0.45553188095945973,0,18.0,0.6493364802727539,3,11.0,0.5916490515437528,6,34.0
3075.0,4,10.0,0.22727272727272727,7.6009275472627555,1,8.0,0.3973780738292164,2,8.0,0.5079848570676577,1,9.0,0.635793796867833,4,25.0
3080.0,5,22.0,0.46808510638297873,7.738488738653011,1,7.0,0.5325236143325853,0,9.0,0.4768232999569421,4,19.0,0.40021436374803854,5,35.0
3085.0,7,17.0,0.37777777777777777,7.926231068459973,2,12.0,0.6708270974852087,0,2.0,0.6142563715431683,5,28.0,0.3928711045911437,7,42.0
3090.0,2,1.0,0.021739130434782608,8.78976445228615,0,0.0,0.6934147813093441,1,5.0,0.5959171957341632,1,15.0,0.47129038462152667,2,20.0
3095.0,6,15.0,0.3333333333333333,8.743788532713351,3,6.0,0.5925406344840447,3,13.0,0.4944493600373388,0,2.0,0.6088703279120099,6,21.0
3100.0,6,26.0,0.5909090909090909,7.698009657428935,0,1.0,0.32212039858659114,4,27.0,0.60160281453782,2,3.0,0.6352520003774269,6,31.0
3105.0,2,5.0,0.10869565217391304,8.298726947623999,2,5.0,0.41092295210116037,0,20.0,0.5635839031006165,0,0.0,0.6355295426494392,2,25.0
3110.0,5,22.0,0.5,8.744093276598276,1,12.0,0.7219365004402467,1,5.0,0.4737025565823361,3,11.0,0.4702675390325252,5,28.0
3115.0,3,27.0,0.6428571428571429,8.7843105922403,1,17.0,0.7262601889727597,1,8.0,0.6285281016393105,1,17.0,0.5119754026715186,3,42.0
3120.0,2,4.0,0.09302325581395349,8.759746072635211,0,2.0,0.8026677974119206,2,6.0,0.5779008389065038,0,6.0,0.5357879100893546,2,14.0
3125.0,9,26.0,0.5652173913043478,7.318605326472421,1,4.0,0.47951538251860526,5,23.0,0.4737731773346425,3,3.0,0.5405496306736823,9,30.0
3130.0,6,18.0,0.35294117647058826,5.815287175527294,2,7.0,0.3099815392842895,3,32.0,0.3793526415944624,1,8.0,0.6151082461238818,6,47.0
3135.0,2,13.0,0.23636363636363636,7.904133907868593,1,4.0,0.539713862531752,0,14.0,0.4763034522936604,1,15.0,0.6708527426464331,2,33.0
3140.0,6,23.0,0.3770491803278688,7.881841568225274,2,6.0,0.5177484434130167,0,2.0,0.56181711786252,4,23.0,0.536120429032552,6,31.0
3145.0,7,28.0,0.417910447761194,8.699885670316187,6,29.0,0.5020794932709345,1,5.0,0.6685824145741275,0,12.0,0.6337278690534139,7,46.0
3150.0,8,16.0,0.26666666666666666,7.080651854237133,4,40.0,0.39050572153834184,1,4.0,0.5369863929266081,3,6.0,0.5613406963650808,8,50.0
3155.0,10,31.0,0.5166666666666667,5.424733527178657,3,26.0,0.2392119694675562,6,27.0,0.2687546375552532,1,10.0,0.4451196545834532,10,63.0
3160.0,11,81.0,1.3728813559322033,7.040292043090361,2,19.0,0.3807850823418673,9,71.0,0.4444705680229066,0,2.0,0.4916278241631528,11,92.0
3165.0,7,57.0,0.9193548387096774,8.479780651441468,2,26.0,0.5890182404583307,4,80.0,0.5251061126941701,1,0.0,0.6351005066955149,7,106.0
3170.0,3,36.0,0.5538461538461539,8.999878642559825,2,38.0,0.6564989930706272,1,38.0,0.5087781541730727,0,2.0,0.7790502069076495,3,78.0
3175.0,3,46.0,0.7076923076923077,8.836745317908674,2,48.0,0.6621971727549901,1,2.0,0.4720530884238053,0,2.0,0.7600616211653307,3,52.0
3180.0,1,1.0,0.016129032258064516,9.216767540988887,0,27.0,0.7027091988060414,0,0.0,0.56285925614658,1,3.0,0.7203016166715601,1,30.0
3185.0,4,15.0,0.25862068965517243,8.913571309620604,2,8.0,0.5163008935652407,1,3.0,0.529985233190867,1,6.0,0.7122160497979808,4,17.0
3190.0,5,28.0,0.509090909090909,7.632844157573523,1,7.0,0.44242750467654063,3,16.0,0.4767699604640345,1,11.0,0.6688287949424824,5,34.0
3195.0,8,27.0,0.47368421052631576,7.466864093985203,3,6.0,0.4180781069316361,3,15.0,0.4581179985863552,2,16.0,0.5976811148026422,8,37.0
3200.0,9,37.0,0.6607142857142857,6.991125536787747,2,3.0,0.46837084163715104,6,34.0,0.3416798054555499,1,2.0,0.43201323331235053,9,39.0
3205.0,12,50.0,0.8771929824561403,6.156047806715973,4,20.0,0.36049275533564934,3,45.0,0.2703474739235284,5,19.0,0.3501885828078225,12,84.0
3210.0,8,25.0,0.4716981132075472,6.472258452004577,3,24.0,0.4690755170893179,2,27.0,0.2622145972102914,3,28.0,0.4626059639952604,8,79.0
3215.0,3,0.0,0.0,9.118125491309574,2,13.0,0.6189550893746129,0,16.0,0.6309013682737651,1,18.0,0.6290425291354806,3,47.0
3220.0,4,5.0,0.09259259259259259,8.913290929363034,1,15.0,0.5277018904276317,2,19.0,0.6326303590134013,1,2.0,0.6964586397400012,4,36.0
3225.0,12,48.0,0.8135593220338984,7.425511092624993,7,40.0,0.27923781336258763,5,37.0,0.49141681304540163,0,0.0,0.7043491638966453,12,77.0
3230.0,10,36.0,0.6101694915254238,6.8330396039436145,5,55.0,0.3299624216065942,4,42.0,0.307333517296603,1,2.0,0.7141229253032121,10,99.0
3235.0,2,3.0,0.05454545454545454,8.151870140578147,1,34.0,0.49329134999897994,0,31.0,0.5715686777292269,1,3.0,0.540612147076521,2,68.0
3240.0,6,19.0,0.34545454545454546,7.8513423634549415,2,27.0,0.4792650802929919,0,10.0,0.5061190308667229,4,17.0,0.5635386393382653,6,54.0
3245.0,11,37.0,0.6851851851851852,7.562694468432373,8,54.0,0.49556225155296757,1,6.0,0.6984896205174292,2,20.0,0.4345679126125956,11,80.0
3250.0,8,37.0,0.6981132075471698,6.9830303088762715,7,70.0,0.32115972243764473,1,11.0,0.6850476335030733,0,2.0,0.5671533103098331,8,83.0
3255.0,3,19.0,0.36538461538461536,7.993328927430026,2,52.0,0.29449606780748694,1,18.0,0.8319205485739771,0,0.0,0.7459010537571064,3,70.0
3260.0,3,28.0,0.5,9.003825289219957,1,23.0,0.3620009723515961,1,23.0,0.8390368076703357,1,0.0,0.6767793242946085,3,46.0
3265.0,2,18.0,0.3157894736842105,9.481020394295994,1,15.0,0.5338947165991754,0,2.0,0.6885577119643793,1,4.0,0.6357562916466054,2,21.0
3270.0,7,40.0,0.7407407407407407,9.195676336058778,1,19.0,0.5892233873742969,5,14.0,0.49371334786548626,1,9.0,0.6437917249091435,7,42.0
3275.0,8,33.0,0.673469387755102,7.788913057609543,2,24.0,0.5189424134081286,5,25.0,0.37268515064883284,1,0.0,0.6627761172571938,8,49.0
3280.0,6,15.0,0.3,6.860385203838875,2,5.0,0.40152455431194195,2,22.0,0.3308610630551068,2,4.0,0.5912558753854484,6,31.0
3285.0,8,43.0,0.8775510204081632,7.65124309646906,6,25.0,0.49302946274741377,2,21.0,0.4609558411796833,0,6.0,0.5776659579109025,8,52.0
3290.0,5,38.0,0.7916666666666666,8.33841519080265,1,31.0,0.5402518670592816,3,35.0,0.5708464449649981,1,0.0,0.6683062163914176,5,66.0
3295.0,4,3.0,0.057692307692307696,8.856530680219372,3,9.0,0.46692389466527623,1,29.0,0.6512689923468841,0,2.0,0.7466467223647479,4,40.0
3300.0,4,17.0,0.3090909090909091,9.4998194485211,1,7.0,0.49414693534199927,2,13.0,0.7190781743511636,1,3.0,0.6963265818462995,4,23.0
3305.0,4,20.0,0.35714285714285715,9.28501333662818,2,14.0,0.5972038594760718,0,4.0,0.5934545222418687,2,8.0,0.6924629404485722,4,26.0
3310.0,2,11.0,0.1896551724137931,9.130359807382131,1,7.0,0.5012900375390822,0,0.0,0.6392847341109424,1,13.0,0.7101786855246704,2,20.0
3315.0,5,11.0,0.19298245614035087,9.462940899594042,4,13.0,0.5320931407881537,1,0.0,0.6593548831060915,0,2.0,0.7560400307089542,5,15.0
3320.0,6,14.0,0.28,8.00657153144656,3,24.0,0.40120004224794514,0,0.0,0.6949929034177015,3,9.0,0.5478345697455269,6,33.0
3325.0,2,9.0,0.1956521739130435,8.204959329625847,1,15.0,0.45608710831251836,0,2.0,0.7194165748470196,1,12.0,0.5222935316826618,2,29.0
3330.0,4,14.0,0.30434782608695654,9.445327360872781,2,11.0,0.6316458075577221,1,7.0,0.7422342082431603,1,4.0,0.5394584512443861,4,22.0
3335.0,2,24.0,0.5106382978723404,10.093453666918094,1,16.0,0.513279686947108,1,12.0,0.7704633344538628,0,0.0,0.7207129431375137,2,28.0
3340.0,2,4.0,0.08333333333333333,9.235056470245889,1,2.0,0.5154602785741317,1,6.0,0.6856177372647242,0,0.0,0.6536604462723409,2,8.0
3345.0,10,32.0,0.6530612244897959,6.882714690288575,6,16.0,0.20604975171055676,4,20.0,0.34968759115370585,0,0.0,0.7504377469038584,10,36.0
3350.0,8,27.0,0.6,6.156117354139099,3,29.0,0.3325415890811561,3,28.0,0.31893919277834015,2,4.0,0.5742504673438659,8,61.0
3355.0,2,0.0,0.0,7.767537370119458,1,18.0,0.5780032853107747,0,19.0,0.41685566912938954,1,6.0,0.6294765763091406,2,43.0
3360.0,4,13.0,0.2708333333333333,10.147743414191462,1,10.0,0.7778936724411198,1,9.0,0.641355389054892,2,8.0,0.608962794034568,4,27.0
3365.0,4,18.0,0.3829787234042553,10.209911348221691,1,10.0,0.8202796173822254,1,9.0,0.7121594757469046,2,11.0,0.6114887567598242,4,30.0
3370.0,2,13.0,0.26,9.649007558741994,1,14.0,0.7237358899199763,0,2.0,0.6061965142308303,1,1.0,0.6537992263730281,2,17.0
3375.0,6,33.0,0.66,9.946452315820691,1,19.0,0.7799105823913116,4,17.0,0.5751852721026499,1,0.0,0.6910440281489404,6,36.0
3380.0,3,27.0,0.54,9.099038152157204,1,24.0,0.623545739868308,1,15.0,0.543065121949136,1,3.0,0.6215588127466232,3,42.0
3385.0,4,40.0,0.8,9.378163216662804,2,31.0,0.6305680874108923,0,1.0,0.5681761671666421,2,14.0,0.6331295352798736,4,46.0
3390.0,4,34.0,0.723404255319149,9.276901830701268,3,36.0,0.6259356670059705,1,0.0,0.6863818325406996,0,13.0,0.5999352352336316,4,49.0
3395.0,3,8.0,0.1702127659574468,9.50995656511348,0,6.0,0.7361062478133584,0,0.0,0.8409771678513438,3,10.0,0.5079823162667377,3,16.0
3400.0,5,9.0,0.19148936170212766,8.504251553391894,2,6.0,0.5851806543807769,1,2.0,0.5001326402448191,2,13.0,0.5296125947455538,5,21.0
3405.0,3,12.0,0.2727272727272727,7.349392530609335,0,6.0,0.39145021649381734,3,14.0,0.516933101148737,0,1.0,0.5347654452886353,3,21.0
3410.0,5,10.0,0.21739130434782608,8.467481901589798,2,3.0,0.39623832233367323,1,11.0,0.7387083531998361,2,5.0,0.6551456369328442,5,19.0
3415.0,4,25.0,0.5102040816326531,10.222817583937491,2,10.0,0.6289740226571884,1,9.0,0.8299212142159387,1,12.0,0.6345455639546363,4,31.0
3420.0,6,46.0,0.9019607843137255,10.280096138042138,1,15.0,0.7053876851947438,2,16.0,0.7579614523551015,3,21.0,0.5819233037009055,6,52.0
3425.0,4,26.0,0.5416666666666666,10.06112328072013,1,5.0,0.7097033110264905,2,26.0,0.6524729789117522,1,2.0,0.7280570827173306,4,33.0
3430.0,9,54.0,1.173913043478261,8.192217177280362,4,16.0,0.45315083292309954,2,36.0,0.5953183003693587,3,8.0,0.5550637496164411,9,60.0
3435.0,5,50.0,1.1627906976744187,6.719318927026307,3,18.0,0.24339317880880307,2,46.0,0.5972787628607389,0,5.0,0.6166349940037221,5,69.0
3440.0,3,3.0,0.06818181818181818,8.18730349505166,0,8.0,0.42029310766803846,2,27.0,0.5590768691884368,1,0.0,0.6574368501557714,3,35.0
3445.0,5,21.0,0.44680851063829785,9.460156799030056,1,2.0,0.6087029669215019,3,20.0,0.621645367116932,1,3.0,0.6593925447692217,5,25.0
3450.0,2,15.0,0.30612244897959184,10.501403483199441,1,7.0,0.6813430411121782,0,10.0,0.7515361411467195,1,8.0,0.6840354133749232,2,25.0
3455.0,3,13.0,0.29545454545454547,10.040329661483007,1,14.0,0.6414430281063809,0,0.0,0.798815787775812,2,3.0,0.6331932963090584,3,17.0
3460.0,4,14.0,0.3111111111111111,9.755604546969277,0,2.0,0.794406043413145,0,0.0,0.6779544507866798,4,16.0,0.5163357328405763,4,18.0
3465.0,4,8.0,0.18181818181818182,9.081492643858237,2,6.0,0.6221201891373869,1,4.0,0.6729184367231776,1,15.0,0.5228609089718333,4,25.0
3470.0,3,12.0,0.2857142857142857,8.908981582449517,1,7.0,0.6327519904913512,2,13.0,0.35569619187756535,0,0.0,0.6856927510524702,3,20.0
3475.0,0,0.0,0.0,9.980496942572435,0,0.0,0.6499744564934128,0,8.0,0.7144041808955054,0,0.0,0.7349014036235159,0,8.0
3480.0,2,0.0,0.0,10.702401634555098,1,0.0,0.643631502252471,0,4.0,0.8050351810044548,1,0.0,0.7006712173654599,2,4.0
3485.0,0,0.0,0.0,10.681215527905382,0,0.0,0.7526055202131429,0,2.0,0.7590789560672897,0,0.0,0.6976795513797539,0,2.0
3490.0,2,6.0,0.13953488372093023,10.630832269500965,1,1.0,0.7581842762356877,1,5.0,0.696998573506515,0,0.0,0.8074861412411241,2,6.0
3495.0,3,2.0,0.04878048780487805,9.072102341567009,0,0.0,0.8327044829402774,2,2.0,0.45780119233457445,1,0.0,0.6015783003343865,3,2.0
3500.0,9,29.0,0.725,8.433621162617651,1,0.0,0.7094356093509399,6,24.0,0.46639710628462383,2,7.0,0.519191274444149,9,31.0
3505.0,2,5.0,0.14285714285714285,8.334491659489304,0,0.0,0.7708519823860153,1,28.0,0.4960022729665293,1,13.0,0.5409991611067134,2,41.0
3510.0,2,4.0,0.10256410256410256,9.423565000571603,0,2.0,0.7746647789153653,2,10.0,0.5831764878809451,0,5.0,0.5680652676170691,2,17.0
3515.0,6,18.0,0.4186046511627907,9.741470522407731,1,2.0,0.7224570375088143,2,16.0,0.7043187427137256,3,9.0,0.5149841054109897,6,27.0
3520.0,4,22.0,0.5238095238095238,8.514790372848443,1,6.0,0.716777359648733,0,2.0,0.41230748679506574,3,23.0,0.5698352363411061,4,31.0
3525.0,7,15.0,0.36585365853658536,6.205489313407657,0,5.0,0.5604214944683009,5,16.0,0.035085255127133924,2,18.0,0.4379888755948564,7,39.0
3530.0,8,47.0,1.119047619047619,7.43406978409515,1,0.0,0.49922019784195054,7,53.0,0.3573426998769383,0,1.0,0.49751883426983246,8,54.0
3535.0,3,11.0,0.2391304347826087,9.500028865424694,0,0.0,0.705150812303012,3,54.0,0.5257014198082394,0,0.0,0.6256104202924742,3,54.0
3540.0,3,6.0,0.12244897959183673,9.925488016822076,0,2.0,0.6336636822799696,1,20.0,0.7374641955128495,2,2.0,0.6383858985966671,3,24.0
3545.0,3,20.0,0.4444444444444444,10.837695908413302,2,11.0,0.7459022653293713,1,11.0,0.7886548565921098,0,2.0,0.7882250089592765,3,24.0
3550.0,6,43.0,1.0238095238095237,10.026002964493667,2,19.0,0.7272022317135146,2,18.0,0.7578809715895841,2,8.0,0.6139782087791895,6,45.0
3555.0,5,29.0,0.6590909090909091,8.389373205059853,1,0.0,0.6081979224193209,2,30.0,0.5822864891394026,2,9.0,0.5475612807329779,5,39.0
3560.0,7,50.0,1.0638297872340425,8.838838756795166,4,12.0,0.37775706364899214,2,42.0,0.5966108682020295,1,1.0,0.688723236313578,7,55.0
3565.0,1,0.0,0.0,8.661164111529716,0,17.0,0.35363353089215366,1,19.0,0.6743472459901207,0,0.0,0.7349719157144103,1,36.0
3570.0,3,6.0,0.11538461538461539,9.838985990166673,1,0.0,0.6227578440313117,1,9.0,0.7352144519349483,1,3.0,0.664591141850646,3,12.0
3575.0,4,19.0,0.36538461538461536,9.750357940958045,0,0.0,0.6381213102965643,3,17.0,0.5739317931029227,1,8.0,0.6934784728562815,4,25.0
3580.0,3,19.0,0.36538461538461536,9.619839582623353,1,5.0,0.6375216944651602,1,14.0,0.6585892573913983,1,13.0,0.5432079548502594,3,32.0
3585.0,4,18.0,0.4090909090909091,9.68770368368727,1,12.0,0.7843166389086605,2,9.0,0.6251996995560947,1,3.0,0.6231310314194578,4,24.0
3590.0,8,45.0,1.0975609756097562,8.421412222468287,2,17.0,0.7299326718210801,2,19.0,0.5991915443389807,4,15.0,0.41904886208874753,8,51.0
3595.0,7,31.0,0.775,7.106422289522581,1,22.0,0.7319025910709928,4,11.0,0.38223146221061816,2,21.0,0.5077964204944057,7,54.0
3600.0,7,32.0,0.7619047619047619,7.553010150705265,0,0.0,0.5524794409262862,7,36.0,0.3824529002424598,0,5.0,0.7158430874084125,7,41.0
