step,system_total_stopped,system_total_waiting_time,system_mean_waiting_time,system_mean_speed,A0_stopped,A0_accumulated_waiting_time,A0_average_speed,B0_stopped,B0_accumulated_waiting_time,B0_average_speed,C0_stopped,C0_accumulated_waiting_time,C0_average_speed,agents_total_stopped,agents_total_accumulated_waiting_time
5.0,0,0.0,0.0,5.629691814968828,0,0.0,0.17672548957141368,0,0.0,0.7808570059200579,0,0.0,1.0,0,0.0
10.0,0,0.0,0.0,9.08418098401533,0,0.0,0.6484955877611273,0,0.0,0.9948237059934018,0,0.0,1.0,0,0.0
15.0,0,0.0,0.0,10.346776654772821,0,0.0,0.9337635178919792,0,0.0,1.0,0,0.0,0.6726480070267958,0,0.0
20.0,1,0.0,0.0,7.670918813599419,0,0.0,0.7013031041876708,0,0.0,0.42715714916458114,1,0.0,0.49469626040766407,1,0.0
25.0,2,0.0,0.0,8.5306025010176,2,0.0,0.4659267671213824,0,0.0,0.984543474461823,0,0.0,0.7960687311157524,2,0.0
30.0,4,1.0,0.07692307692307693,6.3182417518151,1,1.0,0.43075828829127366,2,0.0,0.3491265274651195,1,0.0,0.6494791620499251,4,1.0
35.0,3,6.0,0.375,8.131422995157477,1,0.0,0.44486921282392555,1,5.0,0.6994400349985882,1,1.0,0.6010308469891208,3,6.0
40.0,1,6.0,0.3333333333333333,9.676056543986682,0,0.0,0.6430504904044457,0,0.0,0.8188259773126847,1,6.0,0.5851521752256545,1,6.0
45.0,0,0.0,0.0,9.657274924130316,0,0.0,0.9386308021983606,0,0.0,0.5661662095663866,0,0.0,0.6601610197346094,0,0.0
50.0,1,4.0,0.21052631578947367,9.300595070620323,0,0.0,0.5165424335466344,0,0.0,0.7685215747253543,1,4.0,0.5371325281111502,1,4.0
55.0,1,0.0,0.0,9.765795798817889,0,0.0,0.7952288125877048,0,0.0,0.881102899868393,1,2.0,0.5904872354578509,1,2.0
60.0,1,1.0,0.045454545454545456,10.903761693104775,0,0.0,0.752300992231726,0,2.0,0.8815402618743233,1,3.0,0.6976435110763449,1,5.0
65.0,2,6.0,0.25,11.162598852887124,0,0.0,0.8759099482438507,0,2.0,0.8674739707342783,2,8.0,0.6834306572158197,2,10.0
70.0,3,13.0,0.5,8.844845254146467,0,0.0,0.5972963646958449,1,4.0,0.6106431569215656,2,11.0,0.5819108519486372,3,15.0
75.0,7,24.0,0.8888888888888888,7.00096833755508,1,5.0,0.08533658675601608,4,18.0,0.427569295058272,2,3.0,0.44148006270649365,7,26.0
80.0,11,70.0,2.2580645161290325,5.849265690731975,1,10.0,0.36025054060023187,6,44.0,0.20884766608191324,4,18.0,0.3617943804411494,11,72.0
85.0,9,95.0,3.064516129032258,5.472499398226451,1,15.0,0.7029327096431264,7,78.0,0.18859931883078773,1,16.0,0.36368770369714143,9,109.0
90.0,6,45.0,1.5517241379310345,6.380268606535626,2,21.0,0.46733302413484923,3,73.0,0.37705604179971064,1,4.0,0.5168894862659789,6,98.0
95.0,3,35.0,1.25,9.039903710546186,2,33.0,0.4390002108408555,1,31.0,0.6181408559578111,0,0.0,0.7227715987147537,3,64.0
100.0,5,48.0,1.6551724137931034,7.9766927745038005,2,43.0,0.5162884105214856,2,31.0,0.5702221881680781,1,3.0,0.7414453816483848,5,77.0
105.0,9,81.0,2.6129032258064515,7.219725548148846,2,51.0,0.619112008682309,6,49.0,0.3351847991274719,1,8.0,0.6644037278541597,9,108.0
110.0,8,90.0,2.727272727272727,5.806328666945401,2,61.0,0.5314286376484091,4,42.0,0.2445787944742546,2,13.0,0.22748715982617843,8,116.0
115.0,3,5.0,0.14705882352941177,8.159436623736255,0,30.0,0.5127999690105023,2,34.0,0.4023563434110888,1,2.0,0.7354169861743651,3,66.0
120.0,2,6.0,0.17647058823529413,9.418247540991226,1,6.0,0.48014069775907625,1,18.0,0.45700912740688626,0,2.0,0.9129831818545237,2,26.0
125.0,2,8.0,0.25,9.759185912676326,0,6.0,0.6726924987020251,1,12.0,0.5822283455887132,1,3.0,0.6851833093559448,2,21.0
130.0,3,11.0,0.3793103448275862,8.338229671987422,0,0.0,0.8126704280235307,1,9.0,0.4854387338886002,2,13.0,0.3184497400846027,3,22.0
135.0,5,13.0,0.43333333333333335,8.193712388573857,1,2.0,0.6570644463031478,3,18.0,0.41367750895104066,1,6.0,0.5490510695153259,5,26.0
140.0,3,16.0,0.5,10.207074322489824,2,12.0,0.42919405767785285,1,19.0,0.6697097368194864,0,2.0,0.7439761510439779,3,33.0
145.0,1,0.0,0.0,10.013284123682771,1,2.0,0.5780458145017778,0,8.0,0.7114007022638452,0,2.0,0.7989755967313463,1,12.0
150.0,3,11.0,0.34375,10.78731248294226,1,7.0,0.6856178366036191,0,0.0,0.843630937695322,2,6.0,0.6030167099691534,3,13.0
155.0,6,15.0,0.6521739130434783,6.7869640051481905,2,14.0,0.544211463318171,2,2.0,0.3837787862718159,2,8.0,0.4045464320298232,6,24.0
160.0,2,11.0,0.4230769230769231,8.486684198219699,0,2.0,0.6450671312355155,2,13.0,0.512381885239046,0,0.0,0.49755262610863404,2,15.0
165.0,1,0.0,0.0,10.120011174692122,1,0.0,0.6650501080838972,0,11.0,0.7410476335254866,0,0.0,0.5232887370684928,1,11.0
170.0,2,3.0,0.10344827586206896,10.367434077326617,1,1.0,0.724425096306331,0,4.0,0.8102173427036723,1,2.0,0.46330899174729956,2,7.0
175.0,1,6.0,0.23076923076923078,9.65435571722821,1,6.0,0.6539877062586005,0,2.0,0.5005484907982878,0,0.0,0.8446465979919864,1,8.0
180.0,2,12.0,0.48,8.19295471248387,1,12.0,0.5777170487341857,0,0.0,0.5322289570731021,1,1.0,0.42476162105891574,2,13.0
185.0,3,18.0,0.6428571428571429,9.175270600604813,2,17.0,0.6095651608246612,1,2.0,0.7091302362565883,0,2.0,0.5663505773258418,3,21.0
190.0,0,0.0,0.0,10.248087289721784,0,1.0,0.7504114593245267,0,2.0,0.6939226941515313,0,0.0,0.9149256986360266,0,3.0
195.0,3,5.0,0.18518518518518517,8.928296704089924,1,4.0,0.4788392270882211,1,4.0,0.7384566390487061,1,0.0,0.5481772989759132,3,8.0
200.0,4,2.0,0.07142857142857142,7.252019507960905,2,4.0,0.279611540942021,0,0.0,0.597025316855098,2,1.0,0.418230219356656,4,5.0
205.0,0,0.0,0.0,10.021345671689037,0,2.0,0.6114199625224648,0,0.0,0.7110389827895222,0,2.0,0.7474191055909065,0,4.0
210.0,1,4.0,0.14285714285714285,11.490652083270918,0,0.0,0.8508976006921719,0,2.0,0.9407182505212442,1,6.0,0.6645000121616601,1,8.0
215.0,0,0.0,0.0,9.986644579622256,0,0.0,0.9027037807411269,0,2.0,0.7282107716671562,0,4.0,0.5702451846064972,0,6.0
220.0,5,15.0,0.5,9.14766015286772,1,2.0,0.4006046341080574,1,7.0,0.7629173754217339,3,10.0,0.34648683169703587,5,19.0
225.0,0,0.0,0.0,7.850475723788093,0,0.0,0.609118961390172,0,0.0,0.3719286701121953,0,9.0,0.5468913093452418,0,9.0
230.0,3,11.0,0.4583333333333333,10.56787958176106,1,4.0,0.48541031137495066,2,9.0,0.670308509589952,0,0.0,0.8562241675238358,3,13.0
235.0,2,17.0,0.7391304347826086,9.767659723908533,0,0.0,0.779435766383529,2,19.0,0.5872647418198539,0,0.0,0.4485645939927158,2,19.0
240.0,1,2.0,0.08695652173913043,9.357469984386766,0,0.0,0.7030474610902868,0,5.0,0.746822999851326,1,2.0,0.5067818835514795,1,7.0
245.0,2,10.0,0.43478260869565216,10.499548642319084,1,5.0,0.711870921072541,0,2.0,0.9109540357081625,1,7.0,0.6093309296019123,2,14.0
250.0,3,20.0,0.9090909090909091,10.103721846448904,1,10.0,0.7186021560262357,0,2.0,0.9801589161251291,2,12.0,0.6263421601692946,3,24.0
255.0,1,17.0,0.85,10.11730280103603,0,2.0,0.7299987578912821,0,0.0,0.9335418911476002,1,17.0,0.6159573456491507,1,19.0
260.0,4,7.0,0.3181818181818182,7.417330875067204,4,9.0,0.30752168809135083,0,0.0,0.9461520581143338,0,3.0,0.6332591245627579,4,12.0
265.0,1,1.0,0.05263157894736842,8.19334549399107,1,11.0,0.4128802033848871,0,2.0,0.9515844587225036,0,0.0,0.7571039748930377,1,13.0
270.0,0,0.0,0.0,10.767124939022857,0,1.0,0.6984658779012088,0,4.0,0.8629994979914024,0,0.0,0.6481028885062161,0,5.0
275.0,0,0.0,0.0,10.600438897405773,0,0.0,0.6831350808417515,0,4.0,0.8608416915821849,0,0.0,0.611790223511497,0,4.0
280.0,3,4.0,0.13793103448275862,9.487245930432547,0,0.0,0.6893622478928983,1,2.0,0.7385267070532309,2,4.0,0.5122910157734603,3,6.0
285.0,2,6.0,0.2,8.358379326272122,1,4.0,0.6727382954627958,0,0.0,0.3605544156004479,1,8.0,0.5695299364574726,2,12.0
290.0,6,24.0,0.8,8.14868747263542,0,1.0,0.6760471396892941,5,17.0,0.27330831139693923,1,7.0,0.5444807310650817,6,25.0
295.0,7,44.0,1.4193548387096775,7.258999874679346,2,2.0,0.4276294281445116,5,44.0,0.41651940382337926,0,0.0,0.5066679367646468,7,46.0
300.0,3,10.0,0.3333333333333333,8.846141548571032,1,2.0,0.6054586227850107,0,36.0,0.6320714089982457,2,8.0,0.485643975103148,3,46.0
305.0,1,7.0,0.22580645161290322,10.708957698134638,1,9.0,0.7647763622805994,0,4.0,0.8017807627507914,0,2.0,0.6567769889421042,1,15.0
310.0,1,5.0,0.2,11.536823771725656,0,2.0,0.9453857907160229,1,9.0,0.6487379969532812,0,2.0,0.9163133939568725,1,13.0
315.0,4,15.0,0.625,10.297259772986214,1,0.0,0.7823202601979428,2,17.0,0.5359820618071465,1,0.0,0.7260969537433853,4,17.0
320.0,2,25.0,1.0,9.9022612574531,0,0.0,0.4496549806885183,2,27.0,0.5973782535423853,0,0.0,0.7949476945691379,2,27.0
325.0,7,11.0,0.3548387096774194,7.925753056067189,4,10.0,0.2191659329575645,1,3.0,0.4209763638646783,2,0.0,0.658812312713166,7,13.0
330.0,3,11.0,0.3548387096774194,8.82956482055503,0,11.0,0.5995327016797001,2,12.0,0.5259706512768766,1,1.0,0.5600221358910045,3,24.0
335.0,6,36.0,1.2413793103448276,8.144831894308245,1,1.0,0.6295671176552704,2,24.0,0.424805414505284,3,15.0,0.2817715911658297,6,40.0
340.0,1,6.0,0.2222222222222222,8.752862847636543,1,6.0,0.598906508378216,0,14.0,0.6446576452197389,0,13.0,0.34589851292602547,1,33.0
345.0,3,12.0,0.48,10.342147848264599,2,13.0,0.6609735310761604,1,5.0,0.7498822495299232,0,2.0,0.7166758492800802,3,20.0
350.0,3,8.0,0.3333333333333333,9.840905853462298,2,4.0,0.6186603621135391,1,8.0,0.7776387870242603,0,2.0,0.6979146142091809,3,14.0
355.0,5,22.0,0.88,8.891560074806902,2,11.0,0.541241339525646,2,13.0,0.5967037185922942,1,2.0,0.7495247585354193,5,26.0
360.0,2,23.0,0.92,9.329916224933111,0,6.0,0.6696160072137094,2,23.0,0.4562033971871141,0,0.0,0.8962143205064506,2,29.0
365.0,2,33.0,1.2222222222222223,9.498169465356739,0,0.0,0.7745169799894261,2,35.0,0.40285160925414776,0,0.0,0.7002379844547286,2,35.0
370.0,2,5.0,0.15151515151515152,9.739292466961864,1,5.0,0.727925136366148,0,2.0,0.7826068638019077,1,0.0,0.5128702505290862,2,7.0
375.0,5,18.0,0.5142857142857142,9.607469091384067,2,10.0,0.622383146930523,0,2.0,0.9421921782500297,3,8.0,0.31457700128011373,5,20.0
380.0,2,3.0,0.0967741935483871,8.847564283317658,1,1.0,0.45339734370736057,1,2.0,0.6038031847895333,0,1.0,0.7429748607359095,2,4.0
385.0,6,24.0,0.8571428571428571,8.118898433046969,4,17.0,0.4145385006585668,1,9.0,0.6072764594345023,1,0.0,0.6809130181342585,6,26.0
390.0,4,20.0,0.7407407407407407,8.57593342837486,1,17.0,0.47965116214824177,1,14.0,0.7293180374570795,2,6.0,0.666334137252212,4,37.0
395.0,5,34.0,1.1724137931034482,9.823466200998842,0,2.0,0.8404474287575301,2,22.0,0.7120076811314198,3,16.0,0.5724223593507031,5,40.0
400.0,2,1.0,0.037037037037037035,9.423764759814663,0,0.0,0.9319259406873142,0,4.0,0.794909597420298,2,1.0,0.5529510697232927,2,5.0
405.0,5,20.0,0.6666666666666666,8.181783664649702,0,0.0,1.0,2,10.0,0.5687545187272123,3,14.0,0.34133632935018765,5,24.0
410.0,2,1.0,0.043478260869565216,6.856592593999927,1,0.0,0.0,1,10.0,0.5624062049160341,0,12.0,0.4661906115630321,2,22.0
415.0,2,3.0,0.125,9.354517198399238,0,2.0,0.5993837598310855,1,5.0,0.6565241736996326,1,1.0,0.7180306059965618,2,8.0
420.0,4,17.0,0.6538461538461539,10.817036988832083,1,2.0,0.719531022205439,2,13.0,0.7080046717524989,1,6.0,0.8053491747177225,4,21.0
425.0,1,11.0,0.4230769230769231,9.974240702943861,0,2.0,0.7626465871699416,0,2.0,0.6629443344923839,1,11.0,0.6417767532332532,1,15.0
430.0,3,6.0,0.23076923076923078,9.03518474544337,0,0.0,0.6950001044497695,2,7.0,0.46870727132580203,1,1.0,0.5441542617244062,3,8.0
435.0,4,13.0,0.52,7.727781932818466,0,0.0,0.6892148584435773,1,7.0,0.3098542385188617,3,12.0,0.21857367265819072,4,19.0
440.0,5,15.0,0.6521739130434783,7.47541331282684,3,8.0,0.4793082667142096,0,1.0,0.7377337252107917,2,22.0,0.43506381024611035,5,31.0
445.0,1,2.0,0.07692307692307693,8.751832521692828,0,7.0,0.5527918326315538,1,3.0,0.3935371589863526,0,10.0,0.6233662678476658,1,20.0
450.0,4,19.0,0.7916666666666666,9.31869626629186,1,6.0,0.6315352791271135,2,11.0,0.5672158277682562,1,5.0,0.5722003807619559,4,22.0
455.0,1,0.0,0.0,8.74143757579546,1,0.0,0.5201887326735858,0,0.0,0.7103375940440498,0,0.0,0.5929256659685823,1,0.0
460.0,3,8.0,0.32,10.566128202432397,1,7.0,0.6275871074650622,1,2.0,0.7084313296827822,1,5.0,0.6850684315136014,3,14.0
465.0,1,3.0,0.125,10.869448389314734,1,5.0,0.7869592484627984,0,2.0,0.8434968507535796,0,2.0,0.7532357780964349,1,9.0
470.0,3,10.0,0.38461538461538464,9.751590214305356,2,12.0,0.5734326066388112,0,2.0,0.6316068290999338,1,2.0,0.7551126118119436,3,16.0
475.0,3,5.0,0.19230769230769232,8.985405542304802,1,8.0,0.43439708330718013,2,6.0,0.6746580472896593,0,0.0,0.8438907722181894,3,14.0
480.0,1,0.0,0.0,9.68459547167821,0,1.0,0.413449850959495,0,4.0,0.6368388017583785,1,0.0,0.7632697596713566,1,5.0
485.0,6,17.0,0.5483870967741935,8.525691024007452,1,1.0,0.19954572188364794,3,17.0,0.6073055887356135,2,3.0,0.3876554031199122,6,21.0
490.0,6,21.0,0.7241379310344828,7.767619704402371,2,10.0,0.30558352474573014,2,16.0,0.5297375944973928,2,8.0,0.5696708803581176,6,34.0
495.0,4,14.0,0.5,7.973803124573648,1,10.0,0.6338936078541543,2,13.0,0.51113445326547,1,2.0,0.6287467658048586,4,25.0
500.0,1,6.0,0.1875,8.345428695876386,1,8.0,0.60598275078607,0,11.0,0.4528528395967723,0,2.0,0.6452424916018111,1,21.0
505.0,5,12.0,0.375,8.055000818686068,0,2.0,0.7025754879613544,4,14.0,0.2689255044145798,1,2.0,0.6656919429474792,5,18.0
510.0,4,13.0,0.41935483870967744,7.700054288378452,2,8.0,0.35282528413974124,0,16.0,0.5671976163665567,2,7.0,0.6076491621159351,4,31.0
515.0,1,3.0,0.1,7.6701814376048905,1,13.0,0.4812684971573157,0,0.0,0.8874750212497103,0,4.0,0.5539468409293327,1,17.0
520.0,8,17.0,0.4857142857142857,7.873898142757131,2,8.0,0.57953781818893,0,0.0,0.9332009988484273,6,16.0,0.2681244690569843,8,24.0
525.0,1,4.0,0.11764705882352941,9.35458698970098,1,9.0,0.759147685681168,0,2.0,0.7185909202645233,0,22.0,0.42950307633794504,1,33.0
530.0,3,12.0,0.3333333333333333,8.650826902400716,3,17.0,0.49585799684080983,0,4.0,0.8213039392255861,0,0.0,0.4185794878371397,3,21.0
535.0,3,4.0,0.11428571428571428,8.46626046339533,2,15.0,0.4045507184554281,0,4.0,0.8603818520204657,1,1.0,0.664863921756266,3,20.0
540.0,3,13.0,0.3611111111111111,9.171957730029996,1,5.0,0.4608906869043002,0,6.0,0.9013209071397352,2,11.0,0.4943355993489614,3,22.0
545.0,3,8.0,0.21621621621621623,8.627130195050231,2,7.0,0.5300738811990718,1,3.0,0.6029872639196472,0,8.0,0.5435759265335798,3,18.0
550.0,4,7.0,0.16666666666666666,9.641027617767556,1,1.0,0.7473362714283216,1,10.0,0.674620700169008,2,0.0,0.4600375307600788,4,11.0
555.0,2,17.0,0.4146341463414634,10.433061722892498,1,6.0,0.6555293272750642,1,13.0,0.7199503644032037,0,0.0,0.7314609849498082,2,19.0
560.0,3,5.0,0.13157894736842105,8.548368262961171,1,6.0,0.5140058741503267,1,5.0,0.4085136873808084,1,4.0,0.6922807163071424,3,15.0
565.0,5,13.0,0.3611111111111111,8.514368843575177,0,0.0,0.5668243275173036,4,16.0,0.4134257980882074,1,4.0,0.43019371764260733,5,20.0
570.0,3,7.0,0.21875,8.599421627056014,2,1.0,0.42629193594021153,0,17.0,0.6229208755228325,1,6.0,0.5714574822219775,3,24.0
575.0,4,20.0,0.5714285714285714,9.785646160533847,1,8.0,0.6798923074728682,1,7.0,0.7075281040151197,2,13.0,0.572635100295228,4,28.0
580.0,2,12.0,0.34285714285714286,9.848340480267732,1,13.0,0.7024855032316827,1,5.0,0.6043103832956551,0,2.0,0.8246336434313076,2,20.0
585.0,5,13.0,0.37142857142857144,7.287066028136553,1,4.0,0.4985152055269249,3,15.0,0.3793002801828439,1,4.0,0.5730743321219728,5,23.0
590.0,8,16.0,0.4444444444444444,5.5641597427123815,4,8.0,0.26636975310855504,3,22.0,0.2615645750750219,1,0.0,0.44373765737191784,8,30.0
595.0,0,0.0,0.0,8.96962051314113,0,9.0,0.609973583415127,0,15.0,0.5068431210691602,0,2.0,0.8682454140289179,0,26.0
600.0,2,2.0,0.05128205128205128,9.896404302047387,1,0.0,0.701809725178122,1,10.0,0.5882034865774928,0,2.0,0.7664419921471788,2,12.0
605.0,1,1.0,0.02631578947368421,9.927962739178696,0,0.0,0.6175930682207064,1,5.0,0.6477411329041786,0,2.0,0.8674769889743563,1,7.0
610.0,7,23.0,0.5897435897435898,8.119526562221912,3,8.0,0.40353594367758494,4,19.0,0.448376090431522,0,0.0,0.6599892748137568,7,27.0
615.0,4,7.0,0.1891891891891892,5.517462682897594,3,16.0,0.11616479985351305,0,15.0,0.45529888135866664,1,1.0,0.42338442063709186,4,32.0
620.0,6,19.0,0.5428571428571428,7.553318003188906,0,10.0,0.5433471710593716,1,5.0,0.44731071077435125,5,18.0,0.3795665609930778,6,33.0
625.0,2,14.0,0.3888888888888889,8.84628955926524,0,2.0,0.6969306943080551,1,10.0,0.6928097461856423,1,21.0,0.42286829389210834,2,33.0
630.0,3,21.0,0.6,9.689634298345892,2,8.0,0.6048529281975402,1,17.0,0.7919566164513338,0,8.0,0.5471410822319616,3,33.0
635.0,1,18.0,0.4864864864864865,9.80067051896845,0,0.0,0.5461324543544537,1,20.0,0.7496486550142311,0,0.0,0.7127908388227727,1,20.0
640.0,4,34.0,1.0,9.46784853010026,2,6.0,0.4678712717920641,1,23.0,0.6678204360163852,1,5.0,0.6068015321764512,4,34.0
645.0,6,45.0,1.3235294117647058,7.823550822351187,3,9.0,0.37731866986368806,1,28.0,0.5238280650509219,2,13.0,0.6124813620177529,6,50.0
650.0,3,29.0,0.8285714285714286,9.304998574758876,1,10.0,0.5743467528299901,0,2.0,0.8374120223923033,2,23.0,0.6233617015922523,3,35.0
655.0,5,44.0,1.1578947368421053,9.078265273340799,2,11.0,0.5391467683728524,0,2.0,0.6946628789968429,3,33.0,0.5505562018246754,5,46.0
660.0,3,23.0,0.6388888888888888,9.027785684693674,2,19.0,0.5479093623210922,1,6.0,0.6330556904051284,0,1.0,0.567548020746755,3,26.0
665.0,4,6.0,0.14634146341463414,7.9369657593855605,1,6.0,0.3557386105678237,0,0.0,0.5731862256782105,3,6.0,0.3042964307303912,4,12.0
670.0,7,32.0,0.8888888888888888,8.10722670435535,1,6.0,0.5382191335492742,1,5.0,0.48367155163952424,5,23.0,0.38886847543648695,7,34.0
675.0,4,16.0,0.5,7.850142723539164,1,8.0,0.5183000575812813,2,15.0,0.3658283804934903,1,16.0,0.6102030328741334,4,39.0
680.0,3,10.0,0.3333333333333333,8.933513439067173,3,10.0,0.4733465081027128,0,4.0,0.6984694116343119,0,0.0,0.6808826235271112,3,14.0
685.0,3,4.0,0.11764705882352941,9.428938764169134,1,10.0,0.4546038601118085,0,4.0,0.9296786119473586,2,3.0,0.5188475610804797,3,17.0
690.0,2,14.0,0.42424242424242425,11.083351638362398,1,6.0,0.6850923716195245,0,2.0,0.9128376069406402,1,8.0,0.6626549814920799,2,16.0
695.0,1,13.0,0.4642857142857143,10.676790954688057,0,0.0,0.9528822962117065,0,0.0,0.9214627010228739,1,13.0,0.6669030884797181,1,13.0
700.0,1,0.0,0.0,9.538893236176106,1,0.0,0.5616337918993947,0,0.0,0.8615003655513568,0,1.0,0.6680740644072564,1,1.0
705.0,2,5.0,0.16129032258064516,10.67970498493411,0,0.0,0.7602228519506867,0,0.0,0.9682444665896862,2,5.0,0.6230436498874119,2,5.0
710.0,1,2.0,0.06666666666666667,8.999024594821021,0,0.0,0.8158450758428216,1,2.0,0.7176864525137054,0,7.0,0.4176081248176277,1,9.0
715.0,3,13.0,0.43333333333333335,9.44981486338101,1,4.0,0.45550565427471873,1,9.0,0.723717495806656,1,2.0,0.6441085529969864,3,15.0
720.0,3,4.0,0.11428571428571428,9.146216885768204,1,3.0,0.6084558564556161,1,4.0,0.6417835923659173,1,2.0,0.6066458199917556,3,9.0
725.0,5,20.0,0.5714285714285714,9.110756543837383,1,0.0,0.4449611022605434,1,9.0,0.6703608129229842,3,13.0,0.5373993992248968,5,22.0
730.0,7,11.0,0.3548387096774194,5.819293990469042,1,0.0,0.5572320454148669,0,1.0,0.4079757587768249,6,24.0,0.21345662381211516,7,25.0
735.0,4,16.0,0.5161290322580645,8.501065408314052,0,0.0,0.7672816897432018,2,6.0,0.6421922672056545,2,21.0,0.4067318279606693,4,27.0
740.0,3,22.0,0.6470588235294118,9.909282975791998,0,0.0,0.7439070346718961,0,2.0,0.8409776574079438,3,24.0,0.5555997056453252,3,26.0
745.0,2,4.0,0.10526315789473684,8.697119575658713,1,4.0,0.6225121606067144,1,2.0,0.6022611751932937,0,3.0,0.5154973576106938,2,9.0
750.0,4,9.0,0.24324324324324326,7.763453828020974,1,2.0,0.4593207056664537,0,0.0,0.6527294683940003,3,11.0,0.4169729118778531,4,13.0
755.0,7,31.0,0.8378378378378378,8.376281929277075,1,0.0,0.6884380616637469,1,2.0,0.5754162151339245,5,35.0,0.27071844903529924,7,37.0
760.0,2,4.0,0.10526315789473684,8.307376211874997,0,0.0,0.6401083790994113,1,4.0,0.7170182986514838,1,27.0,0.29317310992409473,2,31.0
765.0,6,18.0,0.391304347826087,8.776618121613993,2,0.0,0.6528609123861738,2,13.0,0.5764775836363012,2,9.0,0.46818529244891477,6,22.0
770.0,6,17.0,0.3617021276595745,8.462058307695875,3,4.0,0.5684743062943678,1,11.0,0.4186650093965785,2,12.0,0.5958743829537962,6,27.0
775.0,7,34.0,0.7555555555555555,6.212359973740787,2,7.0,0.2944830239860241,3,14.0,0.2829969736136495,2,19.0,0.6476305396296483,7,40.0
780.0,8,51.0,1.186046511627907,6.899721571826155,2,11.0,0.49211007290234143,3,26.0,0.47464508806276423,3,30.0,0.38649578933854667,8,67.0
785.0,9,38.0,0.8444444444444444,7.910577958470047,3,20.0,0.5779732782230476,5,30.0,0.48880941716373943,1,12.0,0.5761906846401388,9,62.0
790.0,4,13.0,0.2708333333333333,8.319308770879076,1,2.0,0.5708250380527709,2,36.0,0.5168060629248715,1,7.0,0.6647595032899937,4,45.0
795.0,9,35.0,0.7142857142857143,7.595230567017711,5,18.0,0.26595008623214844,4,32.0,0.3553725329032593,0,3.0,0.7391328046378876,9,53.0
800.0,7,19.0,0.4222222222222222,6.628517738091142,2,27.0,0.30746390738276685,3,35.0,0.41268923620104764,2,2.0,0.5455278522990796,7,64.0
805.0,1,0.0,0.0,8.490665621221135,0,8.0,0.5511118131089378,0,23.0,0.5718682383575483,1,2.0,0.6586231539130122,1,33.0
810.0,4,10.0,0.2127659574468085,9.276124628405723,3,13.0,0.46447364308229644,1,12.0,0.7020562113059724,0,2.0,0.6767604757620441,4,27.0
815.0,6,34.0,0.723404255319149,8.136956962600639,4,29.0,0.4634173030366909,2,15.0,0.6121714545078807,0,2.0,0.5435483569834426,6,46.0
820.0,6,41.0,0.8913043478260869,7.415442713028384,3,35.0,0.4527915204473454,2,24.0,0.37515738922740355,1,3.0,0.5960221748508782,6,62.0
825.0,6,47.0,1.0,8.025629645750694,2,26.0,0.45144092135868863,3,40.0,0.5354937824438207,1,8.0,0.6027919588053372,6,74.0
830.0,3,3.0,0.058823529411764705,8.039659728819831,1,8.0,0.5060881143807846,0,27.0,0.6382839425223404,2,6.0,0.4643062034330839,3,41.0
835.0,4,20.0,0.3508771929824561,8.631441042281478,0,2.0,0.5712420480697066,0,3.0,0.693680759764044,4,20.0,0.36885328381103977,4,25.0
840.0,8,14.0,0.2692307692307692,7.015570938259633,3,7.0,0.45260279220497723,1,1.0,0.5925745803206279,4,27.0,0.29847286513108645,8,35.0
845.0,8,40.0,0.8163265306122449,6.9833416624193205,5,27.0,0.28533768229692846,1,8.0,0.5820309682251246,2,15.0,0.48207697199722893,8,50.0
850.0,13,45.0,0.8653846153846154,6.7017981408248595,5,32.0,0.37144273280652146,3,20.0,0.5776438771446086,5,18.0,0.4596100039318311,13,70.0
855.0,9,68.0,1.3333333333333333,8.12040852536586,1,25.0,0.4997356818077198,3,35.0,0.5039716372022697,5,41.0,0.5120962025548651,9,101.0
860.0,8,57.0,1.0555555555555556,6.970218340951335,2,7.0,0.537347647100234,3,50.0,0.5494478045109282,3,38.0,0.29422567531085986,8,95.0
865.0,1,5.0,0.08771929824561403,8.827022337377418,0,2.0,0.6549829752744954,0,21.0,0.7374066770610344,1,17.0,0.4413468102142137,1,40.0
870.0,6,11.0,0.18032786885245902,8.293604116466547,1,2.0,0.6203415641154097,1,7.0,0.6907869649261794,4,20.0,0.3613950424736427,6,29.0
875.0,12,41.0,0.640625,6.934658775675967,2,4.0,0.4820466368046213,1,6.0,0.44678531018496276,9,51.0,0.3215310191701056,12,61.0
880.0,11,40.0,0.6153846153846154,6.5897726089334,6,18.0,0.43011217521059153,1,7.0,0.18226138846746684,4,60.0,0.39778791700771,11,85.0
885.0,7,22.0,0.3548387096774194,7.512238318408747,2,30.0,0.4762510270469453,2,12.0,0.4499756553662809,3,23.0,0.5018199824586729,7,65.0
890.0,4,4.0,0.06779661016949153,8.143393264923944,2,4.0,0.5131816816962261,1,7.0,0.6218365177210179,1,15.0,0.5141407156023672,4,26.0
895.0,9,37.0,0.6271186440677966,8.376163552619504,1,6.0,0.6174521454567902,3,18.0,0.5650037662589861,5,28.0,0.3589607207575238,9,52.0
900.0,13,61.0,1.0517241379310345,6.5221808986361305,2,11.0,0.4405550737478599,5,40.0,0.4603512343382765,6,38.0,0.18689942189265132,13,89.0
905.0,11,61.0,1.150943396226415,6.020816547118138,2,20.0,0.36218304384896793,6,56.0,0.32911896248424105,3,33.0,0.3207245184791083,11,109.0
910.0,10,43.0,0.7818181818181819,7.047609880072635,1,1.0,0.5712885141949836,6,61.0,0.3585915667613838,3,31.0,0.5645312444221842,10,93.0
915.0,8,66.0,1.1785714285714286,8.547921203414758,0,1.0,0.7848519227099925,5,60.0,0.43781854527441955,3,38.0,0.5944276817173227,8,99.0
920.0,5,47.0,0.8245614035087719,9.089554374485791,0,1.0,0.7441928616013663,4,63.0,0.546506143139347,1,32.0,0.6943140694839997,5,96.0
925.0,9,68.0,1.1333333333333333,8.561296487806858,3,5.0,0.6744576434961159,4,72.0,0.5452149300673674,2,11.0,0.4983200766312996,9,88.0
930.0,7,7.0,0.11475409836065574,6.35224664448167,3,3.0,0.5358292088371738,1,36.0,0.4806958298836621,3,15.0,0.34239342278818635,7,54.0
935.0,12,49.0,0.7313432835820896,6.264545733778061,6,24.0,0.4212069992533059,5,30.0,0.2874149051862451,1,13.0,0.3807906959313277,12,67.0
940.0,11,37.0,0.5441176470588235,5.894955420989219,5,31.0,0.30276715568031004,4,46.0,0.3510365649498355,2,20.0,0.39163027290476865,11,97.0
945.0,12,64.0,0.9411764705882353,7.851342224871483,5,28.0,0.411535719907866,3,35.0,0.5523023143424212,4,41.0,0.539190869687362,12,104.0
950.0,13,97.0,1.3661971830985915,7.728227377124316,5,37.0,0.356566376651474,4,36.0,0.5879126741955734,4,61.0,0.6241660622827547,13,134.0
955.0,13,43.0,0.589041095890411,7.122911793140026,11,58.0,0.3672139403519869,1,27.0,0.423650064754424,1,29.0,0.5799020338555493,13,114.0
960.0,22,129.0,1.8428571428571427,6.262668837220448,13,108.0,0.24227741590318716,5,26.0,0.21250909431585227,4,15.0,0.36041223959999125,22,149.0
965.0,18,101.0,1.5538461538461539,4.7727965330997835,12,142.0,0.1558651135212381,3,38.0,0.24692923241238854,3,23.0,0.2924364235954898,18,203.0
970.0,7,24.0,0.41379310344827586,6.822367897481567,6,129.0,0.3299143758933458,1,22.0,0.575568441385876,0,11.0,0.5461196770223068,7,162.0
975.0,9,13.0,0.20634920634920634,7.294659588521884,3,116.0,0.35827765210888324,4,25.0,0.48353275970722104,2,7.0,0.6059341399610848,9,148.0
980.0,13,62.0,0.9253731343283582,7.569930193608863,8,137.0,0.25292167078744937,4,44.0,0.5294093608569167,1,10.0,0.687427827952433,13,191.0
985.0,11,37.0,0.5606060606060606,6.233198329970449,7,137.0,0.1610396430418249,3,44.0,0.400297421261655,1,0.0,0.6701520846334609,11,181.0
990.0,7,21.0,0.3684210526315789,6.1765313095017955,4,100.0,0.2995014195631177,2,26.0,0.27464757185875927,1,3.0,0.5948296175873513,7,129.0
995.0,7,43.0,0.7818181818181819,7.234172782516782,3,50.0,0.44296752904970865,4,28.0,0.3869418379815293,0,3.0,0.614995007481019,7,81.0
1000.0,5,32.0,0.5333333333333333,8.418024808465614,3,45.0,0.5904267058987973,1,24.0,0.5586239086617909,1,2.0,0.5098988217688799,5,71.0
1005.0,10,60.0,0.9090909090909091,8.21878975211107,3,48.0,0.5621125624785868,4,19.0,0.5148264288908146,3,2.0,0.46242555161053506,10,69.0
1010.0,19,130.0,1.9402985074626866,6.9067614414818745,6,66.0,0.508509004055059,10,58.0,0.2992630439783561,3,12.0,0.5297444295655971,19,136.0
1015.0,15,51.0,0.7727272727272727,5.305702291834907,2,30.0,0.33408901703221366,10,90.0,0.17354782455252898,3,1.0,0.5445286828863883,15,121.0
1020.0,12,50.0,0.746268656716418,6.248962978787085,6,25.0,0.3982477683890797,5,91.0,0.21208927717506312,1,8.0,0.5707348122441457,12,124.0
1025.0,6,26.0,0.38235294117647056,7.186136802042705,2,34.0,0.5205594522261685,3,67.0,0.3451359884470314,1,5.0,0.5540322247754625,6,106.0
1030.0,8,45.0,0.6617647058823529,8.377900395968013,1,10.0,0.6238990477178767,4,61.0,0.5121359587603109,3,12.0,0.6123484249189,8,83.0
1035.0,10,15.0,0.20833333333333334,7.662962806081342,3,6.0,0.5918366289032293,2,41.0,0.5268246402661634,5,17.0,0.44353023181206325,10,64.0
1040.0,14,63.0,0.8181818181818182,7.5414606841825105,3,16.0,0.57956407839767,6,44.0,0.3778579083407349,5,23.0,0.431997358485803,14,83.0
1045.0,5,12.0,0.15384615384615385,6.904987384925755,1,9.0,0.4378956570804716,3,45.0,0.4307030888686697,1,20.0,0.40875749590878696,5,74.0
1050.0,16,38.0,0.4810126582278481,6.593866307539796,7,19.0,0.42819095021698966,3,26.0,0.32001628189394027,6,20.0,0.3779005600448914,16,65.0
1055.0,24,133.0,1.8472222222222223,6.05048425076875,9,60.0,0.40674867304999623,4,24.0,0.3389184962894225,11,65.0,0.31776763836223226,24,149.0
1060.0,19,90.0,1.267605633802817,4.4437248203583355,7,77.0,0.30762569014748875,2,21.0,0.30995096869444544,10,96.0,0.22651085090059359,19,194.0
1065.0,10,39.0,0.5064935064935064,5.8149025519237005,0,36.0,0.35187482863207964,5,37.0,0.3251551986000416,5,91.0,0.25412484028276294,10,164.0
1070.0,13,57.0,0.7307692307692307,6.8255549747903,2,34.0,0.40371856217363167,8,69.0,0.40930347221030333,3,85.0,0.3346454305814207,13,188.0
1075.0,23,97.0,1.2435897435897436,5.4575410565910465,7,57.0,0.2205354867110784,6,76.0,0.3176383963717078,10,114.0,0.2090368184442655,23,247.0
1080.0,21,78.0,1.0985915492957747,4.61596627417034,7,70.0,0.3140843736020225,5,75.0,0.2617716281157484,9,125.0,0.23866944769890316,21,270.0
1085.0,13,43.0,0.589041095890411,6.269293556595045,5,55.0,0.3585440820260627,3,62.0,0.5736549226958175,5,100.0,0.35124176587598327,13,217.0
1090.0,10,35.0,0.4430379746835443,7.519613013245506,3,42.0,0.4393823477154928,2,53.0,0.5384141428270818,5,63.0,0.448075950588674,10,158.0
1095.0,12,51.0,0.6,7.388889773912516,3,36.0,0.378053896096999,7,77.0,0.4712120702152772,2,54.0,0.41207017492761183,12,167.0
1100.0,13,48.0,0.6075949367088608,5.954871053441437,1,23.0,0.5174108871834259,6,86.0,0.2365288048221538,6,74.0,0.24149441202750827,13,183.0
1105.0,14,47.0,0.6103896103896104,5.278396762944312,2,31.0,0.35769498214369766,4,57.0,0.1847250768520863,8,89.0,0.2238766866690039,14,177.0
1110.0,11,39.0,0.5735294117647058,6.2874108304144976,4,38.0,0.39089004198879224,3,39.0,0.35087486331421086,4,66.0,0.42986178936800573,11,143.0
1115.0,8,47.0,0.6619718309859155,7.178377223365524,2,28.0,0.4665461358499533,5,50.0,0.5329002711583011,1,36.0,0.4848270922826892,8,114.0
1120.0,7,26.0,0.325,7.600182003989113,3,13.0,0.44963301028453545,0,29.0,0.5852129125305996,4,34.0,0.4974859344343078,7,76.0
1125.0,9,18.0,0.225,6.883360937418812,2,15.0,0.40599424495430964,5,24.0,0.48071910476560903,2,19.0,0.442990959368643,9,58.0
1130.0,16,60.0,0.75,4.936568763438847,6,37.0,0.23462936094018846,3,30.0,0.2143811344890948,7,36.0,0.2407117778337359,16,103.0
1135.0,19,53.0,0.6794871794871795,4.702960195832683,10,60.0,0.2767291995321393,1,23.0,0.26121833884393725,8,58.0,0.20979338383166948,19,141.0
1140.0,7,30.0,0.4166666666666667,6.588159741423876,3,55.0,0.3802468750901729,1,18.0,0.583880939632963,3,46.0,0.39127430722550544,7,119.0
1145.0,7,50.0,0.6329113924050633,7.849048702788777,2,42.0,0.42623459980494943,2,24.0,0.6838641103366493,3,30.0,0.4878308071125856,7,96.0
1150.0,6,32.0,0.4,7.389564631944627,4,37.0,0.4191355463841497,1,9.0,0.6706178397230366,1,22.0,0.4498917645029455,6,68.0
1155.0,12,40.0,0.47619047619047616,6.167088228728635,0,7.0,0.3959848191913289,4,18.0,0.45647840207370877,8,48.0,0.2783860659187831,12,73.0
1160.0,18,53.0,0.6309523809523809,4.912338770908765,6,25.0,0.2662783339051188,3,26.0,0.16346330081279808,9,72.0,0.22743686227343707,18,123.0
1165.0,14,43.0,0.5584415584415584,5.200799829598762,7,49.0,0.2734319368818513,1,13.0,0.3511414823519462,6,72.0,0.27636024993546787,14,134.0
1170.0,11,47.0,0.5949367088607594,6.8337406988580485,4,48.0,0.33455928867441787,2,6.0,0.5999691143905872,5,65.0,0.42174187681491465,11,119.0
1175.0,10,22.0,0.2682926829268293,7.330177967425248,5,39.0,0.35546474257969113,3,8.0,0.6277642625563886,2,50.0,0.4329161447793503,10,97.0
1180.0,14,56.0,0.6746987951807228,6.439723929042721,2,42.0,0.31629448825619344,4,25.0,0.48105897568450046,8,60.0,0.2957914524256458,14,127.0
1185.0,18,70.0,0.875,4.773621122923967,7,60.0,0.2133752823602721,3,29.0,0.2540805251933267,8,83.0,0.19085729422218073,18,172.0
1190.0,11,33.0,0.4342105263157895,4.707418934494728,6,77.0,0.29541608386958146,2,24.0,0.319065474877594,3,67.0,0.28509825121188365,11,168.0
1195.0,11,35.0,0.4166666666666667,7.050962650190539,3,54.0,0.37208740378346555,6,30.0,0.5073597234183945,2,38.0,0.4892215295864936,11,122.0
1200.0,7,9.0,0.10465116279069768,7.366095887816985,4,46.0,0.37672550982300573,3,27.0,0.5265496725093283,0,14.0,0.588809827894277,7,87.0
1205.0,15,60.0,0.6451612903225806,7.0853008345370805,6,63.0,0.27845008915832087,5,30.0,0.4644949340430336,4,15.0,0.5086781119095752,15,108.0
1210.0,16,67.0,0.7528089887640449,6.031723017038672,5,66.0,0.23147970189252184,6,45.0,0.309795070525046,5,32.0,0.5523801160728044,16,143.0
1215.0,15,49.0,0.5632183908045977,5.520332052652697,5,47.0,0.26982841501132077,6,49.0,0.30471297932634966,4,25.0,0.4399371384494668,15,121.0
1220.0,13,84.0,0.9767441860465116,6.114415693155152,2,45.0,0.2981106304832108,7,69.0,0.35416153475205464,4,21.0,0.4101430399437599,13,135.0
1225.0,24,184.0,2.2439024390243905,5.949879305316718,7,62.0,0.28747374442661366,7,103.0,0.38737713765567916,10,62.0,0.2903620413580007,24,227.0
1230.0,23,157.0,2.0933333333333333,3.9150797529684445,6,68.0,0.23597587864116343,4,93.0,0.20813824139210982,13,120.0,0.24257249587718538,23,281.0
1235.0,19,110.0,1.4666666666666666,3.9988655752585345,4,45.0,0.21129370119211835,7,53.0,0.26581014505748396,8,136.0,0.1768602812119421,19,234.0
1240.0,13,29.0,0.35802469135802467,5.566769213039732,4,37.0,0.25304632144252015,5,72.0,0.41773919653230823,4,99.0,0.3274077777220858,13,208.0
1245.0,6,26.0,0.3132530120481928,7.9941070699634205,2,30.0,0.3756138502629983,3,50.0,0.6742489474191286,1,41.0,0.5892782888001958,6,121.0
1250.0,8,33.0,0.38823529411764707,7.883867524974306,4,31.0,0.3502088080747264,2,16.0,0.5999904685193638,2,11.0,0.6126107681997293,8,58.0
1255.0,10,30.0,0.3448275862068966,6.8164040344727885,1,19.0,0.39295852248546664,7,42.0,0.40801166275239775,2,10.0,0.4549939818146362,10,71.0
1260.0,17,50.0,0.5681818181818182,5.781264608158814,6,23.0,0.3256004662215044,7,61.0,0.16074935802286738,4,12.0,0.32466152381762076,17,96.0
1265.0,9,34.0,0.44155844155844154,5.446410168881278,4,39.0,0.2907715568690058,3,52.0,0.258538793200785,2,23.0,0.38223137250103295,9,114.0
1270.0,10,41.0,0.5466666666666666,6.649039734042748,5,35.0,0.31948768824641244,1,38.0,0.5629403515649126,4,22.0,0.4421328346988692,10,95.0
1275.0,9,34.0,0.43037974683544306,6.712040447711985,5,46.0,0.4121142585776758,2,24.0,0.5632741521739525,2,29.0,0.44202248910310704,9,99.0
1280.0,19,70.0,0.813953488372093,5.541305663437326,4,49.0,0.30338392843911416,8,51.0,0.33342503410912394,7,38.0,0.29628382804936587,19,138.0
1285.0,22,82.0,0.9879518072289156,4.639895496301086,6,56.0,0.24671516049906134,8,74.0,0.19906458697062152,8,55.0,0.2681654500088373,22,185.0
1290.0,17,60.0,0.7407407407407407,4.797695977742756,8,79.0,0.296689482995822,4,68.0,0.23792733433830981,5,57.0,0.35938978671848093,17,204.0
1295.0,11,53.0,0.6385542168674698,6.077560366345256,6,72.0,0.3616225498664685,3,57.0,0.4549890367602494,2,56.0,0.39871168507899263,11,185.0
1300.0,14,32.0,0.3595505617977528,5.985914466481284,4,66.0,0.35857583786386715,1,38.0,0.43899720559909383,9,59.0,0.3252978069485319,14,163.0
1305.0,28,132.0,1.4193548387096775,4.918143474164587,7,68.0,0.2538172654323769,7,53.0,0.24078232690307466,14,106.0,0.1922495221142512,28,227.0
1310.0,33,176.0,2.0,4.10667106643736,13,121.0,0.20409641532166065,8,71.0,0.17614748345272918,12,136.0,0.22915123928368958,33,328.0
1315.0,23,101.0,1.160919540229885,4.552932435975762,14,155.0,0.20337081400936552,5,55.0,0.3166726479675751,4,104.0,0.3587763387575041,23,314.0
1320.0,14,47.0,0.5053763440860215,5.912137248843292,9,134.0,0.2724567229231242,3,40.0,0.5317106708314722,2,92.0,0.39640772288628134,14,266.0
1325.0,18,78.0,0.8125,5.994045181071141,5,138.0,0.27417464549956194,5,47.0,0.5755582948106052,8,114.0,0.3523400782573177,18,299.0
1330.0,19,62.0,0.6458333333333334,4.628595093250698,11,183.0,0.17025859425993706,2,32.0,0.3613501020687725,6,114.0,0.25050159635787206,19,329.0
1335.0,22,57.0,0.6195652173913043,3.9262264912736655,13,200.0,0.1164483375109018,5,24.0,0.3841856224257599,4,80.0,0.1918069450691411,22,304.0
1340.0,16,82.0,0.8723404255319149,5.75696661678457,6,155.0,0.17845864086495677,7,57.0,0.5377144090284587,3,42.0,0.2883441312794618,16,254.0
1345.0,12,62.0,0.6888888888888889,6.917238934338523,7,128.0,0.23135452292047046,2,55.0,0.5942620587923527,3,40.0,0.4491816178840298,12,223.0
1350.0,14,92.0,1.0222222222222221,7.295836773355696,8,120.0,0.2793739808715107,3,22.0,0.4916210952699987,3,50.0,0.585293093293822,14,192.0
1355.0,12,91.0,0.9891304347826086,6.971308012358662,3,115.0,0.3089907388462876,4,23.0,0.4694180624916722,5,62.0,0.5515137722090461,12,200.0
1360.0,9,28.0,0.3111111111111111,6.901655401860472,8,120.0,0.3586295059982869,1,11.0,0.3844890499942331,0,29.0,0.6402666861251508,9,160.0
1365.0,19,60.0,0.6741573033707865,5.370029338801811,8,129.0,0.23903747058003677,7,29.0,0.28208801381479437,4,14.0,0.28642703430326116,19,172.0
1370.0,17,50.0,0.5681818181818182,4.611993718981496,7,111.0,0.25781599489494345,8,56.0,0.23472313120202531,2,22.0,0.25396273633038613,17,189.0
1375.0,10,28.0,0.3076923076923077,5.80151092424411,2,99.0,0.33900065738400265,7,62.0,0.3189903310945112,1,13.0,0.545044427803808,10,174.0
1380.0,16,79.0,0.8315789473684211,6.326792555468276,9,124.0,0.31585927403057956,5,67.0,0.3485499814898352,2,5.0,0.6412789667919828,16,196.0
1385.0,15,57.0,0.5876288659793815,4.832213954090793,10,140.0,0.1916229233786205,1,54.0,0.26605487435690656,4,19.0,0.5309454641568694,15,213.0
1390.0,21,61.0,0.5922330097087378,5.10958530522893,12,115.0,0.1802756615346145,8,43.0,0.2800184174559653,1,12.0,0.5568301091372918,21,170.0
1395.0,24,97.0,0.941747572815534,5.399964023222546,8,142.0,0.19288906880465528,12,92.0,0.2829556653639745,4,8.0,0.45160426673185483,24,242.0
1400.0,26,107.0,1.07,4.452765442564596,10,163.0,0.1723838234986291,12,127.0,0.1724112406667576,4,20.0,0.3906973761490291,26,310.0
1405.0,24,83.0,0.8469387755102041,4.392703809472756,9,167.0,0.1798562693833862,11,134.0,0.2278937872478819,4,22.0,0.5173280628139874,24,323.0
1410.0,17,48.0,0.46601941747572817,4.660680820765773,6,140.0,0.19282815229007338,10,156.0,0.2828045607834295,1,16.0,0.47224175815204317,17,312.0
1415.0,25,96.0,0.897196261682243,5.604884018929949,8,118.0,0.21175679235636813,11,186.0,0.2474522755917423,6,30.0,0.43955457726644576,25,334.0
1420.0,19,99.0,0.9428571428571428,4.47393587506957,2,113.0,0.23436762041930828,8,195.0,0.1401550615879647,9,67.0,0.19079006006175775,19,375.0
1425.0,25,83.0,0.8469387755102041,3.9046565908019035,9,119.0,0.23289277639565928,8,166.0,0.10300168034682335,8,85.0,0.2816194680562449,25,370.0
1430.0,21,112.0,1.1546391752577319,5.655167481535079,14,171.0,0.2289649172947086,6,132.0,0.31104948362953216,1,52.0,0.4888965115947319,21,355.0
1435.0,19,125.0,1.3157894736842106,5.548930941530722,13,200.0,0.20074367111533759,5,125.0,0.3591694968926584,1,14.0,0.538139703987484,19,339.0
1440.0,16,67.0,0.6633663366336634,5.461835555198016,12,193.0,0.1541620707114294,1,104.0,0.38380219471588717,3,8.0,0.5758608181894176,16,305.0
1445.0,17,72.0,0.6605504587155964,5.884126758726381,8,169.0,0.2087886861290137,7,97.0,0.3463641242213463,2,16.0,0.5399519824829292,17,282.0
1450.0,22,84.0,0.7850467289719626,5.486286640842585,6,166.0,0.23188666338296798,12,137.0,0.3040539606574345,4,12.0,0.34827401443556827,22,315.0
1455.0,31,129.0,1.2169811320754718,4.496413625784483,10,194.0,0.19121101673636096,11,157.0,0.16855577601412303,10,39.0,0.24498033489374993,31,390.0
1460.0,30,150.0,1.4563106796116505,4.613983294406429,8,196.0,0.21596917403109975,9,140.0,0.16263382229056486,13,90.0,0.25679269471309846,30,426.0
1465.0,17,85.0,0.9444444444444444,4.524071056678158,4,153.0,0.237829611967898,4,129.0,0.30843646325081325,9,115.0,0.27647283078745877,17,397.0
1470.0,18,62.0,0.6666666666666666,5.245384126055456,4,103.0,0.2175115475866343,8,159.0,0.32530414004090147,6,93.0,0.3326339081298283,18,355.0
1475.0,14,50.0,0.5263157894736842,5.375743265382795,2,89.0,0.27668035282821035,7,157.0,0.27938211436159105,5,75.0,0.2730304347320597,14,321.0
1480.0,15,74.0,0.7474747474747475,4.708604008580935,6,109.0,0.19911338062710576,5,117.0,0.16439938409066446,4,76.0,0.4044797960249175,15,302.0
1485.0,13,60.0,0.6060606060606061,5.5194084699097585,7,114.0,0.28167702400004874,4,89.0,0.2728537389824535,2,73.0,0.4869917487929277,13,276.0
1490.0,13,38.0,0.3877551020408163,5.17282663982645,4,85.0,0.3424703739510335,5,87.0,0.2604658487694612,4,61.0,0.40503017500681526,13,233.0
1495.0,20,64.0,0.6213592233009708,5.25936946586267,7,72.0,0.2757544708724828,8,91.0,0.3201495376699724,5,58.0,0.3274699439129321,20,221.0
1500.0,24,97.0,0.9326923076923077,5.024870878688093,3,55.0,0.2494281508360465,12,140.0,0.31569179678062975,9,53.0,0.2753047250236754,24,248.0
1505.0,23,103.0,0.9716981132075472,4.482531624151157,9,75.0,0.2290549326591574,11,163.0,0.1326864683407305,3,70.0,0.31387511630646253,23,308.0
1510.0,24,86.0,0.8113207547169812,4.853222147896375,6,89.0,0.2897839648227217,11,150.0,0.17502426818356026,7,89.0,0.3485002250047079,24,328.0
1515.0,18,53.0,0.5096153846153846,4.714383075172328,4,64.0,0.318644749289696,6,174.0,0.26491358322030045,8,95.0,0.2551155068569871,18,333.0
1520.0,20,73.0,0.6886792452830188,4.728396233775491,4,54.0,0.2433518026893551,9,212.0,0.3096155719461941,7,88.0,0.2804352626996328,20,354.0
1525.0,25,70.0,0.6306306306306306,3.5212262674889043,10,80.0,0.1590391062601814,10,217.0,0.1322857294135929,5,98.0,0.27546366318791476,25,395.0
1530.0,26,99.0,0.8761061946902655,4.062068300697021,8,92.0,0.2181996209429644,10,193.0,0.13070302132551204,8,113.0,0.2583059196505378,26,398.0
1535.0,21,98.0,0.8990825688073395,4.238638651726086,5,77.0,0.26931630884980695,10,170.0,0.2296929894181044,6,116.0,0.27249416347566596,21,363.0
1540.0,19,125.0,1.146788990825688,4.88748622101851,2,70.0,0.3135966143005167,10,190.0,0.321632049009165,7,83.0,0.2799515710836378,19,343.0
1545.0,26,194.0,1.7017543859649122,4.8246169059873845,8,86.0,0.23240218982289,10,199.0,0.3151534914159175,8,105.0,0.2951123467389625,26,390.0
1550.0,24,137.0,1.1810344827586208,3.887892400844929,8,92.0,0.1797692631542127,8,185.0,0.3009327453389995,8,125.0,0.1961741174951305,24,402.0
1555.0,22,66.0,0.5789473684210527,3.6139890272904047,6,71.0,0.16191258957957938,9,177.0,0.2921092468093923,7,131.0,0.12682773645294818,22,379.0
1560.0,23,118.0,1.0535714285714286,4.456607672364564,6,50.0,0.21742469759823868,11,169.0,0.3300320512258887,6,114.0,0.1689476227127397,23,333.0
1565.0,25,171.0,1.5132743362831858,4.508647171345502,3,62.0,0.2588000047331909,16,201.0,0.276363521010039,6,104.0,0.18942602796996053,25,367.0
1570.0,29,170.0,1.5044247787610618,3.6231189935010546,10,92.0,0.15462812135873227,13,222.0,0.13188961253712644,6,112.0,0.15604649755063907,29,426.0
1575.0,30,106.0,0.9636363636363636,3.588754779323532,10,111.0,0.237431292671362,11,187.0,0.18727033152994219,9,125.0,0.16739421197865728,30,423.0
1580.0,16,77.0,0.7333333333333333,5.093263740696954,3,95.0,0.3432597781752013,7,139.0,0.36933162532275066,6,112.0,0.2250659112525324,16,346.0
1585.0,16,53.0,0.4818181818181818,4.872353219381455,4,60.0,0.2976678991120757,7,150.0,0.3619091832768755,5,124.0,0.19673956667260456,16,334.0
1590.0,17,61.0,0.5350877192982456,4.664079946700979,2,60.0,0.2726928566341797,8,155.0,0.30609324271585103,7,124.0,0.14526639379564174,17,339.0
1595.0,25,91.0,0.8198198198198198,3.763060918990782,7,74.0,0.19514375219804583,10,168.0,0.16831924144037144,8,137.0,0.09504686720595931,25,379.0
1600.0,31,143.0,1.375,3.9278832913399095,14,132.0,0.23470162084304447,9,161.0,0.19117565080417934,8,129.0,0.1871234780132014,31,422.0
1605.0,30,187.0,1.7641509433962264,4.630641790283904,13,161.0,0.25465904476495,10,130.0,0.3330177974450138,7,106.0,0.28238168685732995,30,397.0
1610.0,17,85.0,0.7727272727272727,4.6119097369794675,9,144.0,0.2553754106885359,4,127.0,0.3722907445525258,4,107.0,0.2626217301038578,17,378.0
1615.0,22,76.0,0.672566371681416,4.293984689448294,6,153.0,0.1877016943446007,7,94.0,0.3199160153767643,9,100.0,0.1682188694040829,22,347.0
1620.0,30,148.0,1.3214285714285714,3.9990644746159667,10,194.0,0.15628179802508846,11,116.0,0.20105741598376226,9,122.0,0.1115807719616559,30,432.0
1625.0,31,130.0,1.2621359223300972,3.4401050788465923,14,223.0,0.09096639221897071,10,134.0,0.1631174535542146,7,119.0,0.21266534441856463,31,476.0
1630.0,19,103.0,1.0,4.633109088747406,8,214.0,0.2066497042163868,7,117.0,0.35289645775764855,4,96.0,0.30444792575060975,19,427.0
1635.0,14,71.0,0.6574074074074074,4.9211300101863795,7,227.0,0.2591475277526412,5,87.0,0.3976005933737659,2,84.0,0.33100766903662904,14,398.0
1640.0,21,65.0,0.5555555555555556,4.9550558619504095,10,246.0,0.23486475554297445,4,73.0,0.32139016948463156,7,67.0,0.29924189297895987,21,386.0
1645.0,24,83.0,0.7345132743362832,3.998180403853669,9,245.0,0.1764000455700577,6,61.0,0.29842944343390393,9,82.0,0.1855251587011531,24,388.0
1650.0,31,117.0,1.073394495412844,3.8600477351054554,12,226.0,0.14004160101986568,11,104.0,0.32273443083153747,8,77.0,0.19206137297575318,31,407.0
1655.0,25,150.0,1.3392857142857142,3.8226318496917076,6,242.0,0.14470600874551026,14,169.0,0.21812205840395324,5,76.0,0.2012595642086082,25,487.0
1660.0,26,153.0,1.3304347826086957,3.9644584281220254,8,254.0,0.1507144992306089,11,184.0,0.18898023986767198,7,85.0,0.1617022924980864,26,523.0
1665.0,34,210.0,1.8918918918918919,3.8756112784715384,13,296.0,0.1360118327013962,6,141.0,0.252561278377668,15,141.0,0.14736599919203835,34,578.0
1670.0,29,172.0,1.6538461538461537,3.8919362184876074,14,319.0,0.17056411836120797,3,94.0,0.3408861553439924,12,162.0,0.2067921450709563,29,575.0
1675.0,21,87.0,0.8365384615384616,4.383468426243383,11,257.0,0.166447899860229,3,96.0,0.46201992999247166,7,134.0,0.25591349103383715,21,487.0
1680.0,22,96.0,0.8727272727272727,4.7594072903404046,8,284.0,0.12570305403491583,6,112.0,0.4422066378381896,8,100.0,0.2528913208011073,22,496.0
1685.0,22,64.0,0.5614035087719298,4.568944439513142,9,296.0,0.13463343777420242,5,112.0,0.3301747682443184,8,113.0,0.25666352198875236,22,521.0
1690.0,26,88.0,0.8148148148148148,4.3504744834213716,9,302.0,0.20397856323802013,7,94.0,0.20844683204928974,10,158.0,0.23076632781906853,26,554.0
1695.0,22,106.0,1.0095238095238095,4.434247427079668,7,255.0,0.22001051852590622,6,77.0,0.2964085178044744,9,189.0,0.21477528576241428,22,521.0
1700.0,19,136.0,1.3203883495145632,5.139855106300897,7,187.0,0.25832275422785045,7,92.0,0.45596313952145323,5,158.0,0.27387752216466954,19,437.0
1705.0,14,91.0,0.8425925925925926,5.136919707131532,4,181.0,0.23742560870563703,5,101.0,0.5106426753635798,5,138.0,0.3003872632853116,14,420.0
1710.0,19,78.0,0.7027027027027027,5.339982892556098,10,180.0,0.2054543616925647,5,84.0,0.4561014381841184,4,113.0,0.2845616002368593,19,377.0
1715.0,20,86.0,0.7889908256880734,4.545801160174719,10,193.0,0.16187651183793955,9,70.0,0.2889519811386222,1,106.0,0.25397752773079796,20,369.0
1720.0,25,97.0,0.8981481481481481,4.451679708098522,9,180.0,0.1620124211071272,10,97.0,0.2725849498097842,6,101.0,0.24937286373066936,25,378.0
1725.0,18,60.0,0.5607476635514018,4.695138097263371,7,194.0,0.21520838365655567,8,92.0,0.3127908600782201,3,107.0,0.3233604550206522,18,393.0
1730.0,22,65.0,0.5909090909090909,4.124054618377229,11,209.0,0.18191706187063855,5,102.0,0.27089582282131847,6,81.0,0.32369691084150265,22,392.0
1735.0,22,90.0,0.7894736842105263,4.166905283421928,11,220.0,0.1257444894231104,9,114.0,0.23328692519092797,2,72.0,0.3737781139568518,22,406.0
1740.0,33,159.0,1.3706896551724137,4.436224168977236,12,198.0,0.13407775327962557,13,172.0,0.2122111710781917,8,88.0,0.27724351039957834,33,458.0
1745.0,38,262.0,2.2782608695652176,4.069025924575154,11,217.0,0.1505804815990693,17,251.0,0.12896602975033367,10,127.0,0.20169487302246142,38,595.0
1750.0,34,227.0,1.9912280701754386,3.7493372917349883,8,224.0,0.16477988495204232,17,281.0,0.12345790090825955,9,141.0,0.20083378242750782,34,646.0
1755.0,31,192.0,1.7454545454545454,4.349668843463596,15,271.0,0.16601095519560885,7,217.0,0.3330638625879975,9,127.0,0.2225691033302361,31,615.0
1760.0,32,172.0,1.4956521739130435,4.205834133361253,16,295.0,0.15080859771570024,4,161.0,0.37433549457676346,12,122.0,0.26889389600294844,32,578.0
1765.0,32,117.0,0.9915254237288136,3.7749589444299536,17,285.0,0.12222712221013639,3,173.0,0.28158150990298575,12,159.0,0.29536123445563167,32,617.0
1770.0,28,102.0,0.816,4.241123253071604,10,313.0,0.16895337953057657,10,200.0,0.2689600531019021,8,175.0,0.24235859256397616,28,688.0
1775.0,25,85.0,0.6910569105691057,3.8725733075177144,13,344.0,0.1768637083704416,6,189.0,0.21585511505112748,6,181.0,0.16564287126648808,25,714.0
1780.0,35,155.0,1.2916666666666667,3.980113662433067,18,429.0,0.21023890371115514,7,150.0,0.24283575061529863,10,187.0,0.22607902963459717,35,766.0
1785.0,35,169.0,1.4322033898305084,3.7912346207380176,18,460.0,0.12866108641730659,8,110.0,0.27645684603036674,9,194.0,0.24597521228524316,35,764.0
1790.0,27,113.0,0.9495798319327731,3.7327540708898868,15,422.0,0.10605394560285697,3,115.0,0.30352656255129784,9,201.0,0.2041427684136118,27,738.0
1795.0,27,142.0,1.1833333333333333,3.8157057899751208,10,415.0,0.128661853955151,5,109.0,0.31286887651029893,12,232.0,0.1666870636109763,27,756.0
1800.0,39,260.0,2.2222222222222223,4.023091799326841,11,463.0,0.1630945522138325,9,139.0,0.2844762995500284,19,296.0,0.13264695267777923,39,898.0
1805.0,41,267.0,2.44954128440367,2.9785057336603122,17,532.0,0.1296742692613277,7,141.0,0.13410746194424036,17,333.0,0.1363685382444671,41,1006.0
1810.0,40,196.0,1.849056603773585,3.1408142690983323,16,548.0,0.15986859325868802,7,111.0,0.2716011197829366,17,287.0,0.1250767623795097,40,946.0
1815.0,30,159.0,1.407079646017699,3.928915404318463,12,475.0,0.16767383735445968,4,129.0,0.3415224242900382,14,264.0,0.23614350320087915,30,868.0
1820.0,35,187.0,1.5454545454545454,4.67648371119352,14,378.0,0.20194916664150758,7,158.0,0.3314256439866638,14,244.0,0.24710808277778146,35,780.0
1825.0,18,92.0,0.7244094488188977,4.370919656916999,6,395.0,0.20182768248860458,5,158.0,0.2833703195860625,7,264.0,0.2523069583199038,18,817.0
1830.0,25,81.0,0.648,4.600557179355004,9,410.0,0.25756580299279924,8,132.0,0.2165663539601391,8,269.0,0.25888676527144727,25,811.0
1835.0,29,159.0,1.2926829268292683,4.588384461569995,13,465.0,0.22292820058383972,6,130.0,0.17284473764270766,10,272.0,0.28377140168292825,29,867.0
1840.0,32,152.0,1.2881355932203389,3.488328015402165,16,470.0,0.11471075055988711,8,145.0,0.1971138281773067,8,271.0,0.19827959856640323,32,886.0
1845.0,34,142.0,1.2033898305084745,3.2625632624689738,17,431.0,0.1249117658980242,9,160.0,0.2589860673309104,8,226.0,0.18903157827993158,34,817.0
1850.0,32,141.0,1.119047619047619,3.7959637450462154,14,458.0,0.1960071234336358,8,113.0,0.24228694922824495,10,218.0,0.269535053201213,32,789.0
1855.0,19,73.0,0.5488721804511278,3.8854432860599193,12,491.0,0.15859582142402107,4,122.0,0.2581405642683237,3,208.0,0.30373920101023816,19,821.0
1860.0,24,71.0,0.5378787878787878,3.4377622214007113,12,479.0,0.14106356838976436,7,114.0,0.22084260164795005,5,222.0,0.24803816143023974,24,815.0
1865.0,33,148.0,1.1297709923664123,4.009332693833676,13,418.0,0.13831964533101554,13,156.0,0.22230241850391844,7,215.0,0.21370836013670091,33,789.0
1870.0,35,220.0,1.7054263565891472,3.6106650957027555,10,431.0,0.16318289847456793,16,231.0,0.16002143615544037,9,223.0,0.1569038044897323,35,885.0
1875.0,42,324.0,2.5714285714285716,3.3663271925541713,10,440.0,0.16922723111643267,21,332.0,0.07975376886549615,11,210.0,0.1618788807254541,42,982.0
1880.0,41,333.0,2.685483870967742,3.2162966722613437,14,471.0,0.13344557850155808,21,378.0,0.07234510240617996,6,225.0,0.19738092804792723,41,1074.0
1885.0,41,244.0,1.921259842519685,3.4757983422576544,16,469.0,0.15822328948610975,16,346.0,0.1485863440506512,9,243.0,0.19104641580163662,41,1058.0
1890.0,40,223.0,1.7983870967741935,4.013013109999199,17,406.0,0.1684750439858377,13,297.0,0.3114869618500333,10,289.0,0.26675955016548464,40,992.0
1895.0,35,177.0,1.3828125,3.5908842865116326,15,427.0,0.15756329992890483,8,285.0,0.33231873059172773,12,301.0,0.20056636347748777,35,1013.0
1900.0,35,155.0,1.1397058823529411,3.7979600664380304,12,467.0,0.13485176575837818,8,321.0,0.2811486892978364,15,361.0,0.20159024661457944,35,1149.0
1905.0,41,212.0,1.5703703703703704,3.7856015370534917,17,530.0,0.12804991127521567,10,367.0,0.2471199071507118,14,415.0,0.11831326927804049,41,1312.0
1910.0,41,229.0,1.8031496062992125,3.2138919691841012,17,531.0,0.12710221042395173,10,369.0,0.1035974996007408,14,463.0,0.11835077611064466,41,1363.0
1915.0,42,239.0,1.975206611570248,3.1859844594552658,17,462.0,0.15178753425290953,8,322.0,0.24882894986342774,17,538.0,0.16252273968911518,42,1322.0
1920.0,43,220.0,1.76,3.1273323692074286,19,496.0,0.14486952245423998,7,292.0,0.31938184455970886,17,560.0,0.16336420122183684,43,1348.0
1925.0,42,242.0,1.890625,3.764937524704976,16,560.0,0.13332120639270398,8,239.0,0.3105742390908031,18,514.0,0.20402030698345988,42,1313.0
1930.0,37,244.0,1.952,3.268703753741222,15,553.0,0.10647514170104289,6,200.0,0.2551895771585693,16,540.0,0.22507603054035952,37,1293.0
1935.0,37,168.0,1.344,3.577266754828642,15,488.0,0.12607142283353165,6,188.0,0.3589921384251642,16,594.0,0.2191031862268976,37,1270.0
1940.0,33,151.0,1.1984126984126984,4.269883315750201,13,535.0,0.14996820456418972,5,172.0,0.36468090838749667,15,641.0,0.18452582417847532,33,1348.0
1945.0,32,215.0,1.7479674796747968,4.040874143186496,9,552.0,0.1304199409103388,8,193.0,0.2756248833676848,15,692.0,0.09626985556914573,32,1437.0
1950.0,34,237.0,2.1160714285714284,3.1351114410408414,13,595.0,0.11727422737260168,8,190.0,0.1642926169050996,13,683.0,0.07660443124765852,34,1468.0
1955.0,34,179.0,1.6574074074074074,2.983910671276215,16,591.0,0.0854209513032082,7,166.0,0.28326737166788085,11,598.0,0.2096239573317661,34,1355.0
1960.0,32,169.0,1.4955752212389382,4.027839906325404,16,520.0,0.12836217728718533,7,146.0,0.38799301902795214,9,467.0,0.27295732991184163,32,1133.0
1965.0,25,108.0,0.9391304347826087,4.150349859820454,15,442.0,0.17132924944202396,2,123.0,0.36067308523673186,8,494.0,0.23092342090666929,25,1059.0
1970.0,31,137.0,1.1512605042016806,4.677749013076901,15,387.0,0.1954395640954206,3,108.0,0.42921681650319554,13,541.0,0.1860384686874514,31,1036.0
1975.0,20,81.0,0.6923076923076923,4.92669955043878,7,342.0,0.2508611557920905,6,129.0,0.35308287720876036,7,523.0,0.1743526028540981,20,994.0
1980.0,22,91.0,0.8198198198198198,5.135351927647874,7,345.0,0.2916027248743519,9,141.0,0.29054173697874747,6,431.0,0.22623873673358016,22,917.0
1985.0,23,65.0,0.6190476190476191,4.248294723343948,7,321.0,0.24900868684496105,7,121.0,0.19840999947565366,9,460.0,0.19606362837190958,23,902.0
1990.0,22,83.0,0.7757009345794392,4.31381556947641,6,234.0,0.21768444699176887,10,164.0,0.1850932642784833,6,482.0,0.21352206139666155,22,880.0
1995.0,17,86.0,0.7678571428571429,4.650208850586621,7,186.0,0.24508686086341963,3,167.0,0.37143872966576935,7,451.0,0.18888720991250382,17,804.0
2000.0,16,110.0,0.9734513274336283,5.714576163856694,7,162.0,0.3383763948959391,1,115.0,0.4650317306130515,8,394.0,0.2579161971368189,16,671.0
2005.0,22,123.0,1.0789473684210527,5.154584377060683,6,156.0,0.2926166598993583,3,69.0,0.3791211330135885,13,323.0,0.25907643832462046,22,548.0
2010.0,23,117.0,0.9669421487603306,4.978579836224122,8,160.0,0.3090348520075289,6,79.0,0.3035429481065131,9,347.0,0.26329160713050953,23,586.0
2015.0,25,131.0,1.0737704918032787,5.087552758265505,9,173.0,0.25590007959312705,7,92.0,0.3458693374137338,9,336.0,0.2862227997676017,25,601.0
2020.0,25,159.0,1.3706896551724137,4.658138761314395,8,157.0,0.21235475880986607,9,114.0,0.3397865430746496,8,304.0,0.2560215218376242,25,575.0
2025.0,23,96.0,0.8275862068965517,4.173383547003262,8,174.0,0.181305636071748,5,112.0,0.3928373991282037,10,261.0,0.18891103255671535,23,547.0
2030.0,19,66.0,0.5409836065573771,4.309212909436109,9,163.0,0.15386506419487536,4,58.0,0.41392142371037616,6,229.0,0.14478026549832546,19,450.0
2035.0,23,80.0,0.6666666666666666,4.246896806907966,8,170.0,0.19759730631431788,5,57.0,0.20440273385903424,10,216.0,0.1877877563987685,23,443.0
2040.0,33,144.0,1.263157894736842,3.5819328961427814,10,154.0,0.19097878576379396,7,73.0,0.20878595499999494,16,256.0,0.17880842404302952,33,483.0
2045.0,30,173.0,1.5309734513274336,3.636060777954373,6,145.0,0.2088099389752415,8,99.0,0.3364510128704441,16,281.0,0.12401035433920586,30,525.0
2050.0,27,124.0,1.0689655172413792,3.8615508826269673,7,149.0,0.1678700175735585,3,81.0,0.45760615435700647,17,258.0,0.12609092245763226,27,488.0
2055.0,29,120.0,1.0169491525423728,3.8493258830579804,13,180.0,0.15731882530848743,4,41.0,0.3798731228947729,12,306.0,0.1618656388698147,29,527.0
2060.0,37,172.0,1.4576271186440677,3.4516569312247602,15,206.0,0.14909181851751602,9,60.0,0.2187450550788692,13,332.0,0.14681449871882027,37,598.0
2065.0,37,194.0,1.6581196581196582,3.210617770979282,14,201.0,0.15744662465754028,11,109.0,0.19347740845830486,12,334.0,0.12074756204337622,37,644.0
2070.0,41,183.0,1.5378151260504203,3.87240148690313,18,180.0,0.17328243110850222,7,124.0,0.42052059723267515,16,280.0,0.12344105033633689,41,584.0
2075.0,18,63.0,0.5121951219512195,4.352424664957542,7,210.0,0.2345648409056165,3,80.0,0.4580394586612517,8,309.0,0.1960842756202208,18,599.0
2080.0,22,80.0,0.6349206349206349,4.598690217585649,9,221.0,0.21075436196510344,3,63.0,0.3578011814253166,10,322.0,0.20480580286503586,22,606.0
2085.0,36,169.0,1.396694214876033,3.897887983283366,14,229.0,0.14611017585701472,7,78.0,0.18911124572307897,15,367.0,0.17381405206038544,36,674.0
2090.0,39,189.0,1.6725663716814159,3.0843735165840926,12,224.0,0.1687036204143315,9,94.0,0.2868560084902326,18,391.0,0.09448249086651515,39,709.0
2095.0,29,122.0,1.0252100840336134,4.114706731828636,9,247.0,0.21932856978209372,4,78.0,0.4304853790796308,16,363.0,0.1905977802553103,29,688.0
2100.0,22,85.0,0.6692913385826772,4.291886010662654,11,273.0,0.19428382512199505,2,66.0,0.4349638154308192,9,373.0,0.20803670986094105,22,712.0
2105.0,32,122.0,0.9457364341085271,3.815257693757125,13,284.0,0.15187608802769767,7,74.0,0.25212092820885323,12,377.0,0.15573013734639177,32,735.0
2110.0,39,157.0,1.2764227642276422,2.7482425574310727,15,260.0,0.13379448505595984,12,115.0,0.17040392464158208,12,377.0,0.11388312380830005,39,752.0
2115.0,34,210.0,1.7355371900826446,3.4013597141032617,9,282.0,0.137242267470405,15,187.0,0.2854130150459608,10,321.0,0.15049381733840567,34,790.0
2120.0,32,221.0,1.782258064516129,3.855443899238009,10,307.0,0.13232084341046113,11,207.0,0.2628531316907789,11,249.0,0.1821681084909861,32,763.0
2125.0,25,99.0,0.792,3.799615748903213,11,316.0,0.15447976106983563,7,159.0,0.2664862839276415,7,261.0,0.253219033284794,25,736.0
2130.0,20,68.0,0.5528455284552846,4.125963927142453,9,245.0,0.15156062375897364,2,122.0,0.36216867409698383,9,243.0,0.246271719573527,20,610.0
2135.0,26,95.0,0.753968253968254,3.953515278838056,8,260.0,0.1597252622160718,7,139.0,0.3400513574696506,11,245.0,0.14824154214106516,26,644.0
2140.0,31,141.0,1.1370967741935485,3.6611324389012303,9,272.0,0.1477280434240692,11,188.0,0.2436701630404907,11,220.0,0.1650711524527514,31,680.0
2145.0,33,193.0,1.5564516129032258,3.1977184861054053,8,255.0,0.1385834996812022,18,267.0,0.11173696085692987,7,220.0,0.16714804208758624,33,742.0
2150.0,35,200.0,1.6129032258064515,3.4612437252248633,9,214.0,0.15877448229553398,16,289.0,0.21085693375295325,10,210.0,0.14633355207469964,35,713.0
2155.0,28,183.0,1.5378151260504203,4.222731408875086,6,210.0,0.21936678022431225,8,221.0,0.3102856523738533,14,258.0,0.16179129867463898,28,689.0
2160.0,24,117.0,0.975,3.4698012704669035,9,222.0,0.19606670241224772,3,211.0,0.18106016812140494,12,273.0,0.10981117376213097,24,706.0
2165.0,31,145.0,1.2393162393162394,3.9067273884785814,12,256.0,0.17785767802089517,8,239.0,0.21720914791987211,11,220.0,0.18004361219082976,31,715.0
2170.0,32,138.0,1.2212389380530972,3.183156777102403,14,269.0,0.11280647351597357,9,236.0,0.22009032571433984,9,232.0,0.18601655818700025,32,737.0
2175.0,33,132.0,1.1578947368421053,3.6544357274342136,16,258.0,0.12929501999163895,4,178.0,0.33955631322307006,13,281.0,0.16156968783504358,33,717.0
2180.0,28,112.0,0.9824561403508771,3.907000893541851,14,319.0,0.16180370777227387,3,100.0,0.35721098469213414,11,280.0,0.20435988667163985,28,699.0
2185.0,28,131.0,1.1592920353982301,4.126967984450368,14,353.0,0.11162667387530237,4,52.0,0.47510331273290474,10,231.0,0.2233404389999469,28,636.0
2190.0,32,203.0,1.8454545454545455,4.031484130401316,17,423.0,0.09667515257958509,6,67.0,0.45409767262780926,9,268.0,0.2643711057760981,32,758.0
2195.0,31,155.0,1.4220183486238531,3.158449571790509,16,445.0,0.08444830234662389,3,47.0,0.30101843059078776,12,305.0,0.19845146526581733,31,797.0
2200.0,26,100.0,0.9259259259259259,3.5410433396093994,12,360.0,0.12950681795735455,3,32.0,0.397970668258345,11,304.0,0.12199933679292713,26,696.0
2205.0,23,106.0,1.0,4.294137471532002,10,311.0,0.16168643122357804,5,39.0,0.5207426295767194,8,278.0,0.15178229775636387,23,628.0
2210.0,23,124.0,1.158878504672897,4.866053228797006,11,288.0,0.2299387349610603,7,69.0,0.5438136820810578,5,261.0,0.16662065524151873,23,618.0
2215.0,25,145.0,1.3181818181818181,4.725322203508646,7,282.0,0.276329740662235,8,106.0,0.43577206705371024,10,279.0,0.12773768031063612,25,667.0
2220.0,27,94.0,0.8623853211009175,4.237773391243142,9,304.0,0.26053599310486697,7,104.0,0.2602978967972681,11,286.0,0.16152070682337438,27,694.0
2225.0,17,66.0,0.6470588235294118,4.617092671593419,6,302.0,0.3046689244355288,4,60.0,0.2929745478905329,7,234.0,0.25218895425837684,17,596.0
2230.0,16,87.0,0.8365384615384616,5.516279414174641,6,252.0,0.2567299248545047,3,48.0,0.595117429988825,7,182.0,0.29915584435699816,16,482.0
2235.0,11,63.0,0.5625,5.397407811829983,2,226.0,0.24069225446792838,5,51.0,0.5768992312551506,4,187.0,0.31040532680834765,11,464.0
2240.0,19,62.0,0.543859649122807,5.103763206862244,7,237.0,0.22780158712993076,3,37.0,0.4125510737232502,9,183.0,0.2619845531614576,19,457.0
2245.0,26,86.0,0.7818181818181819,3.958688022696911,8,231.0,0.1463360987677391,6,33.0,0.22643835411263102,12,195.0,0.16275429771014718,26,459.0
2250.0,27,119.0,1.1666666666666667,4.409666488942888,7,170.0,0.1841955774656954,12,84.0,0.3369316038515695,8,159.0,0.21403071795450632,27,413.0
2255.0,18,141.0,1.3428571428571427,4.2319573832685915,5,173.0,0.1980746456433522,12,144.0,0.36367467642744167,1,136.0,0.20710655016184013,18,453.0
2260.0,22,130.0,1.2264150943396226,4.0002256549560276,7,187.0,0.17737450923627937,8,155.0,0.25100894251366346,7,149.0,0.1563359181409224,22,491.0
2265.0,23,66.0,0.6285714285714286,3.499929625440327,11,193.0,0.1642360995987497,5,110.0,0.2286030418896488,7,153.0,0.21410009031279353,23,456.0
2270.0,15,54.0,0.5192307692307693,4.693824653730119,8,159.0,0.20349771977868883,3,41.0,0.49536536138042947,4,115.0,0.2951095411187379,15,315.0
2275.0,15,73.0,0.6636363636363637,5.128210203507957,9,116.0,0.1783757346084184,3,45.0,0.47735093355139235,3,62.0,0.3076760065050119,15,223.0
2280.0,15,33.0,0.2773109243697479,4.480979061247627,5,119.0,0.18437226345459057,6,58.0,0.37634943286257866,4,55.0,0.26239238148921445,15,232.0
2285.0,23,71.0,0.5819672131147541,4.202851848210822,6,113.0,0.20463788573383324,10,74.0,0.18263521905119975,7,68.0,0.19762376648415983,23,255.0
2290.0,29,126.0,1.1150442477876106,3.9095666812950305,7,122.0,0.225398470079668,7,67.0,0.2099474357636259,15,125.0,0.18755461070962492,29,314.0
2295.0,31,155.0,1.4090909090909092,3.812801181619691,10,111.0,0.21242002805335858,6,70.0,0.32477323241744027,15,161.0,0.2019641980404817,31,342.0
2300.0,25,141.0,1.2155172413793103,4.088903982425219,6,123.0,0.17183453267960763,7,93.0,0.4840954038769785,12,154.0,0.2310123361391978,25,370.0
2305.0,27,201.0,1.6475409836065573,4.377502769479539,9,140.0,0.13814281658060396,7,124.0,0.40731765518034224,11,140.0,0.26296967736979837,27,404.0
2310.0,26,180.0,1.5126050420168067,4.16045124972898,11,150.0,0.1310891439483431,6,132.0,0.42332342201574774,9,140.0,0.22057968759760338,26,422.0
2315.0,20,80.0,0.6722689075630253,4.351101102515437,8,120.0,0.13633373816347674,4,111.0,0.39618442109804736,8,150.0,0.23797398531006547,20,381.0
2320.0,21,79.0,0.6583333333333333,4.683209885530883,6,123.0,0.165112482188855,8,82.0,0.3951809728649089,7,152.0,0.22644759483689428,21,357.0
2325.0,30,137.0,1.170940170940171,4.056969372305894,9,148.0,0.14965336373928687,7,93.0,0.21178552507704548,14,173.0,0.2007883462767609,30,414.0
2330.0,27,134.0,1.2407407407407407,3.5246740831297476,7,153.0,0.1542823134325789,5,83.0,0.22030209408032414,15,215.0,0.2165921579648478,27,451.0
2335.0,25,122.0,1.1296296296296295,4.137342949358805,5,122.0,0.15040877252654453,6,92.0,0.4282731777355694,14,221.0,0.24053864197231659,25,435.0
2340.0,22,121.0,1.0803571428571428,5.045715160753516,5,101.0,0.1929524293340478,4,67.0,0.5504115240891602,13,200.0,0.20396080395759497,22,368.0
2345.0,21,113.0,0.9826086956521739,5.33425013295176,5,90.0,0.23536864242319558,6,64.0,0.5163153920730109,10,222.0,0.22482843978641767,21,376.0
2350.0,22,98.0,0.8596491228070176,5.227694040277054,3,70.0,0.25088784233611333,9,82.0,0.31911720551817113,10,232.0,0.22467549340242304,22,384.0
2355.0,26,93.0,0.8532110091743119,4.371685489822247,7,74.0,0.24196876036911627,9,98.0,0.1851943569739974,10,246.0,0.16100362703896123,26,418.0
2360.0,20,63.0,0.6494845360824743,4.392266796099857,7,94.0,0.24407778824157253,5,68.0,0.29788612708058665,8,206.0,0.24759902197899025,20,368.0
2365.0,11,25.0,0.24752475247524752,4.274410197733204,5,82.0,0.1946001346328971,4,83.0,0.35894462741406014,2,186.0,0.2444347089113258,11,351.0
2370.0,21,78.0,0.7289719626168224,4.888896863461983,4,54.0,0.22675294287375988,9,109.0,0.32283465131537065,8,175.0,0.18843840701098866,21,338.0
2375.0,20,71.0,0.6574074074074074,4.18861548519643,1,42.0,0.2667128418913366,10,123.0,0.21959335301242008,9,182.0,0.1034431083302282,20,347.0
2380.0,20,79.0,0.7669902912621359,4.606006842328752,7,67.0,0.2391864207148216,5,95.0,0.33798885276608676,8,162.0,0.2071303947279581,20,324.0
2385.0,14,51.0,0.49038461538461536,4.828721882665087,8,82.0,0.2642553067072854,3,67.0,0.3770300898270664,3,154.0,0.25166721738623793,14,303.0
2390.0,18,88.0,0.8380952380952381,5.223065223797647,6,67.0,0.28048313160261046,5,71.0,0.5247348263103041,7,168.0,0.25123342605665894,18,306.0
2395.0,17,91.0,0.8504672897196262,4.3777138220597,1,62.0,0.2157962397454317,3,53.0,0.4457721514220466,13,219.0,0.15187838055459785,17,334.0
2400.0,26,121.0,1.1415094339622642,3.708603734674005,5,81.0,0.17300859141704178,6,45.0,0.347362626570712,15,243.0,0.09766747108751257,26,369.0
2405.0,26,83.0,0.83,3.138481669724809,7,86.0,0.1385453686477563,7,61.0,0.25344622994625404,12,215.0,0.13008960718114482,26,362.0
2410.0,18,60.0,0.6,4.645354739454783,5,58.0,0.20271611144680685,2,44.0,0.5196298368277769,11,168.0,0.20332420859172426,18,270.0
2415.0,12,50.0,0.4854368932038835,5.747927847825718,2,46.0,0.2894049966029346,2,35.0,0.5588497585152974,8,158.0,0.262138952626305,12,239.0
2420.0,21,88.0,0.822429906542056,6.054308073676989,3,31.0,0.30208907195193635,9,52.0,0.4282407013284537,9,146.0,0.313922440885246,21,229.0
2425.0,18,91.0,0.8348623853211009,5.705259377981976,1,18.0,0.32690221496202676,13,110.0,0.2579150028520181,4,133.0,0.35718004714702956,18,261.0
2430.0,29,133.0,1.2429906542056075,4.492179085260232,7,41.0,0.2329146171603959,12,145.0,0.1114037615043795,10,139.0,0.28020063245661164,29,325.0
2435.0,31,114.0,1.1287128712871286,4.124622433941035,8,62.0,0.2908476904621872,12,149.0,0.13051823388568246,11,160.0,0.25818585883132966,31,371.0
2440.0,21,81.0,0.8181818181818182,4.9506314567526575,4,48.0,0.34854495210683406,7,127.0,0.3054209057212747,10,159.0,0.2684371877336563,21,334.0
2445.0,15,72.0,0.6857142857142857,5.307882297566917,3,54.0,0.3356340020587781,5,115.0,0.5082295005588394,7,184.0,0.2649381280130303,15,353.0
2450.0,26,155.0,1.3596491228070176,5.402022982363238,9,79.0,0.3017995065899358,7,102.0,0.45189589850071743,10,190.0,0.22901905303371484,26,371.0
2455.0,21,95.0,0.8878504672897196,4.014979833972073,8,94.0,0.24079492751822593,4,76.0,0.2573022754135289,9,193.0,0.19646525955243413,21,363.0
2460.0,21,60.0,0.5769230769230769,4.023527380295459,6,82.0,0.1513159166064874,6,63.0,0.4196161046966003,9,170.0,0.14966689122269647,21,315.0
2465.0,23,95.0,0.9047619047619048,4.53601273374966,6,61.0,0.22105356409204488,8,78.0,0.44463631280605354,9,205.0,0.14560046242324565,23,344.0
2470.0,18,87.0,0.8285714285714286,5.071627486950822,4,57.0,0.307122736570495,3,68.0,0.43589771095301105,11,231.0,0.13490530098287934,18,356.0
2475.0,14,49.0,0.46226415094339623,4.468062392384622,1,53.0,0.3792934869390913,3,27.0,0.31031791589641483,10,238.0,0.13580925990064813,14,318.0
2480.0,21,91.0,0.875,4.898378328323067,7,48.0,0.3536494308919169,4,32.0,0.45474053105457546,10,205.0,0.1589327495723713,21,285.0
2485.0,20,125.0,1.2135922330097086,5.206497752386908,7,69.0,0.3036821123668583,5,54.0,0.46150071516216673,8,165.0,0.2028701214844225,20,288.0
2490.0,10,46.0,0.46,4.426008610376275,5,62.0,0.21768059158755798,1,42.0,0.46411209635281214,4,175.0,0.17674124532690447,10,279.0
2495.0,15,65.0,0.6310679611650486,5.522342190961098,4,47.0,0.2871434362326637,4,17.0,0.5029673574792092,7,175.0,0.16823947638826883,15,239.0
2500.0,14,46.0,0.46938775510204084,4.552734910308929,2,32.0,0.24792799333505505,3,26.0,0.29024035441923474,9,185.0,0.1875112618005482,14,243.0
2505.0,16,69.0,0.7263157894736842,4.917781470238104,7,47.0,0.25113339978003646,3,32.0,0.4436842036619755,6,158.0,0.231475681451249,16,237.0
2510.0,17,60.0,0.625,5.0207483137121445,6,63.0,0.29253511572402285,2,15.0,0.5043006225690316,9,136.0,0.17615228290424634,17,214.0
2515.0,15,82.0,0.82,5.767297826657648,3,44.0,0.3122271690769045,6,28.0,0.49785216739473054,6,128.0,0.22624094752757837,15,200.0
2520.0,10,29.0,0.29,6.265026200339271,2,18.0,0.4068119266021269,5,38.0,0.4823272743150204,3,101.0,0.26997353344409636,10,157.0
2525.0,16,41.0,0.4019607843137255,5.954197283491541,3,14.0,0.4230565466651447,5,30.0,0.3706316331934882,8,77.0,0.2872173173608158,16,121.0
2530.0,16,74.0,0.7474747474747475,5.6464741993031105,4,25.0,0.43172165871195756,4,34.0,0.4229831357204832,8,81.0,0.24468633917842114,16,140.0
2535.0,10,22.0,0.2268041237113402,5.185629961728229,3,23.0,0.44944250918277157,0,24.0,0.38024372498541004,7,76.0,0.242975117795665,10,123.0
2540.0,18,74.0,0.7474747474747475,5.398017145769717,4,24.0,0.373723345554219,8,29.0,0.37416083925348487,6,72.0,0.1959314591875783,18,125.0
2545.0,14,48.0,0.48484848484848486,4.291082659342065,5,29.0,0.23669231083083586,6,52.0,0.22408392432796276,3,77.0,0.205034501787684,14,158.0
2550.0,13,48.0,0.4897959183673469,5.170966283548143,3,28.0,0.3658911916812417,5,54.0,0.2570869416991807,5,69.0,0.2720406678781547,13,151.0
2555.0,14,56.0,0.5714285714285714,5.288433536037239,4,30.0,0.37932761118105723,4,54.0,0.3527615942240756,6,80.0,0.23595349585723935,14,164.0
2560.0,17,110.0,1.1458333333333333,5.374147552238377,7,60.0,0.41729119737465414,4,68.0,0.40449529289980923,6,79.0,0.2188235388505312,17,207.0
2565.0,16,53.0,0.53,4.253462407929976,9,78.0,0.2592460843824439,5,68.0,0.3118703307564579,2,75.0,0.1887002749165132,16,221.0
2570.0,22,79.0,0.79,4.4070776725632825,7,76.0,0.2191435746294502,6,57.0,0.3623255260982467,9,86.0,0.12321545590058078,22,219.0
2575.0,23,101.0,1.0,4.516834492698954,5,69.0,0.2074003574801112,10,78.0,0.3073158503896327,8,102.0,0.14713189453424944,23,249.0
2580.0,18,74.0,0.7628865979381443,4.366296344606112,9,95.0,0.17072384605895788,5,90.0,0.32713619241047853,4,88.0,0.18353904004515081,18,273.0
2585.0,12,40.0,0.43956043956043955,4.881623640685164,7,115.0,0.22234610921312503,2,54.0,0.47082975433424124,3,63.0,0.25410803505127066,12,232.0
2590.0,11,43.0,0.4725274725274725,5.87317013142188,4,94.0,0.31547321041666754,3,27.0,0.6065246910785665,4,51.0,0.24251600527221318,11,172.0
2595.0,9,55.0,0.5789473684210527,6.374704400042175,3,65.0,0.3378275280993964,2,19.0,0.5657232582794007,4,56.0,0.30109961719289663,9,140.0
2600.0,14,107.0,1.1145833333333333,7.111822030628428,3,54.0,0.38738021272933015,7,35.0,0.46921385657177234,4,66.0,0.4330897159686528,14,155.0
2605.0,16,113.0,1.202127659574468,6.735914863799153,3,41.0,0.35566106328743746,7,55.0,0.3667153828288327,6,88.0,0.49957761552200664,16,184.0
2610.0,14,41.0,0.44565217391304346,5.980512767973851,6,51.0,0.38809138287631806,4,46.0,0.28115105475587276,4,59.0,0.44960731373359003,14,156.0
2615.0,20,109.0,1.2386363636363635,5.821635266865098,10,90.0,0.3262943850478059,3,32.0,0.2769327752084897,7,40.0,0.4162018927527965,20,162.0
2620.0,23,106.0,1.2325581395348837,4.9017742433961065,9,104.0,0.2949231841923642,7,46.0,0.3257279657657022,7,56.0,0.2708011075049726,23,206.0
2625.0,15,51.0,0.5795454545454546,4.941948022285795,5,77.0,0.28813237669866515,5,60.0,0.40386946632294474,5,59.0,0.2568039555951663,15,196.0
2630.0,13,54.0,0.5625,6.347369930071339,3,54.0,0.2643287743312807,7,48.0,0.43448673944896815,3,46.0,0.3487088033373559,13,148.0
2635.0,20,112.0,1.108910891089109,7.414108788655027,4,52.0,0.45861311614725214,11,78.0,0.4691049702967345,5,49.0,0.41705075597841074,20,179.0
2640.0,15,71.0,0.7244897959183674,6.77803655253954,2,40.0,0.4749291720673051,10,102.0,0.35778209710445713,3,43.0,0.38365042618236056,15,185.0
2645.0,14,46.0,0.5054945054945055,5.655786789230727,1,30.0,0.440325181609158,7,93.0,0.22784334669163572,6,42.0,0.30103954373948005,14,165.0
2650.0,22,79.0,0.9080459770114943,5.314007114932491,4,43.0,0.4457946173730818,9,83.0,0.20648857554496378,9,59.0,0.2658365751069356,22,185.0
2655.0,10,27.0,0.3253012048192771,4.868878628100844,4,45.0,0.3440863793078297,2,89.0,0.3156478555769834,4,58.0,0.3218268896506657,10,192.0
2660.0,12,31.0,0.3563218390804598,5.370760982525802,1,18.0,0.3510342886495127,7,89.0,0.3273819591375464,4,60.0,0.28220817500284406,12,167.0
2665.0,19,62.0,0.7294117647058823,4.584272634699247,0,9.0,0.3845499808740782,10,109.0,0.15355730314112165,9,72.0,0.24298347945787935,19,190.0
2670.0,21,83.0,0.9764705882352941,4.336718638148601,5,28.0,0.3133339219042299,8,99.0,0.16569865632908187,8,94.0,0.2659459950749011,21,221.0
2675.0,13,75.0,0.8928571428571429,5.418039585698808,4,42.0,0.37244364673148556,4,97.0,0.28868311757874926,5,82.0,0.35603228270060666,13,221.0
2680.0,13,91.0,1.0340909090909092,6.761886012797363,4,30.0,0.40316081265904546,6,101.0,0.4971298135508582,3,54.0,0.4360085066406773,13,185.0
2685.0,7,48.0,0.5274725274725275,7.306223762247439,2,18.0,0.4405513248292297,3,70.0,0.4762305475611185,2,41.0,0.46389482864572607,7,129.0
2690.0,12,82.0,0.8723404255319149,7.899252157735352,4,25.0,0.4663932564670489,6,47.0,0.4177544455925943,2,40.0,0.5832219097292229,12,112.0
2695.0,10,72.0,0.7741935483870968,7.141999829699358,2,16.0,0.4093156012788789,6,63.0,0.32599305401072043,2,50.0,0.6358494503816366,10,129.0
2700.0,16,94.0,1.0681818181818181,6.374570013088356,7,29.0,0.33076618532914753,6,55.0,0.2571785029889944,3,62.0,0.6230931324856235,16,146.0
2705.0,11,39.0,0.4642857142857143,6.070114585318198,7,49.0,0.3401694659704826,4,47.0,0.17009638198956264,0,35.0,0.5637577133413367,11,131.0
2710.0,12,55.0,0.6962025316455697,6.6348073805295655,3,44.0,0.34967794290239107,4,50.0,0.35353173811360106,5,20.0,0.49750194652392543,12,114.0
2715.0,7,63.0,0.8181818181818182,7.454829209816468,1,30.0,0.4530757301704618,3,56.0,0.4960810028413162,3,31.0,0.4829541015047154,7,117.0
2720.0,4,3.0,0.039473684210526314,6.188475025408718,1,14.0,0.385901532880666,1,47.0,0.4176416508610433,2,10.0,0.38837286621581124,4,71.0
2725.0,17,50.0,0.6172839506172839,5.179157972332812,7,34.0,0.24271482382204346,7,32.0,0.33653495386056526,3,18.0,0.3246317781206756,17,84.0
2730.0,20,83.0,1.0246913580246915,4.591868666897192,5,52.0,0.17989206549084683,6,52.0,0.26623507311635014,9,54.0,0.28024481559171777,20,158.0
2735.0,12,53.0,0.6883116883116883,4.742410549260635,4,47.0,0.25319791747721926,3,50.0,0.31524367916925633,5,66.0,0.30529241390260337,12,163.0
2740.0,7,16.0,0.20253164556962025,6.308777488648028,0,25.0,0.39529600090900796,3,52.0,0.3596147335543302,4,47.0,0.374184386535444,7,124.0
2745.0,9,41.0,0.5,7.502391559289882,0,9.0,0.49753163013453067,8,69.0,0.34977605233161596,1,30.0,0.4243395025232751,9,108.0
2750.0,7,42.0,0.5384615384615384,8.182781617656268,1,7.0,0.6206543600488889,5,77.0,0.30655782091891187,1,26.0,0.6338618144540941,7,110.0
2755.0,6,38.0,0.5507246376811594,7.884195989166607,2,14.0,0.547310921334769,3,52.0,0.36777058899510845,1,21.0,0.5870796703667375,6,87.0
2760.0,8,55.0,0.8208955223880597,7.86845500016447,2,24.0,0.6434047800344193,2,37.0,0.31091320295432023,4,31.0,0.5884551767227075,8,92.0
2765.0,5,42.0,0.65625,7.625545555732536,0,12.0,0.6040787963642734,2,33.0,0.3591263408706524,3,41.0,0.6006855712495651,5,86.0
2770.0,8,16.0,0.24615384615384617,7.648988759039339,3,13.0,0.5501713598808738,3,35.0,0.45970954797244684,2,6.0,0.5412139756891761,8,54.0
2775.0,7,22.0,0.34375,7.6073117929862235,0,11.0,0.47406195927158346,1,26.0,0.5192669986879909,6,21.0,0.452691734064505,7,58.0
2780.0,14,74.0,1.1935483870967742,6.792051693711699,3,6.0,0.41102272059991474,2,33.0,0.5083097446321113,9,57.0,0.41638882407203076,14,96.0
2785.0,13,72.0,1.0909090909090908,6.077230358919171,3,16.0,0.3653827617304622,3,39.0,0.5803258781706532,7,72.0,0.3020207790211321,13,127.0
2790.0,6,38.0,0.5671641791044776,7.609489268494288,2,26.0,0.5394968028538141,0,19.0,0.5948033014532452,4,55.0,0.4113519882365086,6,100.0
2795.0,8,29.0,0.3918918918918919,7.0560012134271295,0,14.0,0.4674536578254699,5,23.0,0.39858843525995663,3,39.0,0.33412868209999474,8,76.0
2800.0,12,59.0,0.7866666666666666,7.477574786888407,5,14.0,0.27612994854130823,3,34.0,0.5297997568317577,4,45.0,0.4702763311814454,12,93.0
2805.0,4,10.0,0.14084507042253522,7.219231692143716,4,29.0,0.26971765046513113,0,23.0,0.4803881114664679,0,20.0,0.5786673513891579,4,72.0
2810.0,10,20.0,0.29411764705882354,6.714325460566031,1,17.0,0.44091897271794284,3,23.0,0.41824390858233995,6,25.0,0.33526889578565566,10,65.0
2815.0,16,43.0,0.6323529411764706,6.389912673393549,3,8.0,0.4588763597447975,7,46.0,0.3213224772473146,6,37.0,0.24428788246454314,16,91.0
2820.0,7,23.0,0.35384615384615387,6.84878009971319,1,8.0,0.5282697486580186,5,59.0,0.3393111204489831,1,23.0,0.35336248434018175,7,90.0
2825.0,7,25.0,0.38461538461538464,7.7858637580915415,5,23.0,0.5041731178528553,1,38.0,0.35824681578762363,1,16.0,0.5581388455964397,7,77.0
2830.0,11,58.0,0.9206349206349206,7.795640056811193,7,48.0,0.49508837015829205,2,23.0,0.42134988598584083,2,18.0,0.5083074721216794,11,89.0
2835.0,11,32.0,0.5333333333333333,6.0948081647418535,4,46.0,0.36752555829079825,1,18.0,0.31980022394105156,6,34.0,0.42539167770415914,11,98.0
2840.0,12,41.0,0.6949152542372882,5.74808859508976,2,20.0,0.4134409834981262,7,36.0,0.28190476495050854,3,42.0,0.29907958664167417,12,98.0
2845.0,13,47.0,0.7966101694915254,7.056189783229987,2,18.0,0.5622507370224569,7,54.0,0.42362321863111485,4,29.0,0.33772893704701734,13,101.0
2850.0,7,36.0,0.5714285714285714,8.140332860189279,3,30.0,0.5739598664178196,0,29.0,0.6299093250613778,4,30.0,0.3952082194258392,7,89.0
2855.0,13,51.0,0.7846153846153846,8.437208642646652,1,3.0,0.7731088535797584,2,13.0,0.5419193466549653,10,65.0,0.438450377848635,13,81.0
2860.0,16,73.0,1.140625,6.580238993757485,2,11.0,0.6800897160616025,4,24.0,0.4165098679572354,10,90.0,0.24110300539050986,16,125.0
2865.0,6,13.0,0.20967741935483872,6.24996328107593,1,11.0,0.5151102989327575,2,18.0,0.39838469715365404,3,73.0,0.2798985237985957,6,102.0
2870.0,12,39.0,0.5909090909090909,6.881902214146257,2,4.0,0.4858646256711534,6,34.0,0.5004030651715713,4,70.0,0.26608164803709894,12,108.0
2875.0,12,56.0,0.8484848484848485,7.344592817214152,2,8.0,0.49512060134133207,1,36.0,0.6031244179591724,9,103.0,0.24870078787336464,12,147.0
2880.0,11,53.0,0.8983050847457628,7.1684185282117046,2,20.0,0.6758807526088706,1,12.0,0.5909207372917676,8,115.0,0.23632966042708495,11,147.0
2885.0,8,15.0,0.25862068965517243,7.063324246120049,0,11.0,0.7372282000039379,4,11.0,0.46670424641963765,4,84.0,0.3083603533942128,8,106.0
2890.0,8,37.0,0.5967741935483871,7.598000348226458,1,5.0,0.5036424859320884,5,30.0,0.4614080181875287,2,42.0,0.3705672509755128,8,77.0
2895.0,5,20.0,0.3333333333333333,7.514764113877115,1,5.0,0.34847966878348813,3,31.0,0.45150127875789525,1,23.0,0.5550882125965246,5,59.0
2900.0,4,9.0,0.15,8.198688576415114,1,5.0,0.5870021885803962,2,20.0,0.5217853692183037,1,11.0,0.4677805837157638,4,36.0
2905.0,12,46.0,0.7419354838709677,8.7255249870772,2,10.0,0.7313272512123876,3,22.0,0.617954326090116,7,33.0,0.38252013456328665,12,65.0
2910.0,8,22.0,0.3492063492063492,6.743855420805142,1,2.0,0.7697318173029035,3,14.0,0.42074651565385784,4,46.0,0.23403781551100095,8,62.0
2915.0,13,49.0,0.8032786885245902,6.042108639511263,2,6.0,0.4640708192467242,7,41.0,0.3045765519967461,4,41.0,0.29694609716378606,13,88.0
2920.0,18,104.0,1.7049180327868851,5.589042637147459,1,8.0,0.25589384396327497,13,94.0,0.22986120621626052,4,31.0,0.3363667730611249,18,133.0
2925.0,13,97.0,1.6440677966101696,7.298370759431652,1,0.0,0.5670512608795336,9,122.0,0.3672433538567603,3,40.0,0.5086549154428891,13,162.0
2930.0,7,58.0,0.90625,8.529556904465224,0,2.0,0.6988536966808554,4,93.0,0.4244709178264369,3,52.0,0.6358500613867234,7,147.0
2935.0,5,10.0,0.15384615384615385,8.385129506321343,2,5.0,0.6862605916797894,1,39.0,0.44821648616658033,2,17.0,0.6419785931929578,5,61.0
2940.0,4,23.0,0.3709677419354839,7.946612655257837,0,2.0,0.736693806988039,2,20.0,0.3869295355323803,2,12.0,0.6127901369421923,4,34.0
2945.0,9,44.0,0.7333333333333333,7.885416411949503,2,8.0,0.6083329471761477,5,33.0,0.44899746397800844,2,16.0,0.5473248767674579,9,57.0
2950.0,8,61.0,1.0,7.456235474021844,1,4.0,0.4310629653437251,5,60.0,0.4693362252831635,2,9.0,0.5680935210232747,8,73.0
2955.0,3,22.0,0.3548387096774194,8.308886576490913,0,2.0,0.5623696022462984,2,46.0,0.4623074449412869,1,8.0,0.614900621787424,3,56.0
2960.0,7,39.0,0.5909090909090909,9.315019653052945,0,2.0,0.6692110581086053,6,41.0,0.46984229066616967,1,13.0,0.7090746921090529,7,56.0
2965.0,10,66.0,1.0153846153846153,7.934762984288857,0,2.0,0.7520240823523066,9,71.0,0.3549831701067802,1,1.0,0.49291948862228213,10,74.0
2970.0,16,71.0,1.109375,5.958595113043865,0,2.0,0.46576931257736687,9,92.0,0.2771402039106022,7,24.0,0.2567330614621476,16,118.0
2975.0,14,56.0,0.9333333333333333,5.646925077618246,4,17.0,0.473527579045303,6,82.0,0.15304197824404245,4,43.0,0.37766052565587555,14,142.0
2980.0,4,19.0,0.3392857142857143,7.552655073802305,1,21.0,0.5122351623386544,3,73.0,0.4059444170152047,0,19.0,0.5930933966080734,4,113.0
2985.0,5,21.0,0.375,9.061563880786455,2,7.0,0.5986240394278605,1,55.0,0.5374083888734587,2,7.0,0.6877936645218129,5,69.0
2990.0,5,42.0,0.7368421052631579,10.048750791014715,1,9.0,0.7224923251439755,1,42.0,0.6244179603445434,3,16.0,0.6749523158513179,5,67.0
2995.0,3,17.0,0.288135593220339,9.512411240548085,2,16.0,0.6646413450634348,0,18.0,0.6787935834599652,1,10.0,0.5438261821881162,3,44.0
3000.0,11,58.0,0.9830508474576272,7.943059810789752,3,31.0,0.6436175306615269,3,28.0,0.4438282362487923,5,17.0,0.3215286500632848,11,76.0
3005.0,6,15.0,0.28846153846153844,6.137412121618096,0,10.0,0.5226538212918607,3,31.0,0.2239221310281194,3,25.0,0.34934559290924033,6,66.0
3010.0,9,19.0,0.37254901960784315,7.295991078251873,5,17.0,0.37959499185211915,1,16.0,0.3850403098248731,3,9.0,0.5070693744973055,9,42.0
3015.0,2,9.0,0.18,9.3314078298377,1,21.0,0.5102107702506858,0,8.0,0.6922126781077189,1,10.0,0.6962032975161172,2,39.0
3020.0,1,13.0,0.26,10.603046704557059,0,3.0,0.8068107648262012,0,4.0,0.7735276706399122,1,15.0,0.7032567395400342,1,22.0
3025.0,1,0.0,0.0,10.66591376021679,0,0.0,0.8101258660224187,0,2.0,0.8189365457722021,1,1.0,0.6828052208104085,1,3.0
3030.0,6,11.0,0.20754716981132076,8.405095428194388,2,2.0,0.6340619067526557,0,2.0,0.6005630832284131,4,9.0,0.43009773468378815,6,13.0
3035.0,11,33.0,0.6226415094339622,5.736178763033332,4,17.0,0.4206525157585423,5,12.0,0.2616474553764957,2,20.0,0.3257869222733001,11,49.0
3040.0,8,22.0,0.41509433962264153,5.444672927009197,5,33.0,0.2679912546928782,2,21.0,0.31924686279694253,1,10.0,0.4970208923228295,8,64.0
3045.0,4,6.0,0.10909090909090909,9.103370542109381,2,32.0,0.4981603827689336,1,11.0,0.6687021604038489,1,7.0,0.7151632854230493,4,50.0
3050.0,8,17.0,0.288135593220339,8.5565719449013,1,17.0,0.6760270076168359,4,18.0,0.6193106596167873,3,12.0,0.43525431768441075,8,47.0
3055.0,15,75.0,1.2295081967213115,8.014895546132783,1,9.0,0.6797261907445529,7,44.0,0.4154817668546351,7,39.0,0.43363160060275113,15,92.0
3060.0,10,42.0,0.75,6.365466246828501,2,12.0,0.6195112706071308,4,51.0,0.288713735242188,4,45.0,0.36274724969307903,10,108.0
3065.0,2,8.0,0.1509433962264151,7.6858119486480225,0,2.0,0.5479388397319834,1,32.0,0.4724270643725095,1,21.0,0.5212226207190414,2,55.0
3070.0,6,22.0,0.41509433962264153,8.931766945815165,3,14.0,0.5717266145304088,1,14.0,0.5896713468474123,2,11.0,0.5986015636708905,6,39.0
3075.0,7,27.0,0.48214285714285715,8.68379115680604,2,14.0,0.5291252175205229,1,8.0,0.6880822853294973,4,19.0,0.6127495210237927,7,41.0
3080.0,5,43.0,0.7962962962962963,9.876936948370057,2,6.0,0.6367018580039996,1,13.0,0.7096349526417437,2,29.0,0.7716975260381232,5,48.0
3085.0,2,9.0,0.16666666666666666,9.063483116177967,1,8.0,0.701154196268773,0,3.0,0.6815303719445057,1,16.0,0.49027948654350284,2,27.0
3090.0,5,30.0,0.5555555555555556,8.886211963911526,1,13.0,0.691639968070526,1,7.0,0.6702564756773025,3,12.0,0.2750297904404194,5,32.0
3095.0,6,30.0,0.6122448979591837,7.553028579956977,1,18.0,0.6729104787041753,0,0.0,0.5293013107859551,5,27.0,0.32530535500970265,6,45.0
3100.0,1,23.0,0.5,9.633219065239185,1,25.0,0.7905552175142291,0,2.0,0.6941069580222046,0,18.0,0.5872385905637858,1,45.0
3105.0,2,28.0,0.6086956521739131,10.133250709214227,2,30.0,0.666462156033885,0,2.0,0.8197729413401867,0,4.0,0.6638336806553519,2,36.0
3110.0,4,39.0,0.7959183673469388,9.509705281917977,1,33.0,0.626754899022393,0,2.0,0.7808483154327077,3,6.0,0.5813947919697906,4,41.0
3115.0,6,5.0,0.10416666666666667,9.119110733554875,2,1.0,0.6945635101345787,2,3.0,0.710385528406922,2,1.0,0.5738971836368729,6,5.0
3120.0,8,27.0,0.574468085106383,7.156381351455529,2,8.0,0.47226690395198856,1,1.0,0.4719863197751006,5,18.0,0.37783432516886173,8,27.0
3125.0,10,27.0,0.574468085106383,5.392182243116737,1,4.0,0.4326403304676282,5,17.0,0.10788674129346974,4,31.0,0.3622732678550009,10,52.0
3130.0,8,51.0,1.0851063829787233,6.951832663994125,1,1.0,0.461941733176142,7,54.0,0.4363680126209502,0,12.0,0.46839548300326944,8,67.0
3135.0,4,28.0,0.5490196078431373,8.995082869301802,1,6.0,0.6588811507869747,2,56.0,0.6458870072270019,1,2.0,0.5388635785901988,4,64.0
3140.0,5,17.0,0.3148148148148148,8.987107074380788,2,13.0,0.693103619996407,1,26.0,0.7022434642007476,2,7.0,0.5161593452423999,5,46.0
3145.0,7,46.0,0.8363636363636363,8.211465329481852,1,18.0,0.7316487928281007,2,29.0,0.42972824342427757,4,28.0,0.4776124812025867,7,75.0
3150.0,11,59.0,1.2040816326530612,7.417280341454461,2,21.0,0.718766114833961,8,58.0,0.2657329429236182,1,26.0,0.5265232398938827,11,105.0
3155.0,7,49.0,1.0888888888888888,7.6652535241817565,1,26.0,0.7297282404645999,6,69.0,0.42564388970951034,0,6.0,0.4800199985285251,7,101.0
3160.0,1,2.0,0.045454545454545456,8.852156032026958,1,4.0,0.5913819037125569,0,36.0,0.5614055142899095,0,2.0,0.6268113233913588,1,42.0
3165.0,4,13.0,0.2826086956521739,9.249554354189339,4,15.0,0.5444744914077423,0,19.0,0.5511755528438571,0,2.0,0.8407348473542798,4,36.0
3170.0,0,0.0,0.0,9.672327823941906,0,7.0,0.6944121934888594,0,2.0,0.514997379232229,0,0.0,0.8751405910995571,0,9.0
3175.0,0,0.0,0.0,10.638137610020125,0,0.0,0.7829203304181038,0,2.0,0.650728250141997,0,0.0,0.7854997053543251,0,2.0
3180.0,3,2.0,0.041666666666666664,10.616456430536772,1,0.0,0.7559634888738591,1,4.0,0.6462660102024012,1,0.0,0.7837636925910928,3,4.0
3185.0,2,7.0,0.1346153846153846,10.335695723997162,0,0.0,0.8031295425809553,1,9.0,0.6533969836177523,1,0.0,0.610071787847711,2,9.0
3190.0,2,2.0,0.04,9.468556533230412,0,0.0,0.8222897703469823,1,2.0,0.5261331353850565,1,0.0,0.5968483142245878,2,2.0
3195.0,11,39.0,0.78,7.646440350259372,1,2.0,0.5768381354786491,5,24.0,0.2615535312473037,5,13.0,0.42154476216360115,11,39.0
3200.0,8,23.0,0.5,6.708347327921719,1,1.0,0.519391983141246,5,41.0,0.2965602750003414,2,18.0,0.36038344577274456,8,60.0
3205.0,6,19.0,0.40425531914893614,7.692209579759766,4,15.0,0.4699782709302103,0,26.0,0.42448865994432444,2,9.0,0.5079536118151952,6,50.0
3210.0,2,11.0,0.23404255319148937,9.949565326784358,0,17.0,0.6251636101797629,0,4.0,0.7515359172130628,2,13.0,0.6960619633056149,2,34.0
3215.0,3,20.0,0.40816326530612246,9.89586036328229,0,2.0,0.6917629426214896,1,8.0,0.6725444408161397,2,20.0,0.6598126573646088,3,30.0
3220.0,9,50.0,1.0,9.346420613738795,2,1.0,0.6131164505014384,4,24.0,0.56825987419141,3,31.0,0.6085074474604096,9,56.0
3225.0,12,99.0,1.9411764705882353,8.26933221722019,2,7.0,0.5514831682872303,7,52.0,0.4166238110921344,3,46.0,0.5249004588218779,12,105.0
3230.0,11,98.0,1.8846153846153846,7.326133859096256,2,17.0,0.6056506422823639,5,52.0,0.3571511485952315,4,61.0,0.38502940942339225,11,130.0
3235.0,6,32.0,0.64,7.7450149059231,2,29.0,0.6688248597054239,4,34.0,0.3555504292341388,0,39.0,0.5742645771251166,6,102.0
3240.0,3,11.0,0.2391304347826087,8.479992899637994,1,4.0,0.7539782224695383,1,25.0,0.3810125927242489,1,5.0,0.7391897250675185,3,34.0
3245.0,5,21.0,0.4772727272727273,8.730609551597736,3,10.0,0.552522447787148,2,18.0,0.48935659625740896,0,0.0,0.6765187587735902,5,28.0
3250.0,3,26.0,0.6190476190476191,9.183668281495343,0,6.0,0.6213603022163078,3,28.0,0.5632591691910059,0,0.0,0.7186263493798849,3,34.0
3255.0,3,3.0,0.06382978723404255,9.810119936782494,0,0.0,0.7799644012225614,2,13.0,0.5950332915361732,1,0.0,0.6910952387417217,3,13.0
3260.0,6,20.0,0.40816326530612246,9.856500268822414,1,0.0,0.772971820915993,4,24.0,0.4848868593385215,1,0.0,0.7715529484827454,6,24.0
3265.0,2,3.0,0.06,9.20493369828043,0,0.0,0.7472234154427253,1,21.0,0.5143257385985144,1,0.0,0.6005524449242539,2,21.0
3270.0,4,4.0,0.07692307692307693,9.247259302919174,0,2.0,0.8495517713553719,1,8.0,0.5638267318411072,3,5.0,0.515204096469006,4,15.0
3275.0,5,15.0,0.29411764705882354,9.279743061349022,1,2.0,0.6926488039054586,1,1.0,0.6136514135350201,3,17.0,0.5915303724512557,5,20.0
3280.0,6,9.0,0.1875,8.639855242378752,1,7.0,0.7919827374316563,3,3.0,0.49126187196038185,2,13.0,0.5162439879682809,6,23.0
3285.0,10,41.0,0.9111111111111111,7.51240039879733,2,12.0,0.5608715549272018,6,26.0,0.44834704719687657,2,6.0,0.4486613523053535,10,44.0
3290.0,15,91.0,1.7843137254901962,6.3786943943905,3,22.0,0.46908012493677137,10,71.0,0.30057705055301487,2,1.0,0.34813003927203595,15,94.0
3295.0,12,88.0,1.6,6.61727487221775,2,32.0,0.4606942784421948,6,90.0,0.29408759517099936,4,14.0,0.27833241081566296,12,136.0
3300.0,2,6.0,0.11320754716981132,7.592328690528079,0,18.0,0.7224002768522428,1,57.0,0.3029690465712768,1,22.0,0.4975392443832188,2,97.0
3305.0,4,5.0,0.09615384615384616,9.000434811238419,0,2.0,0.6973058236030715,3,18.0,0.4317633746921058,1,7.0,0.6552477183370063,4,27.0
3310.0,3,16.0,0.32,9.487814433113233,0,0.0,0.6159715889621904,2,17.0,0.5870799578544447,1,3.0,0.7585158674645068,3,20.0
3315.0,6,37.0,0.7115384615384616,8.963008169155323,3,6.0,0.49519829791512404,2,29.0,0.6120778025140728,1,6.0,0.7663732724655535,6,41.0
3320.0,6,32.0,0.5818181818181818,9.15893674157828,4,21.0,0.5106890386203966,0,5.0,0.6789056335133352,2,11.0,0.7042286697517984,6,37.0
3325.0,7,60.0,1.0714285714285714,9.452831197080192,3,36.0,0.55996436105791,3,12.0,0.5540270526807934,1,16.0,0.7286569361956855,7,64.0
3330.0,10,33.0,0.6,7.145634345137682,4,15.0,0.33008340747576703,4,21.0,0.28619673151202635,2,21.0,0.6081174231627791,10,57.0
3335.0,8,55.0,1.0185185185185186,8.354821628208358,5,21.0,0.4541114454379995,2,21.0,0.30892473577400786,1,26.0,0.6840925408017539,8,68.0
3340.0,4,48.0,1.0434782608695652,8.736073943854652,2,24.0,0.5113848279978546,1,15.0,0.467163404173697,1,31.0,0.8020988660081565,4,70.0
3345.0,4,19.0,0.4418604651162791,8.733618568435524,1,8.0,0.5971136244288693,2,20.0,0.5335111536756716,1,0.0,0.7628068427140902,4,28.0
3350.0,5,31.0,0.6458333333333334,9.096801619828957,2,7.0,0.7009027706134567,1,24.0,0.6242081898755443,2,2.0,0.345660391850855,5,33.0
3355.0,2,14.0,0.27450980392156865,9.208829321360863,1,14.0,0.6625141544963604,1,4.0,0.62608097788308,0,4.0,0.5097166675808608,2,22.0
3360.0,7,36.0,0.6923076923076923,8.817361465538383,1,19.0,0.7879490684040746,5,23.0,0.3672020490487371,1,0.0,0.6252910469296823,7,42.0
3365.0,6,39.0,0.7959183673469388,8.228987142868613,1,24.0,0.5582858433317155,4,37.0,0.43666558810201306,1,3.0,0.6884892194493174,6,64.0
3370.0,1,2.0,0.041666666666666664,8.041992966299661,0,5.0,0.5716724647969169,0,25.0,0.37755641033902476,1,4.0,0.6556896149047077,1,34.0
3375.0,4,15.0,0.3409090909090909,9.01939535264697,2,9.0,0.636690641623103,0,6.0,0.4717617519233622,2,10.0,0.6122421325755114,4,25.0
3380.0,3,4.0,0.1,8.997390923630912,0,9.0,0.7029816747794464,0,2.0,0.6760109944127873,3,14.0,0.557923570446309,3,25.0
3385.0,2,0.0,0.0,9.464612963407719,1,0.0,0.6557318916223528,0,6.0,0.7788335154753505,1,6.0,0.5887647862753285,2,12.0
3390.0,2,4.0,0.08695652173913043,9.694233157581392,2,4.0,0.4944903471924754,0,4.0,0.9019762762071544,0,0.0,0.656300815830705,2,8.0
3395.0,5,20.0,0.39215686274509803,9.099295891527213,4,20.0,0.3777939513846084,0,4.0,0.7474031704281633,1,0.0,0.6783000267527902,5,24.0
3400.0,8,23.0,0.45098039215686275,8.618595607376566,5,26.0,0.34958886518490045,1,5.0,0.7144829729445942,2,5.0,0.6978270730993544,8,36.0
3405.0,4,14.0,0.2978723404255319,9.300010869522321,2,25.0,0.5583520167231537,1,12.0,0.6659628011236435,1,1.0,0.7277896783069361,4,38.0
3410.0,6,30.0,0.6,9.511837277563725,0,10.0,0.6851073114336563,2,22.0,0.6864333123973748,4,10.0,0.4041495393307132,6,42.0
3415.0,4,35.0,0.7291666666666666,9.892243039011113,0,3.0,0.7756386781561851,2,32.0,0.6876059567334201,2,16.0,0.32645425646902454,4,51.0
3420.0,3,40.0,0.9090909090909091,10.082423580276055,0,0.0,0.7114186663945394,2,42.0,0.7239131818003152,1,6.0,0.6414676831114754,3,48.0
3425.0,2,4.0,0.08695652173913043,10.638181546270406,2,4.0,0.5868926190602546,0,20.0,0.8497181620728894,0,0.0,0.830644897988649,2,24.0
3430.0,3,12.0,0.2608695652173913,9.772926475569076,1,9.0,0.615190230569637,1,4.0,0.6760097215990187,1,1.0,0.704336666710497,3,14.0
3435.0,5,23.0,0.5227272727272727,7.827998386806777,1,14.0,0.6837016583731641,0,5.0,0.5580128864731319,4,9.0,0.3712939271885033,5,28.0
3440.0,3,22.0,0.5116279069767442,7.979620535995601,1,19.0,0.6876714581602786,0,0.0,0.4897014274765104,2,16.0,0.3792360476601451,3,35.0
3445.0,0,0.0,0.0,10.798645177139353,0,0.0,0.8605397245247097,0,2.0,0.7842709874918375,0,5.0,0.7164385247774915,0,7.0
3450.0,3,5.0,0.11627906976744186,10.91995753453011,1,3.0,0.6114467239803626,1,4.0,0.8250064797008454,1,2.0,0.7824810159063276,3,9.0
3455.0,1,7.0,0.175,9.484683380073644,0,5.0,0.39476224804143983,1,9.0,0.7042775501913151,0,0.0,0.7985964573416063,1,14.0
3460.0,1,0.0,0.0,9.725251053838843,1,0.0,0.5084259687542255,0,4.0,0.6099356036898199,0,0.0,0.9238934208422867,1,4.0
3465.0,1,0.0,0.0,11.151659644879398,0,1.0,0.8023651087391899,0,2.0,0.7471231794905556,1,2.0,0.7048795949909455,1,5.0
3470.0,0,0.0,0.0,11.941852225038868,0,1.0,0.8404043647024948,0,2.0,0.8715426875551973,0,2.0,0.8858688709081912,0,5.0
3475.0,5,3.0,0.07692307692307693,9.092390238679378,2,2.0,0.653962624867731,3,4.0,0.4352377074237033,0,2.0,0.8818420650506298,5,8.0
3480.0,7,26.0,0.7428571428571429,6.535722020259404,0,2.0,0.5359270757460031,7,28.0,0.23231184645720862,0,0.0,0.751320894968517,7,30.0
3485.0,11,69.0,1.7692307692307692,6.72036364312351,1,0.0,0.4594041989901472,10,73.0,0.33497660931566847,0,0.0,0.6588064682065027,11,73.0
3490.0,9,46.0,1.0952380952380953,6.842368934976404,3,9.0,0.283247270061137,5,86.0,0.4057034431079771,1,0.0,0.6968065670929503,9,95.0
3495.0,11,47.0,1.119047619047619,6.329577447797076,8,42.0,0.36374509482610967,1,47.0,0.2806486100763832,2,5.0,0.6619641806425185,11,94.0
3500.0,4,18.0,0.4186046511627907,6.358466785344442,3,53.0,0.41983921701313587,1,29.0,0.2678668375012487,0,4.0,0.6377486088586927,4,86.0
3505.0,7,23.0,0.4791666666666667,7.670777644668431,1,22.0,0.45718710225042797,6,52.0,0.3578810704816657,0,2.0,0.738517781131029,7,76.0
3510.0,3,9.0,0.17647058823529413,9.337720744072715,0,0.0,0.7137662451432266,2,46.0,0.5786042165980977,1,0.0,0.6522149236021666,3,46.0
3515.0,3,5.0,0.09433962264150944,10.165334549080692,1,4.0,0.6875242540502692,0,13.0,0.7714094214242873,2,5.0,0.6151636547969344,3,22.0
3520.0,5,18.0,0.32727272727272727,9.763371216906721,0,2.0,0.8053270923535281,1,1.0,0.6543258873660577,4,19.0,0.5504160066523915,5,22.0
3525.0,6,21.0,0.40384615384615385,9.034809983270566,2,8.0,0.5970588714815198,2,10.0,0.6363010101695226,2,18.0,0.6313199413786476,6,36.0
3530.0,3,20.0,0.4166666666666667,8.169125197048302,1,6.0,0.5219127826264568,2,22.0,0.5335504425070696,0,6.0,0.6701472064504905,3,34.0
3535.0,4,8.0,0.15384615384615385,9.289892386816256,3,7.0,0.5034038726136211,1,8.0,0.7723401995906986,0,2.0,0.6320071485877296,4,17.0
3540.0,5,31.0,0.5535714285714286,10.398109637660365,3,22.0,0.4928055394878989,1,10.0,0.7905850162944955,1,5.0,0.7547313594146964,5,37.0
3545.0,5,28.0,0.5,9.81550593871751,1,12.0,0.6499325465399522,3,21.0,0.5570687487297303,1,10.0,0.8037017923529848,5,43.0
3550.0,7,30.0,0.5769230769230769,8.091546597879663,4,13.0,0.45466905426218296,2,17.0,0.4308359577794472,1,15.0,0.734798813880384,7,45.0
3555.0,1,18.0,0.375,7.761368786386726,0,15.0,0.46281032000974864,0,6.0,0.43472574736453895,1,20.0,0.6346045395927138,1,41.0
3560.0,3,27.0,0.574468085106383,9.377746992382855,1,2.0,0.6966309131095666,1,6.0,0.5221990570369646,1,25.0,0.7701728290334711,3,33.0
3565.0,2,14.0,0.3111111111111111,9.925013262395774,0,0.0,0.8450876552348165,2,16.0,0.5906254537770291,0,2.0,0.6668604034805262,2,18.0
3570.0,7,36.0,0.75,9.478480080695958,1,0.0,0.7595204899755207,3,31.0,0.6601649192438918,3,9.0,0.47645467819176407,7,40.0
3575.0,8,73.0,1.553191489361702,9.201914639024796,0,0.0,0.838881959564091,3,44.0,0.5176413763404677,5,31.0,0.3753682609993356,8,75.0
3580.0,8,71.0,1.42,7.919794174066683,1,2.0,0.5675194626552479,3,59.0,0.3520580785270567,4,35.0,0.47594856513077655,8,96.0
3585.0,9,93.0,1.9375,7.614711823259886,6,19.0,0.3689255584252125,3,76.0,0.3935017280991744,0,13.0,0.6185773810746602,9,108.0
3590.0,9,106.0,2.163265306122449,6.406719837617012,5,36.0,0.16854756072484672,3,91.0,0.4900013001847437,1,1.0,0.6207471607821216,9,128.0
3595.0,8,119.0,2.2037037037037037,7.874644437881155,2,33.0,0.32133305627467046,4,108.0,0.570809581935501,2,6.0,0.6428337401029124,8,147.0
3600.0,5,22.0,0.39285714285714285,7.9345035521804945,4,42.0,0.276376746590141,0,76.0,0.6167309538741972,1,11.0,0.6753933955636873,5,129.0
