step,system_total_stopped,system_total_waiting_time,system_mean_waiting_time,system_mean_speed,A0_stopped,A0_accumulated_waiting_time,A0_average_speed,B0_stopped,B0_accumulated_waiting_time,B0_average_speed,C0_stopped,C0_accumulated_waiting_time,C0_average_speed,agents_total_stopped,agents_total_accumulated_waiting_time
5.0,1,0.0,0.0,3.275353540515061,1,0.0,0.23120559897034335,0,0.0,1.0,0,0.0,1.0,1,0.0
10.0,0,0.0,0.0,8.237685247463691,0,0.0,0.8101770245290314,0,0.0,0.10265274337965587,0,0.0,1.0,0,0.0
15.0,0,0.0,0.0,10.074974816412169,0,0.0,0.9553758529163303,0,0.0,0.5623270871992001,0,0.0,0.6174022759140121,0,0.0
20.0,1,0.0,0.0,9.444649043627992,0,0.0,0.9688250896214127,0,0.0,0.9004529548122471,1,0.0,0.4718273091515132,1,0.0
25.0,0,0.0,0.0,9.191037293090622,0,0.0,0.9945313567810977,0,0.0,0.6903183086090969,0,0.0,0.5833126071974009,0,0.0
30.0,1,3.0,0.3333333333333333,10.177508057894451,0,0.0,0.9103459950701338,1,3.0,0.6541051838743341,0,0.0,0.7874309789854748,1,3.0
35.0,1,0.0,0.0,7.753341010640941,0,0.0,0.675121332497589,0,0.0,0.3746298046540953,1,0.0,0.6425307105389583,1,0.0
40.0,2,6.0,0.6,8.672841036829515,0,0.0,0.9939964747653811,2,6.0,0.3090686653053385,0,0.0,0.6405447348351698,2,6.0
45.0,2,16.0,1.6,7.882484451496714,0,0.0,0.6556905554129472,2,16.0,0.47858336574978944,0,0.0,0.621502970618702,2,16.0
50.0,1,5.0,0.4166666666666667,7.33671323755262,0,0.0,0.4454888920015262,0,10.0,0.7048811717336957,1,5.0,0.4061392601750564,1,15.0
55.0,4,13.0,0.7647058823529411,7.6472638823002175,2,3.0,0.5696559704407615,1,0.0,0.4543268113447436,1,12.0,0.5136586763718951,4,15.0
60.0,3,18.0,1.0588235294117647,9.185261690026039,0,0.0,0.7650742637616665,0,0.0,0.7790150250755765,3,20.0,0.5742703791191286,3,20.0
65.0,1,0.0,0.0,10.02757067451272,1,0.0,0.7854970860334344,0,2.0,0.7894647890100519,0,8.0,0.6648749478152216,1,10.0
70.0,0,0.0,0.0,12.085890558586858,0,0.0,0.6886604918438828,0,4.0,0.8959339842959794,0,0.0,0.9339795854224902,0,4.0
75.0,3,3.0,0.13043478260869565,9.2798867902381,2,2.0,0.48792940218067216,0,4.0,0.8045600662499733,1,1.0,0.4942709083357905,3,7.0
80.0,5,24.0,0.96,8.641329337393747,2,12.0,0.37168392909690046,0,2.0,0.8600717053223681,3,12.0,0.4912557361104895,5,26.0
85.0,5,30.0,1.25,7.368024554983623,0,0.0,0.5849075146589507,1,0.0,0.2247650839021221,4,30.0,0.44538485597197486,5,30.0
90.0,4,12.0,0.5,8.249572596514732,1,2.0,0.5494707306048594,1,3.0,0.6659731200596833,2,32.0,0.4108005616443218,4,37.0
95.0,1,6.0,0.2727272727272727,10.824673863734493,0,0.0,0.8987372655007658,1,10.0,0.7620236939783236,0,10.0,0.6600573402191776,1,20.0
100.0,1,2.0,0.09090909090909091,11.1596379328184,1,2.0,0.5192224835904845,0,2.0,0.922202644200727,0,0.0,0.9175713417629132,1,4.0
105.0,3,8.0,0.4444444444444444,9.297556616803044,3,10.0,0.3155857481821247,0,2.0,0.9269455589217641,0,0.0,0.7628311838920337,3,12.0
110.0,0,0.0,0.0,10.70354870970542,0,3.0,0.7251773586453858,0,0.0,0.8497165440765009,0,0.0,0.928350362517215,0,3.0
115.0,2,1.0,0.058823529411764705,9.643146860944903,1,0.0,0.6260209116013927,1,3.0,0.4807138400511164,0,0.0,0.9707950552840828,2,3.0
120.0,4,13.0,0.7222222222222222,8.11067255702047,1,2.0,0.7156089467330485,2,12.0,0.4819058279428493,1,1.0,0.4962681153840588,4,15.0
125.0,4,18.0,0.9473684210526315,7.702335386051992,1,7.0,0.5981455973913813,0,7.0,0.5137522728046133,3,11.0,0.3847133511304489,4,25.0
130.0,5,26.0,1.4444444444444444,7.222674018072689,1,5.0,0.5761464310581993,0,0.0,0.7099487432102557,4,26.0,0.4018834144163526,5,31.0
135.0,4,41.0,2.05,8.411204228696727,1,2.0,0.5901299580710703,0,2.0,0.8377747866582009,3,41.0,0.41949203038382354,4,45.0
140.0,4,60.0,2.727272727272727,8.914300170114993,0,2.0,0.7929320294071044,0,2.0,0.7952648764295682,4,60.0,0.30141856184291177,4,64.0
145.0,1,1.0,0.043478260869565216,9.006450639702113,0,0.0,0.6935192012364351,0,2.0,0.755719856078828,1,33.0,0.40646007646158294,1,35.0
150.0,2,4.0,0.17391304347826086,8.455327769328147,2,4.0,0.4373767120828398,0,2.0,0.5285525418571175,0,1.0,0.825978498104119,2,7.0
155.0,1,5.0,0.19230769230769232,9.611974845148488,0,0.0,0.5784050555432817,1,7.0,0.6097698935920817,0,1.0,0.7270010482127125,1,8.0
160.0,2,10.0,0.38461538461538464,10.786858884378548,0,0.0,0.7075181096129336,1,14.0,0.7363737202746735,1,1.0,0.8076569104507676,2,15.0
165.0,2,2.0,0.07407407407407407,10.01466364370899,2,2.0,0.585582472656541,0,4.0,0.6927748473390466,0,0.0,0.9240619722671362,2,6.0
170.0,3,9.0,0.3333333333333333,9.162825332843955,0,0.0,0.6198454694082205,3,13.0,0.48806678139443227,0,0.0,0.9310363247465367,3,13.0
175.0,9,36.0,1.2,6.431539904819275,2,4.0,0.5267793888314243,6,36.0,0.2328225349190991,1,0.0,0.4308244834317738,9,40.0
180.0,3,13.0,0.4482758620689655,6.03876995447039,0,1.0,0.45665429326280854,3,42.0,0.22521014249560722,0,0.0,0.7803724814070868,3,43.0
185.0,0,0.0,0.0,8.835481733543334,0,2.0,0.5383145510172224,0,17.0,0.6558617160942598,0,2.0,0.78081868471083,0,21.0
190.0,4,8.0,0.26666666666666666,9.110453360572626,3,10.0,0.531504868475751,1,2.0,0.650324560643298,0,2.0,0.7590726739806741,4,14.0
195.0,7,29.0,1.0357142857142858,8.209819823447479,5,30.0,0.4088552136116869,1,3.0,0.7278555829039411,1,0.0,0.7147091850650659,7,33.0
200.0,7,26.0,0.8666666666666667,7.726236183332431,4,40.0,0.3900303347613998,2,9.0,0.4691635453867118,1,0.0,0.6783562523788209,7,49.0
205.0,1,1.0,0.03333333333333333,8.334761632721802,0,22.0,0.5763109303973877,0,4.0,0.646933278311708,1,1.0,0.38041216361171787,1,27.0
210.0,4,13.0,0.3939393939393939,9.388682434981725,1,3.0,0.4852210838614257,0,2.0,0.8143298564688629,3,14.0,0.5717110715148189,4,19.0
215.0,2,9.0,0.2647058823529412,9.309200960759128,2,11.0,0.5609664083356567,0,2.0,0.7462109125140373,0,9.0,0.6630401140582671,2,22.0
220.0,1,3.0,0.09375,9.543465054347294,0,2.0,0.6353063191122433,1,9.0,0.5692186503485623,0,2.0,0.7786141595059121,1,13.0
225.0,3,5.0,0.16666666666666666,9.196423749201449,1,4.0,0.48317994627426425,2,13.0,0.44179323291567846,0,0.0,0.9287230515258553,3,17.0
230.0,1,5.0,0.18518518518518517,9.728787053371732,0,0.0,0.6152737346817314,1,12.0,0.5665735096702033,0,2.0,0.8207247378483686,1,14.0
235.0,2,12.0,0.5,10.96685499195805,0,0.0,0.9566278220189927,2,15.0,0.6300646811004929,0,2.0,0.8184815898487392,2,17.0
240.0,0,0.0,0.0,10.573288367903825,0,0.0,0.7781202657773786,0,6.0,0.7776549324094589,0,2.0,0.7565041679672765,0,8.0
245.0,0,0.0,0.0,10.464242475943736,0,0.0,0.7800179428149395,0,1.0,0.5237756770475985,0,0.0,0.8551530800322888,0,1.0
250.0,1,4.0,0.16666666666666666,8.591650447427421,1,4.0,0.3716926332470337,0,0.0,0.5659514007258778,0,0.0,0.6618952981198406,1,4.0
255.0,2,0.0,0.0,8.513160830216401,1,6.0,0.40926174065651183,0,0.0,0.6484706363663509,1,1.0,0.6319891463979282,2,7.0
260.0,4,7.0,0.23333333333333334,9.240481256967154,2,1.0,0.5700390384044627,0,0.0,0.650300423185087,2,8.0,0.533786198227061,4,9.0
265.0,1,4.0,0.14814814814814814,10.57897705827427,0,1.0,0.8094604859035818,1,4.0,0.6003961306751076,0,3.0,0.6716813339981874,1,8.0
270.0,1,2.0,0.07142857142857142,8.770673941990204,1,3.0,0.39836892150301917,0,2.0,0.6285105034699802,0,0.0,0.6459116249828256,1,5.0
275.0,0,0.0,0.0,9.78242371615495,0,4.0,0.4175145543931208,0,2.0,0.9482353858712494,0,2.0,0.7179886698290265,0,8.0
280.0,2,8.0,0.36363636363636365,10.908919890373792,0,0.0,0.7629906075288151,0,2.0,0.9065676952704521,2,10.0,0.5744117268163556,2,12.0
285.0,2,18.0,0.8571428571428571,10.67327442446312,0,0.0,0.9184203364964635,0,2.0,0.9756648332960838,2,20.0,0.4402310801437803,2,22.0
290.0,1,0.0,0.0,8.634010969474087,1,0.0,0.6174293512138737,0,0.0,0.9470313947145284,0,2.0,0.46119003953563587,1,2.0
295.0,3,10.0,0.4166666666666667,9.596037739992143,0,1.0,0.6491686704392949,1,0.0,0.48596911853101904,2,12.0,0.641586893058422,3,13.0
300.0,0,0.0,0.0,9.76332675038307,0,0.0,0.5313764355984782,0,0.0,0.7137846734229153,0,0.0,0.8022284986149667,0,0.0
305.0,1,4.0,0.18181818181818182,11.365312353548687,1,4.0,0.6522806498956758,0,2.0,0.9518148311034551,0,0.0,0.7100991000785302,1,6.0
310.0,2,9.0,0.34615384615384615,9.863668905509595,1,9.0,0.48193352187452054,0,2.0,0.8301730824393456,1,0.0,0.560673012561417,2,11.0
315.0,3,17.0,0.6538461538461539,10.106732664461342,1,14.0,0.5785669460113949,0,0.0,0.9410876285493168,2,3.0,0.5406563369668527,3,17.0
320.0,2,3.0,0.13043478260869565,9.640115796418595,2,3.0,0.5702502448615556,0,0.0,0.9407956402660239,0,0.0,0.8044205781222508,2,3.0
325.0,1,8.0,0.3333333333333333,10.38136273686649,1,8.0,0.784351762975089,0,2.0,0.6873966801160809,0,0.0,0.7827044894371743,1,10.0
330.0,2,13.0,0.5416666666666666,8.882069518737525,2,13.0,0.40128169661890917,0,2.0,0.8765664348739926,0,0.0,0.7550792360126897,2,15.0
335.0,9,36.0,1.3333333333333333,5.780011687632244,6,30.0,0.17936330238531673,1,3.0,0.5657653347305494,2,5.0,0.6101618344528192,9,38.0
340.0,3,13.0,0.40625,6.810305746906404,1,24.0,0.5515399472208463,2,10.0,0.4227744516078567,0,4.0,0.33074265458572094,3,38.0
345.0,1,4.0,0.1111111111111111,8.655898642243683,0,3.0,0.6514036023174226,0,11.0,0.5898724366101602,1,6.0,0.5491299254572294,1,20.0
350.0,6,19.0,0.5135135135135135,8.981988462459721,3,9.0,0.5495969070715175,1,9.0,0.7728709046633493,2,7.0,0.5282770643696041,6,25.0
355.0,10,47.0,1.236842105263158,8.43467760918725,6,28.0,0.20135330337193597,1,5.0,0.8078192481809261,3,20.0,0.457322827001644,10,53.0
360.0,4,20.0,0.625,7.677268314151153,2,36.0,0.442422554390313,1,6.0,0.6673455173989175,1,17.0,0.37998998207716084,4,59.0
365.0,1,11.0,0.3333333333333333,9.791973631654878,0,16.0,0.6897694575862979,1,13.0,0.7841921394690706,0,2.0,0.6380143236331021,1,31.0
370.0,3,21.0,0.7241379310344828,9.696377257680714,1,5.0,0.7632224728115776,1,18.0,0.6301216615795108,1,4.0,0.6824298130648239,3,27.0
375.0,4,15.0,0.5172413793103449,8.745238892909512,0,0.0,0.6266159013604207,0,2.0,0.821872993729578,4,17.0,0.533917364299645,4,19.0
380.0,2,4.0,0.14814814814814814,7.624909423938227,0,0.0,0.7981059093637857,1,7.0,0.31941056003207785,1,17.0,0.3891297783116558,2,24.0
385.0,1,1.0,0.037037037037037035,8.802414820022017,1,1.0,0.5247495865918775,0,8.0,0.6314178315457534,0,1.0,0.5744753510301799,1,10.0
390.0,3,11.0,0.36666666666666664,8.880310337494125,1,8.0,0.6576606935907718,0,4.0,0.805034315318343,2,6.0,0.35668947212152735,3,18.0
395.0,7,28.0,0.9655172413793104,7.81752740975171,0,4.0,0.6948966577047739,2,6.0,0.4573038009141487,5,27.0,0.26558723005303814,7,37.0
400.0,3,10.0,0.35714285714285715,7.857884252084496,1,4.0,0.7285484916496706,1,13.0,0.5274021750206691,1,24.0,0.33926576909130124,3,41.0
405.0,5,26.0,0.9285714285714286,8.675933180655978,1,7.0,0.5542577389085368,4,27.0,0.6192056082923895,0,1.0,0.5116364983844379,5,35.0
410.0,2,15.0,0.5,9.498993679036735,1,12.0,0.6634524799217071,0,14.0,0.7631312994649463,1,4.0,0.40031562123863307,2,30.0
415.0,3,15.0,0.4838709677419355,9.409752131730603,1,4.0,0.6625567104245002,0,2.0,0.8586426725089574,2,16.0,0.5596387880752471,3,22.0
420.0,4,12.0,0.41379310344827586,8.972514158815725,3,14.0,0.5219197519191102,0,0.0,0.773959211565398,1,14.0,0.7098025148242152,4,28.0
425.0,5,30.0,1.0344827586206897,8.768915353458425,5,32.0,0.4517912963053193,0,2.0,0.7115528716858706,0,2.0,0.8833613589074049,5,36.0
430.0,3,13.0,0.43333333333333335,8.93265629038561,2,35.0,0.46930233892387074,1,2.0,0.7414605050691474,0,0.0,0.898678659911717,3,37.0
435.0,2,1.0,0.03125,10.005251686228732,2,16.0,0.4869218655980985,0,4.0,0.8629482374472619,0,0.0,0.9323724763585758,2,20.0
440.0,2,6.0,0.17647058823529413,10.068463562955277,1,6.0,0.6416373089631362,1,4.0,0.6283961821196422,0,0.0,1.0,2,10.0
445.0,4,19.0,0.59375,9.533185914065324,2,12.0,0.33970942280873256,2,11.0,0.6873747235625572,0,0.0,1.0,4,23.0
450.0,2,4.0,0.125,7.767001919356622,0,0.0,0.5790627058352338,2,14.0,0.44875778611722483,0,0.0,0.49537534547566864,2,14.0
455.0,2,7.0,0.25925925925925924,8.925658422951134,0,2.0,0.8171085487344142,2,11.0,0.41064621639473203,0,0.0,0.7822854850507858,2,13.0
460.0,4,8.0,0.3333333333333333,7.737197730996981,0,2.0,0.6760445249129434,4,18.0,0.11073965549382367,0,0.0,0.8506325943926208,4,20.0
465.0,8,43.0,1.7916666666666667,7.706998522302894,1,7.0,0.6665031899400226,7,42.0,0.11406697906024027,0,0.0,0.8118988180249816,8,49.0
470.0,3,17.0,0.7083333333333334,8.337340057437222,2,10.0,0.3718702386111391,1,41.0,0.3522796525592172,0,0.0,0.8613302817464676,3,51.0
475.0,0,0.0,0.0,10.936228316830046,0,2.0,0.7635325924162757,0,7.0,0.7600355468487504,0,2.0,0.9156994208912187,0,11.0
480.0,0,0.0,0.0,10.86728600709285,0,2.0,0.6825660109701714,0,0.0,0.7341381475429214,0,2.0,0.8340038175840577,0,4.0
485.0,3,6.0,0.23076923076923078,9.53489670460036,1,2.0,0.7677154370246702,2,6.0,0.4106137646331239,0,2.0,0.7851725665841683,3,10.0
490.0,1,0.0,0.0,9.144968856554058,0,0.0,0.8214490826109996,0,4.0,0.674766196634493,1,0.0,0.390375260780252,1,4.0
495.0,2,6.0,0.21428571428571427,10.52717097524796,0,1.0,0.8101400763446044,0,0.0,0.8858379494515071,2,8.0,0.5223926659726635,2,9.0
500.0,0,0.0,0.0,10.076868588893618,0,1.0,0.8215472902270812,0,0.0,0.7427368446108311,0,11.0,0.6264035018500709,0,12.0
505.0,1,4.0,0.14814814814814814,10.291459129908548,0,0.0,0.8459499245082551,0,0.0,0.7042520451924895,1,6.0,0.6647060121403008,1,6.0
510.0,3,14.0,0.4827586206896552,9.818058719347462,0,0.0,0.6271659419072055,2,5.0,0.5737467934905905,1,9.0,0.46127813682337204,3,14.0
515.0,3,9.0,0.32142857142857145,8.261821380349817,3,9.0,0.48027389222415245,0,2.0,0.47938414204816066,0,0.0,0.4113064072287504,3,11.0
520.0,1,3.0,0.12,9.075648086577798,0,8.0,0.6162933838184066,0,0.0,0.37023919876691197,1,5.0,0.7349442523973284,1,13.0
525.0,3,4.0,0.16,9.803597335897164,1,0.0,0.6596281547469137,1,6.0,0.6936379176327829,1,2.0,0.7223028558684083,3,8.0
530.0,2,1.0,0.037037037037037035,10.228319162597606,1,1.0,0.48955853087093704,1,2.0,0.6196896412193602,0,0.0,0.8822259688110794,2,3.0
535.0,3,7.0,0.22580645161290322,10.14513820130577,1,6.0,0.6024822531028823,0,2.0,0.8431176974757693,2,1.0,0.4998518212530431,3,9.0
540.0,3,9.0,0.3103448275862069,8.996927019577305,0,0.0,0.8341898682331784,0,0.0,0.5871496742257529,3,9.0,0.16694304661198833,3,9.0
545.0,3,8.0,0.2857142857142857,8.360492250788154,1,2.0,0.4943580628759328,2,6.0,0.5679074455099337,0,0.0,0.6953653101031243,3,8.0
550.0,1,0.0,0.0,8.975502389624546,0,3.0,0.5662975269215542,0,0.0,0.3811288778402785,1,2.0,0.7356974845260895,1,5.0
555.0,4,9.0,0.2903225806451613,9.534564035375174,2,1.0,0.5401950953719757,2,10.0,0.6121829472507532,0,2.0,0.8120069610944987,4,13.0
560.0,1,6.0,0.1935483870967742,10.247898012233819,1,6.0,0.7427684668853334,0,2.0,0.7342997456092497,0,2.0,0.7725221517733529,1,10.0
565.0,3,14.0,0.42424242424242425,9.899122026801775,2,14.0,0.6174538892950326,0,0.0,0.9138786491983133,1,4.0,0.4926187758420173,3,18.0
570.0,3,0.0,0.0,8.849746628513845,0,6.0,0.5702658588589347,1,0.0,0.6352811922827927,2,4.0,0.647424833834763,3,10.0
575.0,5,16.0,0.38095238095238093,8.547335956157188,3,11.0,0.366849219618015,2,7.0,0.5282883898807788,0,2.0,0.630567154556607,5,20.0
580.0,9,30.0,0.8108108108108109,5.979025240610483,3,17.0,0.36425883094250217,5,24.0,0.08671419441422379,1,1.0,0.5264061783124698,9,42.0
585.0,5,23.0,0.6216216216216216,7.345610333557406,1,12.0,0.5481394156232654,3,39.0,0.4192692377214826,1,3.0,0.5422595884850833,5,54.0
590.0,2,10.0,0.2631578947368421,10.001319529209287,1,9.0,0.6282767976137559,0,21.0,0.781700438849188,1,10.0,0.7376754966961069,2,40.0
595.0,4,23.0,0.575,8.906250241017595,2,15.0,0.46030838724816775,0,4.0,0.6642618182222694,2,15.0,0.6771724811884737,4,34.0
600.0,3,11.0,0.275,8.541530649939691,1,11.0,0.5782202166812337,2,10.0,0.652178060618844,0,4.0,0.6527025430183392,3,25.0
605.0,6,13.0,0.29545454545454547,7.791228962650226,1,1.0,0.6611247779208617,1,5.0,0.5398661931869965,4,12.0,0.47332417630820556,6,18.0
610.0,6,21.0,0.4375,7.128422502306814,0,0.0,0.637834914830825,5,23.0,0.35310499480156127,1,12.0,0.4545723849481596,6,35.0
615.0,5,14.0,0.30434782608695654,7.849207026435475,1,2.0,0.6113724067196165,3,30.0,0.4950685664665434,1,0.0,0.4848652891205181,5,32.0
620.0,3,4.0,0.0784313725490196,8.680555018882039,0,2.0,0.6694045976769827,1,17.0,0.6067631927735921,2,6.0,0.5223715096385886,3,25.0
625.0,2,7.0,0.14,9.789186467818883,0,2.0,0.8636546454235396,1,9.0,0.7796159831411601,1,8.0,0.5611352059973675,2,19.0
630.0,8,25.0,0.5,8.46540781773228,0,2.0,0.828676855403907,1,6.0,0.5584090646092837,7,25.0,0.3774397853659259,8,33.0
635.0,5,16.0,0.3333333333333333,8.077326042060598,0,0.0,0.6905531377455134,4,18.0,0.47503244317546756,1,29.0,0.40311919386241934,5,47.0
640.0,2,10.0,0.25,7.833627031968492,0,0.0,0.7781682874800385,2,25.0,0.4881923458529237,0,7.0,0.4143533676225706,2,32.0
645.0,3,5.0,0.11363636363636363,9.386422227863662,1,2.0,0.5552288280413135,0,13.0,0.7000893516386054,2,7.0,0.6119010318552516,3,22.0
650.0,2,10.0,0.2222222222222222,10.50205945005629,1,2.0,0.6355533264387839,0,2.0,0.8423020606024658,1,10.0,0.7534104557817979,2,14.0
655.0,3,17.0,0.37777777777777777,10.373468210630268,2,4.0,0.6905100301062177,0,2.0,0.6325507040291873,1,15.0,0.8095686956198967,3,21.0
660.0,5,30.0,0.7317073170731707,8.170064963454458,0,0.0,0.5491410801225325,4,12.0,0.29563715563717624,1,20.0,0.7113444021299611,5,32.0
665.0,8,37.0,0.925,7.76831688164948,2,4.0,0.5369176665744257,4,23.0,0.36248968448935104,2,25.0,0.5490395459758834,8,52.0
670.0,3,1.0,0.023255813953488372,8.766972040026655,2,2.0,0.5305010213956877,0,15.0,0.5125251179962964,1,3.0,0.6071155380083112,3,20.0
675.0,5,19.0,0.4523809523809524,9.152794167195397,3,12.0,0.5578003677595416,0,4.0,0.628517864688155,2,11.0,0.47733051913573926,5,27.0
680.0,5,24.0,0.6,8.087635688418604,0,7.0,0.6234106014328559,2,2.0,0.309283161266714,3,24.0,0.44172837115376196,5,33.0
685.0,7,20.0,0.4878048780487805,7.754552891766725,2,3.0,0.6634684695716114,3,14.0,0.49315971866496117,2,23.0,0.3927827762123941,7,40.0
690.0,2,8.0,0.18604651162790697,9.072619849119718,1,8.0,0.6850191472729529,0,9.0,0.677185131921818,1,5.0,0.6258137455320656,2,22.0
695.0,3,18.0,0.4090909090909091,10.327093763419908,2,17.0,0.610131326853568,0,4.0,0.8415821564305225,1,1.0,0.6021906554714805,3,22.0
700.0,7,36.0,0.8181818181818182,8.794554170969034,3,31.0,0.38636767048008397,3,6.0,0.6373527186027064,1,3.0,0.6197283710536429,7,40.0
705.0,7,67.0,1.558139534883721,8.768150731648651,3,46.0,0.45174562393174966,2,14.0,0.6470443806348525,2,7.0,0.5999619746562685,7,67.0
710.0,1,2.0,0.04878048780487805,7.3179400400321475,0,13.0,0.42173440274831675,1,2.0,0.4609967255625151,0,7.0,0.5900815726654193,1,22.0
715.0,6,22.0,0.55,8.426432903837773,1,3.0,0.6052625195967667,4,23.0,0.48651260457655043,1,0.0,0.6094886118841307,6,26.0
720.0,2,7.0,0.1794871794871795,8.783709044331504,0,0.0,0.6493547045426604,0,19.0,0.6333467192879619,2,7.0,0.527313838108974,2,26.0
725.0,4,3.0,0.07317073170731707,8.186497435388658,2,2.0,0.5010840224314891,0,6.0,0.7799971890968358,2,10.0,0.49326091110056675,4,18.0
730.0,8,32.0,0.7441860465116279,9.112400493245996,2,8.0,0.7127918134611846,0,2.0,0.8669245577244062,6,28.0,0.43051146343496244,8,38.0
735.0,2,6.0,0.13333333333333333,7.6945853367164645,0,2.0,0.7443469037760687,0,2.0,0.4198864211315237,2,35.0,0.35423310756124593,2,39.0
740.0,7,19.0,0.4222222222222222,7.789653635055512,4,12.0,0.45284237122129894,3,13.0,0.48778761756392425,0,6.0,0.4339589659484313,7,31.0
745.0,4,4.0,0.09523809523809523,7.71233667448161,4,18.0,0.2725763483057878,0,13.0,0.6133130960859213,0,0.0,0.7250025274601699,4,31.0
750.0,4,12.0,0.26666666666666666,9.191464283710072,0,8.0,0.5707447155001152,3,10.0,0.5864534755735271,1,4.0,0.4482059992848958,4,22.0
755.0,2,7.0,0.1590909090909091,9.770750143293855,0,3.0,0.7334240636100169,0,5.0,0.6482478965992843,2,9.0,0.30257525193777535,2,17.0
760.0,7,24.0,0.5,8.703333339796172,2,6.0,0.5834842343624965,4,8.0,0.49736562275663093,1,14.0,0.5780962185243345,7,28.0
765.0,9,49.0,1.065217391304348,7.6241391678155495,2,3.0,0.5708719135251159,5,30.0,0.4372897131805742,2,17.0,0.3413133570564335,9,50.0
770.0,12,67.0,1.488888888888889,6.294421158440753,4,16.0,0.34561746923729525,7,49.0,0.2491966141056375,1,22.0,0.5629852534199125,12,87.0
775.0,5,42.0,0.9545454545454546,7.169545279626724,1,20.0,0.516972526416569,3,51.0,0.34520037564826894,1,27.0,0.6204655471787535,5,98.0
780.0,7,38.0,0.7755102040816326,7.44791006974078,2,3.0,0.5478941939009832,3,51.0,0.3597870508639881,2,34.0,0.6780801010669937,7,88.0
785.0,12,80.0,1.6326530612244898,8.678228795766538,1,6.0,0.6858457076858072,8,77.0,0.461523207895796,3,40.0,0.6817865585907094,12,123.0
790.0,7,75.0,1.5625,7.946366137696256,2,10.0,0.5801275290191931,3,80.0,0.383854943747649,2,50.0,0.631125835635802,7,140.0
795.0,6,69.0,1.4081632653061225,8.217999057448774,2,11.0,0.45720125949347273,2,45.0,0.4588359029590316,2,60.0,0.6468971578664628,6,116.0
800.0,8,31.0,0.62,9.164662147372258,4,13.0,0.6002048401930788,2,21.0,0.5315165483816502,2,3.0,0.6864586798898971,8,37.0
805.0,9,67.0,1.3137254901960784,8.865919962876623,4,29.0,0.6303613146228109,2,29.0,0.4874696607070588,3,13.0,0.5518115791645758,9,71.0
810.0,8,43.0,0.9347826086956522,7.082753964426043,2,32.0,0.5347736977420684,0,0.0,0.6673602055249308,6,36.0,0.44985498788128747,8,68.0
815.0,8,36.0,0.75,5.707128587358624,2,19.0,0.45201654002014235,1,6.0,0.6770410841510223,5,49.0,0.22125426522785144,8,74.0
820.0,7,33.0,0.6346153846153846,7.457933808195936,4,26.0,0.4699905932665621,0,4.0,0.8058328525018355,3,39.0,0.24752650977333054,7,69.0
825.0,5,6.0,0.1111111111111111,8.405998388754481,2,25.0,0.463934960631243,0,4.0,0.889507615736186,3,26.0,0.37377834342265903,5,55.0
830.0,12,49.0,0.9074074074074074,7.065309935005955,6,27.0,0.27570714682561304,0,2.0,0.7145579323625011,6,49.0,0.2799615317092786,12,78.0
835.0,9,28.0,0.5283018867924528,5.4930465154277845,2,35.0,0.23411466797291966,1,3.0,0.25757511039315595,6,61.0,0.33643907511984306,9,99.0
840.0,8,24.0,0.46153846153846156,6.892215423070239,0,11.0,0.4455345016035797,5,26.0,0.41602271123720425,3,33.0,0.4067355954823575,8,70.0
845.0,4,17.0,0.32075471698113206,9.158737113771597,1,0.0,0.6287782033953224,1,32.0,0.6199011700606956,2,19.0,0.508906759153457,4,51.0
850.0,6,7.0,0.11666666666666667,8.296159073317206,3,3.0,0.5684335797875435,1,12.0,0.6227729926304256,2,21.0,0.4196061887197759,6,36.0
855.0,7,25.0,0.4166666666666667,7.855959982569641,1,4.0,0.6748644355726908,1,13.0,0.37044338486389194,5,32.0,0.5198561920172617,7,49.0
860.0,12,43.0,0.7543859649122807,6.967722905280379,1,6.0,0.5997849167460411,7,31.0,0.2285459790762342,4,38.0,0.4524683219455243,12,75.0
865.0,17,77.0,1.4,5.8022494045655835,1,8.0,0.4505690729114393,12,79.0,0.22657034138303572,4,33.0,0.25919775342876317,17,120.0
870.0,12,71.0,1.290909090909091,7.625919229990822,1,7.0,0.6933707151038276,7,99.0,0.3896200290075386,4,30.0,0.3864825250085122,12,136.0
875.0,4,39.0,0.6964285714285714,8.283549019507976,0,2.0,0.5664727882276334,1,65.0,0.5347822898865093,3,39.0,0.5363693416238999,4,106.0
880.0,5,24.0,0.41379310344827586,8.526286258951082,3,14.0,0.573754585912636,1,25.0,0.4859277381412208,1,18.0,0.6063879877979581,5,57.0
885.0,7,33.0,0.6111111111111112,7.643639555711701,3,22.0,0.5635185057312521,1,16.0,0.5019280059758159,3,14.0,0.44038538558748275,7,52.0
890.0,5,31.0,0.543859649122807,7.717493925010687,0,8.0,0.552754780568013,1,23.0,0.6048173557701784,4,22.0,0.43488201761710393,5,53.0
895.0,1,3.0,0.05263157894736842,9.30025200516663,1,3.0,0.6485680223489065,0,7.0,0.6536585053629214,0,15.0,0.5517233673334743,1,25.0
900.0,6,22.0,0.3548387096774194,9.322579686227192,3,12.0,0.5560290315255774,3,14.0,0.6778924694241679,0,10.0,0.5009948407137278,6,36.0
905.0,8,24.0,0.38095238095238093,7.249923496260278,0,11.0,0.4289770554777426,1,18.0,0.5217202300361004,7,30.0,0.3177783221280754,8,59.0
910.0,12,43.0,0.6825396825396826,6.536203686634695,6,20.0,0.4667219821282625,1,11.0,0.41756317067905363,5,49.0,0.34193802793666517,12,80.0
915.0,8,28.0,0.4666666666666667,7.5384869374648344,3,31.0,0.5021852212018051,1,12.0,0.6715128186715482,4,38.0,0.4660656872053978,8,81.0
920.0,7,44.0,0.7213114754098361,8.174062479620037,4,19.0,0.4795170601171737,1,19.0,0.7104051034102068,2,32.0,0.5443866726520351,7,70.0
925.0,8,43.0,0.6515151515151515,8.170821033005488,5,29.0,0.3853708495676206,0,4.0,0.8410713432028274,3,36.0,0.5385009010466015,8,69.0
930.0,14,48.0,0.7058823529411765,6.717723101780918,10,53.0,0.2412575640290727,2,7.0,0.49680679102209785,2,11.0,0.4086335352996607,14,71.0
935.0,15,60.0,0.9375,5.25760903623992,9,75.0,0.23583287786147575,1,8.0,0.3092701251584743,5,23.0,0.1497896474812758,15,106.0
940.0,11,35.0,0.603448275862069,5.358078597050254,5,71.0,0.31589244567987057,0,4.0,0.5214268990346117,6,43.0,0.2519552463838329,11,118.0
945.0,7,40.0,0.6779661016949152,8.573416077156038,4,50.0,0.4871301558759155,1,7.0,0.7574047511665182,2,32.0,0.4652777331611003,7,89.0
950.0,5,19.0,0.30158730158730157,8.916839679382374,2,40.0,0.46558749219231804,1,12.0,0.8488389604533614,2,20.0,0.4970429288863721,5,72.0
955.0,11,58.0,0.8923076923076924,7.935412491506124,7,47.0,0.26965092537770174,1,15.0,0.7424898675782604,3,21.0,0.5714846898262251,11,83.0
960.0,11,75.0,1.2096774193548387,7.4883768122238115,7,66.0,0.2613545638900725,2,22.0,0.6467167108251262,2,27.0,0.6696893087245227,11,115.0
965.0,8,42.0,0.7,7.071372712617473,5,53.0,0.3367868746721623,2,34.0,0.5900488810512966,1,2.0,0.5559356523803347,8,89.0
970.0,7,29.0,0.4603174603174603,7.811882042140718,2,30.0,0.39057531285902336,0,2.0,0.8482012835159548,5,18.0,0.3177434286488037,7,50.0
975.0,10,43.0,0.6515151515151515,7.5117068105980085,3,29.0,0.4686916560345951,2,5.0,0.5795735952458705,5,33.0,0.24768931390248483,10,67.0
980.0,5,9.0,0.1323529411764706,7.086722772501003,2,17.0,0.3733579747563476,0,7.0,0.48318935732077695,3,24.0,0.39557714474888656,5,48.0
985.0,13,48.0,0.7384615384615385,8.117510610095994,8,29.0,0.3434250338022947,2,8.0,0.6492382391390868,3,20.0,0.5589305686260589,13,57.0
990.0,14,79.0,1.2741935483870968,7.573135398389826,12,82.0,0.21431490265120415,1,3.0,0.6036347942293342,1,9.0,0.6001714888148189,14,94.0
995.0,17,88.0,1.4915254237288136,5.870428558007938,10,112.0,0.14269687091058428,5,15.0,0.2562629370077788,2,9.0,0.47123874734552285,17,136.0
1000.0,11,44.0,0.8148148148148148,5.369207928604998,3,93.0,0.273051276728528,1,23.0,0.36696466232973785,7,35.0,0.19675530796021526,11,151.0
1005.0,6,24.0,0.47058823529411764,7.617576562895722,0,36.0,0.6154310194078263,0,8.0,0.6706476647231018,6,52.0,0.23668156691313572,6,96.0
1010.0,5,2.0,0.03333333333333333,8.989090344177834,2,5.0,0.6913187988254192,2,5.0,0.6705393818829753,1,36.0,0.42420561460472805,5,46.0
1015.0,3,7.0,0.10606060606060606,9.897489289244252,2,7.0,0.6540369107860228,0,4.0,0.7016822820016947,1,11.0,0.6364230492425293,3,22.0
1020.0,7,18.0,0.26865671641791045,8.383787961604181,3,10.0,0.4611201089675503,3,14.0,0.5275509332568463,1,4.0,0.5892976889306556,7,28.0
1025.0,14,63.0,0.9545454545454546,7.137774673042391,8,35.0,0.35017552569317134,3,22.0,0.40659079925240493,3,18.0,0.4415632422622772,14,75.0
1030.0,16,91.0,1.4444444444444444,6.420122137650897,10,80.0,0.37602817441876846,4,31.0,0.4002988110562685,2,15.0,0.48655923211744617,16,126.0
1035.0,11,72.0,1.0588235294117647,6.722346646387566,6,97.0,0.3261913280124237,2,29.0,0.4671893864079207,3,12.0,0.5244055805508374,11,138.0
1040.0,8,36.0,0.5373134328358209,7.263385961086852,3,63.0,0.4576430358268028,1,15.0,0.39474289038752286,4,29.0,0.5924341094012343,8,107.0
1045.0,17,62.0,0.9117647058823529,6.648168043624417,3,35.0,0.40237583969921076,8,39.0,0.3744792042239832,6,36.0,0.4277783864033671,17,110.0
1050.0,9,65.0,0.9027777777777778,7.746405924526736,4,38.0,0.5057355984548769,2,51.0,0.5413188273124154,3,29.0,0.47158048086571586,9,118.0
1055.0,5,8.0,0.11267605633802817,7.619344639231011,2,22.0,0.4931383633745851,0,19.0,0.6103346233707958,3,27.0,0.4447515870707569,5,68.0
1060.0,16,55.0,0.7333333333333333,7.160990616516583,6,25.0,0.3920057733436798,3,8.0,0.39448345774724375,7,42.0,0.40739072697459744,16,75.0
1065.0,12,54.0,0.75,7.055754935806438,3,38.0,0.4274508501694104,3,23.0,0.42829343254874813,6,48.0,0.40665207669636755,12,109.0
1070.0,7,15.0,0.23076923076923078,6.602783725435083,2,17.0,0.4260501937970201,1,16.0,0.4543029335174219,4,41.0,0.41520634268800505,7,74.0
1075.0,10,28.0,0.4,7.5065088902245085,4,19.0,0.3542080651014808,3,12.0,0.6065534205589255,3,36.0,0.47764484913448124,10,67.0
1080.0,13,65.0,0.9027777777777778,7.506042705405479,9,51.0,0.24831817161750136,3,22.0,0.5030693033158748,1,31.0,0.5745082466995024,13,104.0
1085.0,14,76.0,1.0410958904109588,7.145833773532912,9,73.0,0.2529632592890461,2,16.0,0.5630306538166877,3,32.0,0.6131766504811565,14,121.0
1090.0,5,12.0,0.17142857142857143,7.353901879737045,3,61.0,0.36756739017529955,2,7.0,0.5357649126167183,0,13.0,0.6020055104564577,5,81.0
1095.0,11,39.0,0.52,7.571961784747502,2,31.0,0.38166442331020456,6,27.0,0.39162595532076566,3,15.0,0.4843604334557276,11,73.0
1100.0,11,21.0,0.2916666666666667,6.394623615355098,3,26.0,0.3362366821367979,5,37.0,0.2959382083077642,3,21.0,0.38252616526848526,11,84.0
1105.0,12,47.0,0.7121212121212122,6.770052656642244,7,53.0,0.3178391311742187,2,29.0,0.46616238847987784,3,27.0,0.41619654790467225,12,109.0
1110.0,6,26.0,0.41935483870967744,7.005525557871186,4,58.0,0.32840027017353546,1,20.0,0.5564703224756081,1,24.0,0.4746810050071141,6,102.0
1115.0,13,32.0,0.49230769230769234,6.691485421211264,4,32.0,0.3849603728006319,4,19.0,0.4083712955491378,5,32.0,0.4278282326739615,13,83.0
1120.0,17,61.0,0.9104477611940298,6.665674976077516,5,31.0,0.4867321925833815,7,46.0,0.378087958376639,5,41.0,0.3598187787199386,17,118.0
1125.0,10,31.0,0.44285714285714284,6.67131600232449,2,29.0,0.43656812262008426,4,56.0,0.4084024119037859,4,40.0,0.4220822616750789,10,125.0
1130.0,9,34.0,0.4788732394366197,7.433982662940608,6,40.0,0.37344679114446183,1,24.0,0.4373767190096928,2,29.0,0.5534839276113366,9,93.0
1135.0,12,49.0,0.7101449275362319,7.404830129308251,5,52.0,0.3871923895684867,3,22.0,0.5140936195225578,4,30.0,0.5449020825318216,12,104.0
1140.0,6,11.0,0.1527777777777778,7.544861767161895,2,30.0,0.509095075062375,2,24.0,0.5764734525281653,2,23.0,0.46262354825802116,6,77.0
1145.0,11,44.0,0.5945945945945946,7.55382717727265,1,13.0,0.5773555796107166,5,25.0,0.4423261476802715,5,31.0,0.3275245866301306,11,69.0
1150.0,11,28.0,0.37333333333333335,5.7900570493994366,2,9.0,0.4117011515277782,2,31.0,0.3797088894723968,7,49.0,0.19714973253002385,11,89.0
1155.0,16,56.0,0.7777777777777778,6.492222156865204,8,37.0,0.4603443055717347,2,20.0,0.3212580127661165,6,50.0,0.3483948802593635,16,107.0
1160.0,11,35.0,0.5,5.726571673008724,5,56.0,0.35123347571943814,3,17.0,0.34048421228579845,3,45.0,0.390413721681732,11,118.0
1165.0,20,87.0,1.2608695652173914,6.006858355295931,5,43.0,0.3820319461453532,8,47.0,0.30935307123742933,7,67.0,0.24796574097207322,20,157.0
1170.0,17,57.0,0.8507462686567164,4.91751179388062,2,45.0,0.31050711961241895,8,68.0,0.2132774033896611,7,78.0,0.20502331807439855,17,191.0
1175.0,11,41.0,0.6029411764705882,6.565362353328336,9,60.0,0.3066008161797573,1,41.0,0.41173136755222467,1,49.0,0.4373778119658823,11,150.0
1180.0,9,36.0,0.5142857142857142,8.02022176064827,6,73.0,0.42479145950101393,1,16.0,0.6372048397546327,2,13.0,0.5084863364213079,9,102.0
1185.0,6,32.0,0.4444444444444444,8.569567336759702,3,52.0,0.5036665484455438,3,24.0,0.6548831983800467,0,14.0,0.5971900724951923,6,90.0
1190.0,4,13.0,0.18571428571428572,8.034569818522579,0,28.0,0.5428161983165486,0,9.0,0.5978426802930955,4,25.0,0.4358570527597335,4,62.0
1195.0,10,20.0,0.2898550724637681,6.244231826804956,2,12.0,0.4549439960868096,2,8.0,0.43242219861459963,6,35.0,0.1816142417552629,10,55.0
1200.0,11,27.0,0.4153846153846154,6.94576771946487,2,14.0,0.6099561202292281,5,18.0,0.5242545103388896,4,31.0,0.22770807828121858,11,63.0
1205.0,3,31.0,0.45588235294117646,8.618391047922918,2,23.0,0.5900176043317645,0,12.0,0.6564351895518724,1,23.0,0.4700893650829272,3,58.0
1210.0,7,54.0,0.8059701492537313,8.775754174957136,2,33.0,0.530299903906586,3,16.0,0.570891597001979,2,25.0,0.6006822063980672,7,74.0
1215.0,14,111.0,1.7076923076923076,7.55677185917989,2,43.0,0.4501357520119542,8,47.0,0.374475679239625,4,35.0,0.5607217264706418,14,125.0
1220.0,9,41.0,0.6507936507936508,5.470422134112183,0,27.0,0.36518233832486346,8,74.0,0.26392301340362107,1,27.0,0.4848296244761256,9,128.0
1225.0,12,30.0,0.46875,5.513761894242627,2,11.0,0.5438059974851043,4,62.0,0.20680208510444206,6,24.0,0.3012730638977349,12,97.0
1230.0,5,9.0,0.13636363636363635,6.762501081682855,2,14.0,0.6380728793622921,0,31.0,0.26624640782462133,3,35.0,0.4563342583268367,5,80.0
1235.0,7,25.0,0.36231884057971014,8.437689954943933,2,10.0,0.6690621105567576,1,19.0,0.5720227912847411,4,28.0,0.520906162176948,7,57.0
1240.0,8,28.0,0.37333333333333335,8.174291250234562,2,18.0,0.6410792542276611,1,16.0,0.5231816802535356,5,30.0,0.47038881257120935,8,64.0
1245.0,18,70.0,0.8974358974358975,6.95464468407322,1,9.0,0.6281217041865174,8,41.0,0.24831022015736517,9,52.0,0.3203243070153196,18,102.0
1250.0,22,69.0,0.92,5.396403347027905,4,11.0,0.3908945272554621,8,59.0,0.0964612297953422,10,75.0,0.2402831693433973,22,145.0
1255.0,11,28.0,0.417910447761194,5.529517695782622,3,26.0,0.38335780604866304,2,49.0,0.3403023510924297,6,69.0,0.30369079524801373,11,144.0
1260.0,3,5.0,0.07042253521126761,7.365331610021232,1,15.0,0.5152199740976848,0,25.0,0.6064389716556017,2,58.0,0.4244598492308675,3,98.0
1265.0,14,41.0,0.5394736842105263,7.414544042177045,3,10.0,0.5812882438620407,3,29.0,0.5185296273945607,8,78.0,0.3018384074951211,14,117.0
1270.0,17,61.0,0.8243243243243243,5.120919546760844,4,13.0,0.4110822151720541,7,55.0,0.16260734458360915,6,87.0,0.2070009603749247,17,155.0
1275.0,20,71.0,0.9726027397260274,4.859880466108477,7,35.0,0.27370407393109575,6,70.0,0.3220861164924993,7,73.0,0.20055895276051888,20,178.0
1280.0,11,43.0,0.581081081081081,6.471924195085559,8,60.0,0.3092825125190855,0,37.0,0.5707421057257586,3,53.0,0.3545298106464975,11,150.0
1285.0,7,43.0,0.581081081081081,8.985958350710021,4,45.0,0.4331948448879997,1,8.0,0.7251998043745421,2,43.0,0.5870993432958291,7,96.0
1290.0,7,43.0,0.5512820512820513,7.33334250809746,3,46.0,0.3913887945797917,1,5.0,0.514712151053637,3,45.0,0.5440985270145778,7,96.0
1295.0,19,114.0,1.4074074074074074,7.416514975911505,8,71.0,0.33684381298002813,7,24.0,0.4332521852691108,4,58.0,0.523942024089726,19,153.0
1300.0,15,51.0,0.6623376623376623,5.0325603384156645,9,89.0,0.18789905742413193,5,44.0,0.18337142966251369,1,35.0,0.36254079111611764,15,168.0
1305.0,14,41.0,0.5540540540540541,6.313256478405066,5,73.0,0.2872887052481187,3,40.0,0.3593464696509662,6,20.0,0.36298100881734985,14,133.0
1310.0,14,87.0,1.1917808219178083,7.563301522418981,2,48.0,0.5116879564751982,3,30.0,0.4728573644203872,9,53.0,0.33162953704968795,14,131.0
1315.0,15,94.0,1.2533333333333334,7.073211397265696,5,36.0,0.46585692849294097,3,34.0,0.5724533490313538,7,67.0,0.29871219295274026,15,137.0
1320.0,11,38.0,0.4691358024691358,6.79059075521416,5,43.0,0.3689928839235251,2,6.0,0.5201637057128428,4,61.0,0.3847438545494437,11,110.0
1325.0,15,53.0,0.6385542168674698,6.706302230438453,8,55.0,0.20197529692698524,5,25.0,0.4673749955527125,2,63.0,0.46972771041315914,15,143.0
1330.0,24,113.0,1.4125,5.505510191753049,14,96.0,0.10699889753116083,4,31.0,0.2904135814345072,6,73.0,0.3123110405360173,24,200.0
1335.0,19,106.0,1.4929577464788732,4.7684697068239075,10,129.0,0.25629963414417994,3,18.0,0.27910412157021447,6,85.0,0.24465999028566812,19,232.0
1340.0,17,71.0,1.0,6.548913917455764,6,110.0,0.35327596841419245,4,31.0,0.6105549678419376,7,67.0,0.39798973870568416,17,208.0
1345.0,12,67.0,0.8701298701298701,6.360168658533601,7,127.0,0.3175092120805481,4,51.0,0.5469117340720755,1,69.0,0.42638987192696437,12,247.0
1350.0,23,134.0,1.6144578313253013,6.438202636523862,11,153.0,0.30517309800662157,5,71.0,0.5069364851107092,7,80.0,0.33499389336062096,23,304.0
1355.0,29,223.0,2.7195121951219514,4.693750405678009,16,204.0,0.21529608983103798,7,99.0,0.21832210055638854,6,85.0,0.259516885814873,29,388.0
1360.0,27,239.0,2.8795180722891565,4.804889054851908,20,288.0,0.18548872302915062,3,90.0,0.35190015305489175,4,59.0,0.31764546702687435,27,437.0
1365.0,25,211.0,2.453488372093023,5.75202859549025,19,328.0,0.16399375346530295,1,43.0,0.5741815957775402,5,49.0,0.3690260543944361,25,420.0
1370.0,19,137.0,1.6506024096385543,6.3338758795789625,14,291.0,0.18093487947515108,1,41.0,0.6072234660031093,4,53.0,0.40676632765082293,19,385.0
1375.0,10,35.0,0.43209876543209874,6.053835768682068,3,273.0,0.3098044614577773,4,55.0,0.5452546553681114,3,46.0,0.30587325777825225,10,374.0
1380.0,12,43.0,0.48314606741573035,6.404503649204668,6,281.0,0.27567773111273874,3,42.0,0.4942266963525334,3,30.0,0.3477304143217466,12,353.0
1385.0,21,83.0,0.9651162790697675,5.185865629679188,7,262.0,0.14478809376344726,6,33.0,0.33864051836274867,8,58.0,0.32035603009607927,21,353.0
1390.0,22,114.0,1.3902439024390243,4.378604940985336,5,202.0,0.16326442186440945,5,42.0,0.30913411635289595,12,104.0,0.19799687939569632,22,348.0
1395.0,20,110.0,1.3580246913580247,5.319765885250422,4,128.0,0.28567885675496635,5,45.0,0.4041427151855034,11,125.0,0.26883230933919244,20,298.0
1400.0,14,89.0,1.0470588235294118,5.994023726238964,1,54.0,0.3686462022895885,4,57.0,0.4136975899883305,9,136.0,0.2929804136046517,14,247.0
1405.0,16,95.0,1.1046511627906976,6.346736820745426,2,36.0,0.41315609698541006,7,65.0,0.43866877546763605,7,136.0,0.29417711196894764,16,237.0
1410.0,19,88.0,0.967032967032967,5.716173263114412,6,45.0,0.34472958900135,5,74.0,0.3478187912065305,8,169.0,0.17763900878658706,19,288.0
1415.0,16,100.0,1.2048192771084338,5.7959252518233155,7,70.0,0.5033269162727695,5,35.0,0.3035593261272058,4,172.0,0.24433969368029865,16,277.0
1420.0,12,65.0,0.7738095238095238,5.797425156929593,3,48.0,0.49743356914558207,5,53.0,0.2903757082827003,4,139.0,0.2876732533394213,12,240.0
1425.0,16,98.0,1.1264367816091954,6.257162650474758,3,31.0,0.4115828080312029,8,78.0,0.38984902854771275,5,107.0,0.3643884128453941,16,216.0
1430.0,11,44.0,0.4943820224719101,5.901061162961531,6,44.0,0.2736981153541685,3,62.0,0.4517475733886392,2,89.0,0.40099525458897894,11,195.0
1435.0,17,72.0,0.75,6.162507743127477,6,61.0,0.2680298394470059,7,30.0,0.4256142205929054,4,58.0,0.4080991183565406,17,149.0
1440.0,18,81.0,0.8350515463917526,5.6995802423996444,6,68.0,0.2491153560811124,10,64.0,0.35148379838195,2,34.0,0.32270348751341477,18,166.0
1445.0,25,109.0,1.1473684210526316,4.871709180184959,7,78.0,0.2908482458488189,11,98.0,0.12721082881631648,7,52.0,0.2848389203257037,25,228.0
1450.0,25,92.0,0.989247311827957,4.697158715603076,6,81.0,0.28833013202020435,11,99.0,0.13702991937440337,8,72.0,0.3186280427921981,25,252.0
1455.0,21,93.0,1.0108695652173914,5.3169179037123016,10,87.0,0.310749256257237,5,106.0,0.39693173006095245,6,63.0,0.33058466126877006,21,256.0
1460.0,12,24.0,0.24489795918367346,5.402078884960368,3,87.0,0.38282983368293017,4,102.0,0.3792497532266966,5,64.0,0.3279520138024648,12,253.0
1465.0,23,79.0,0.7596153846153846,5.346332617945735,5,79.0,0.2914838828832624,8,97.0,0.27230225057641005,10,93.0,0.21807766391258548,23,269.0
1470.0,27,90.0,0.9473684210526315,3.3312455766199935,5,79.0,0.225792800750915,12,121.0,0.0553360832194196,10,113.0,0.13089906192473408,27,313.0
1475.0,18,68.0,0.7391304347826086,4.28578760636737,5,64.0,0.2626468806538405,9,133.0,0.3131130808339666,4,98.0,0.23912136562696715,18,295.0
1480.0,12,37.0,0.37755102040816324,5.841941567341856,3,64.0,0.32605456130822863,2,110.0,0.4535989821880327,7,73.0,0.3251600562795484,12,247.0
1485.0,15,47.0,0.44761904761904764,5.317985607412286,6,69.0,0.22120485725713787,5,102.0,0.2994388024067142,4,78.0,0.3099172398934518,15,249.0
1490.0,19,55.0,0.5288461538461539,4.061710254658808,5,68.0,0.1899629093096163,8,103.0,0.14574510155247972,6,95.0,0.17243683739688154,19,266.0
1495.0,18,49.0,0.494949494949495,4.522393169358978,4,44.0,0.31363596042068587,5,73.0,0.2872481506053545,9,106.0,0.2353119994848062,18,223.0
1500.0,12,41.0,0.4019607843137255,5.259143649065401,5,35.0,0.2897179115962847,2,58.0,0.44079031760140125,5,88.0,0.2697092872309993,12,181.0
1505.0,21,51.0,0.45132743362831856,4.827414437656581,6,43.0,0.28119101657998735,6,79.0,0.33651005550749674,9,106.0,0.2168253109399765,21,228.0
1510.0,26,121.0,1.0707964601769913,4.39082686079846,4,43.0,0.2577672632547696,13,129.0,0.17782533524067431,9,130.0,0.18498961277719056,26,302.0
1515.0,32,173.0,1.5727272727272728,3.2723094080360284,6,58.0,0.19202983461854456,13,159.0,0.1315003265375182,13,173.0,0.15891462686926455,32,390.0
1520.0,30,155.0,1.5048543689320388,3.5961011980392827,9,75.0,0.27704606196087955,7,145.0,0.2657331315348868,14,212.0,0.15889587377569278,30,432.0
1525.0,27,154.0,1.3873873873873874,4.8640329900828565,10,102.0,0.2918662782316363,3,109.0,0.41760138093183535,14,206.0,0.22900244512226092,27,417.0
1530.0,19,76.0,0.6551724137931034,4.598941234409394,4,97.0,0.3105372916287948,1,106.0,0.38510490870205266,14,243.0,0.1850694788616736,19,446.0
1535.0,26,96.0,0.8,4.6913172598195905,5,64.0,0.27473924410337364,7,126.0,0.2292855118865246,14,278.0,0.17248063485877413,26,468.0
1540.0,34,104.0,0.9122807017543859,3.2471830694865917,7,77.0,0.21370425025530046,10,133.0,0.16177591462031152,17,315.0,0.1175237757173833,34,525.0
1545.0,24,82.0,0.7592592592592593,3.963203218994582,8,86.0,0.2745245147824755,5,115.0,0.3480916797187847,11,304.0,0.17743911783897692,24,505.0
1550.0,21,106.0,0.9464285714285714,4.6828330926096475,9,102.0,0.2821077474179997,6,85.0,0.33123907242210315,6,314.0,0.2683303415996889,21,501.0
1555.0,20,109.0,0.9159663865546218,4.7567327611958925,4,97.0,0.30110223360336374,7,86.0,0.33955449954512135,9,315.0,0.21408205396422808,20,498.0
1560.0,23,124.0,1.0163934426229508,4.438113035189911,6,74.0,0.28927012067302443,7,93.0,0.34211792560281257,10,322.0,0.1667154298631286,23,489.0
1565.0,23,86.0,0.7350427350427351,4.342402882889333,11,78.0,0.2522613890811555,3,72.0,0.4030997911340142,9,292.0,0.18922251757322817,23,442.0
1570.0,26,127.0,1.0583333333333333,4.817281929552584,11,106.0,0.20488495292521933,7,40.0,0.4254830165329564,8,246.0,0.19950578710064087,26,392.0
1575.0,26,136.0,1.1428571428571428,4.400191299727528,10,98.0,0.15390685260611187,9,74.0,0.4192377636444862,7,249.0,0.17159717198050367,26,421.0
1580.0,24,112.0,0.9655172413793104,3.948361465714369,8,127.0,0.18140213494565738,8,90.0,0.22882034629695858,8,251.0,0.16732713830714188,24,468.0
1585.0,30,104.0,0.896551724137931,3.6837030666378374,10,148.0,0.18323478203576482,9,103.0,0.19124753442965212,11,272.0,0.15980649609702052,30,523.0
1590.0,26,82.0,0.7130434782608696,3.9703315984559664,11,164.0,0.22415457289087767,4,110.0,0.28231426977861446,11,261.0,0.2054683111742387,26,535.0
1595.0,25,83.0,0.7094017094017094,4.357542323165161,7,155.0,0.22790482989994965,8,132.0,0.3599112694844301,10,271.0,0.1933477319333666,25,558.0
1600.0,24,81.0,0.680672268907563,3.940063069654932,7,164.0,0.16978356040142095,4,133.0,0.21082233471380257,13,274.0,0.175417938178361,24,571.0
1605.0,28,150.0,1.293103448275862,4.428834213779243,9,184.0,0.2066905034088551,4,106.0,0.22641472891899128,15,297.0,0.19235935551666955,28,587.0
1610.0,29,225.0,2.0833333333333335,4.396768566985251,9,194.0,0.2163453910990235,3,90.0,0.22919708980041353,17,352.0,0.18637219699980925,29,636.0
1615.0,27,190.0,1.9,3.7278137643644884,9,169.0,0.19951734852454459,1,64.0,0.42172825258844876,17,379.0,0.16585977868754861,27,612.0
1620.0,26,169.0,1.5943396226415094,4.389687547573468,9,145.0,0.21660279722993056,2,64.0,0.4506379969382344,15,330.0,0.1273839308100501,26,539.0
1625.0,23,103.0,0.9363636363636364,3.867185136246323,5,151.0,0.18250384451658047,5,62.0,0.3854017638893929,13,350.0,0.14780151865534366,23,563.0
1630.0,26,105.0,0.9210526315789473,4.485256784948836,6,116.0,0.17718768081878045,5,58.0,0.30310779083998485,15,388.0,0.1981371494029533,26,562.0
1635.0,34,212.0,1.9813084112149533,4.6497811867074095,11,162.0,0.18591052608399145,5,55.0,0.29254119449617005,18,465.0,0.18594816907736375,34,682.0
1640.0,29,150.0,1.530612244897959,3.2338346564568305,11,177.0,0.14928691665244231,4,57.0,0.2541097503780806,14,477.0,0.12134566695448619,29,711.0
1645.0,29,111.0,1.15625,4.330755524333672,10,155.0,0.22908548640248785,7,56.0,0.40645220656766395,12,417.0,0.1452272837772212,29,628.0
1650.0,15,60.0,0.594059405940594,4.159563051364813,4,165.0,0.1831464898952408,4,61.0,0.416323046948173,7,429.0,0.15737801168002585,15,655.0
1655.0,28,93.0,0.8773584905660378,4.275828261489536,10,189.0,0.178038464349575,6,62.0,0.27982407265494547,12,470.0,0.1705855199021343,28,721.0
1660.0,28,142.0,1.42,4.1575903066673945,7,197.0,0.20034500334019337,5,57.0,0.2966983597614574,16,543.0,0.2120843029034671,28,797.0
1665.0,27,121.0,1.2474226804123711,3.967356175525327,11,179.0,0.18117479951612642,3,55.0,0.3834443925587187,13,552.0,0.19862650567970375,27,786.0
1670.0,19,77.0,0.7857142857142857,4.505745434602019,5,177.0,0.22274547052457933,5,58.0,0.4129946455329716,9,452.0,0.15896539156009187,19,687.0
1675.0,21,64.0,0.6153846153846154,4.565054354375722,9,187.0,0.20654228291727406,3,57.0,0.3160797262837467,9,483.0,0.16499597624231863,21,727.0
1680.0,22,78.0,0.7647058823529411,4.716475870564799,5,186.0,0.1922417207881601,5,46.0,0.29580927174862026,12,536.0,0.21861085385204584,22,768.0
1685.0,19,81.0,0.8709677419354839,4.318067397371348,3,160.0,0.24114760941729954,4,41.0,0.39890254631331906,12,527.0,0.18961988749359082,19,728.0
1690.0,11,28.0,0.2828282828282828,4.55245657120464,2,147.0,0.3282451330044155,2,44.0,0.4150689525738392,7,446.0,0.19020419969979369,11,637.0
1695.0,10,40.0,0.37735849056603776,5.674761198933667,3,151.0,0.28373919157661304,3,38.0,0.4180978867560124,4,338.0,0.28803007345155307,10,527.0
1700.0,16,59.0,0.5412844036697247,5.117603646228908,5,147.0,0.1973958188165181,7,58.0,0.37828942771231605,4,343.0,0.30218778771351035,16,548.0
1705.0,25,98.0,0.9245283018867925,4.444596929466909,8,120.0,0.1589849441026519,7,80.0,0.35393887016012227,10,363.0,0.2203940507136233,25,563.0
1710.0,24,84.0,0.8235294117647058,4.175970724027651,3,133.0,0.2764285667604235,8,96.0,0.33750053219683684,13,366.0,0.192573116752038,24,595.0
1715.0,21,98.0,0.8990825688073395,4.844769177113415,5,134.0,0.28369375483987574,7,101.0,0.3173671981228657,9,320.0,0.2707542933717808,21,555.0
1720.0,20,113.0,1.018018018018018,5.065040635414874,4,132.0,0.297591966962237,6,111.0,0.40502447843532324,10,316.0,0.2685465968702205,20,559.0
1725.0,22,66.0,0.5892857142857143,4.258646405834265,7,114.0,0.2352607620757386,1,91.0,0.4436897101473815,14,341.0,0.1609103309629312,22,546.0
1730.0,23,124.0,1.0598290598290598,4.345406396060968,4,111.0,0.21545280433267083,5,49.0,0.36167882511911936,14,385.0,0.14083478919228454,23,545.0
1735.0,32,143.0,1.2222222222222223,3.7860277982933437,8,115.0,0.18545993131400218,7,64.0,0.1467420110098268,17,396.0,0.15304097326830998,32,575.0
1740.0,35,143.0,1.2767857142857142,3.5651258915020647,7,123.0,0.24148769395033512,10,73.0,0.22415391611123636,18,367.0,0.15522723333340852,35,563.0
1745.0,24,93.0,0.8303571428571429,4.181852070369471,8,97.0,0.2396687888654294,3,76.0,0.38413406168373027,13,332.0,0.17126579269442258,24,505.0
1750.0,23,101.0,0.8559322033898306,4.7654010680420935,8,100.0,0.24976553004427632,4,56.0,0.35992097510647764,11,360.0,0.14703097035336243,23,516.0
1755.0,26,124.0,1.087719298245614,4.627230045676562,5,102.0,0.20040889541958842,8,61.0,0.30448573388500716,13,401.0,0.15314448550826906,26,564.0
1760.0,36,190.0,1.7592592592592593,3.5215581458825675,9,89.0,0.1512195534896572,13,108.0,0.13984033184048963,14,409.0,0.09864934144827403,36,606.0
1765.0,31,225.0,2.2058823529411766,4.059022739827322,5,85.0,0.21513047889202816,15,183.0,0.24268472780360298,11,348.0,0.1721501382476408,31,616.0
1770.0,27,197.0,1.8942307692307692,4.574496844511054,6,55.0,0.18467657934487416,9,204.0,0.37442209415154193,12,263.0,0.20061469351288205,27,522.0
1775.0,23,107.0,0.9727272727272728,4.626985256357505,5,78.0,0.2527770205866698,7,155.0,0.36731217525995297,11,298.0,0.22500976737233908,23,531.0
1780.0,20,70.0,0.6140350877192983,4.7708279380745156,3,88.0,0.2474313410361463,4,174.0,0.233737503976929,13,322.0,0.23529351773469612,20,584.0
1785.0,28,162.0,1.4336283185840708,4.697464872328473,6,100.0,0.2219520253919322,9,209.0,0.18867970897578099,13,373.0,0.20147655477447887,28,682.0
1790.0,33,188.0,1.8431372549019607,3.771859048031821,11,140.0,0.20889389096733016,9,215.0,0.17486882541872173,13,367.0,0.12436131687889414,33,722.0
1795.0,27,149.0,1.4752475247524752,3.6744581504891354,10,159.0,0.21344199024171995,9,185.0,0.17899496511851115,8,306.0,0.2175253537956198,27,650.0
1800.0,24,98.0,0.9245283018867925,4.2971867002163435,13,161.0,0.22533154918755485,5,187.0,0.32592854837478036,6,308.0,0.24820234610992728,24,656.0
1805.0,28,125.0,1.1261261261261262,4.385495379112247,10,186.0,0.16751503132677614,8,194.0,0.3109531683995207,10,343.0,0.15704396356040068,28,723.0
1810.0,31,157.0,1.4272727272727272,3.983134659482757,11,224.0,0.15598744010308568,11,225.0,0.17651419972101723,9,338.0,0.12085831343365551,31,787.0
1815.0,30,148.0,1.4509803921568627,3.806027923748421,14,287.0,0.15090051408171382,12,230.0,0.20050711587750042,4,272.0,0.17977403701022626,30,789.0
1820.0,21,94.0,0.9215686274509803,4.90794667957062,8,297.0,0.19208220859302208,9,156.0,0.3589172256046587,4,194.0,0.29495334560636166,21,647.0
1825.0,21,87.0,0.8365384615384616,5.188898902826642,10,267.0,0.21960357852440854,7,185.0,0.3753360230075057,4,161.0,0.3605301498817663,21,613.0
1830.0,15,56.0,0.5,5.101390130088002,6,290.0,0.20658423978897478,7,190.0,0.33650403756946895,2,132.0,0.3297210601784345,15,612.0
1835.0,24,69.0,0.6216216216216216,4.60155403044572,10,305.0,0.19633800066763743,8,173.0,0.17892391445399297,6,136.0,0.2749319928403149,24,614.0
1840.0,34,153.0,1.4433962264150944,4.241439810821998,14,350.0,0.1938020890497306,9,121.0,0.1287733201779933,11,178.0,0.27669635192884257,34,649.0
1845.0,32,226.0,2.306122448979592,4.300211118349316,16,423.0,0.21560732258130783,8,114.0,0.24309949078731077,8,181.0,0.29279122683704745,32,718.0
1850.0,31,227.0,2.2475247524752477,5.0368113684441935,15,436.0,0.19800509730121924,8,112.0,0.3984169614044665,8,145.0,0.38356515278069153,31,693.0
1855.0,27,229.0,2.267326732673267,5.0907276119903795,12,357.0,0.2520727947092803,9,139.0,0.45150028665597397,6,138.0,0.3311252409919283,27,634.0
1860.0,25,137.0,1.3047619047619048,4.735793467094971,12,393.0,0.19865378136888143,5,130.0,0.3856124645978037,8,162.0,0.24419051132922645,25,685.0
1865.0,26,116.0,1.1153846153846154,4.448442034323593,14,448.0,0.13310282425689837,4,73.0,0.40525974865230263,8,172.0,0.14040532147800064,26,693.0
1870.0,24,108.0,1.0909090909090908,4.1345795042794995,12,464.0,0.09210039107495938,8,56.0,0.241197209523722,4,138.0,0.21781314116745476,24,658.0
1875.0,17,62.0,0.6458333333333334,4.62242432616105,8,420.0,0.1535387507821897,5,65.0,0.3466019886668989,4,139.0,0.2591680687953008,17,624.0
1880.0,12,72.0,0.7422680412371134,6.02209447428876,3,336.0,0.302338553061715,2,43.0,0.5721638449397901,7,173.0,0.25736467488816756,12,552.0
1885.0,12,72.0,0.72,5.5201288826775405,3,290.0,0.3717719349165351,1,27.0,0.43335734374525814,8,180.0,0.22113436016032822,12,497.0
1890.0,19,108.0,1.0909090909090908,5.691038757540677,4,226.0,0.34986251769972937,6,41.0,0.46555477579421395,9,146.0,0.19182387701498999,19,413.0
1895.0,10,25.0,0.25252525252525254,4.985137382332501,2,219.0,0.3387349434345363,4,45.0,0.2978551083109841,4,158.0,0.19580967260484836,10,422.0
1900.0,18,61.0,0.61,5.368880045842356,5,192.0,0.3620655382879572,5,33.0,0.2536222649368297,8,176.0,0.20376074150190054,18,401.0
1905.0,21,93.0,0.9789473684210527,4.846211594956569,11,224.0,0.3042919250146776,3,31.0,0.26904785129702374,7,180.0,0.17607747049089006,21,435.0
1910.0,21,85.0,0.9770114942528736,4.433965572743335,8,225.0,0.22967636186084722,7,50.0,0.3283944670742041,6,144.0,0.17165198312256064,21,419.0
1915.0,16,62.0,0.7209302325581395,4.997755545109009,7,177.0,0.21363595554601406,3,55.0,0.3607403995844037,6,102.0,0.265688197164748,16,334.0
1920.0,15,50.0,0.5555555555555556,5.685738011791183,8,136.0,0.2709102949630025,3,41.0,0.47882575722624077,4,110.0,0.26370211316052977,15,287.0
1925.0,15,86.0,0.9148936170212766,6.3468945572480555,6,132.0,0.342119195384414,2,32.0,0.5203471785442833,7,134.0,0.295045572609384,15,298.0
1930.0,16,75.0,0.8064516129032258,5.161210143434319,7,103.0,0.4246223276590197,3,16.0,0.2960469827473611,6,138.0,0.2630697883957439,16,257.0
1935.0,19,126.0,1.3695652173913044,4.8854831071313525,6,100.0,0.40035114245525477,7,42.0,0.23334030103615286,6,113.0,0.2384238275543345,19,255.0
1940.0,13,38.0,0.3917525773195876,4.56005449146188,3,74.0,0.36973435505591495,5,61.0,0.2656237446374246,5,119.0,0.155582849924898,13,254.0
1945.0,22,63.0,0.63,4.888477141609729,6,51.0,0.38711741569824343,5,46.0,0.27886254336416627,11,138.0,0.16398575044650068,22,235.0
1950.0,18,55.0,0.55,4.735939784968356,5,63.0,0.30889557755260333,5,49.0,0.2510092083997401,8,150.0,0.23398213811698126,18,262.0
1955.0,18,62.0,0.6326530612244898,4.6356010690637,9,69.0,0.24103880639904224,5,69.0,0.3152628844617385,4,113.0,0.2093068988385706,18,251.0
1960.0,16,36.0,0.35294117647058826,3.993270290720783,7,84.0,0.1754810838617245,4,69.0,0.3075019233500617,5,113.0,0.16088133043035976,16,266.0
1965.0,24,74.0,0.6788990825688074,4.5440116524841505,11,89.0,0.22436892552071425,4,56.0,0.3299790995083241,9,143.0,0.22651029340372184,24,288.0
1970.0,26,124.0,1.180952380952381,3.9998161646328723,8,101.0,0.202398285993311,3,64.0,0.24424002220682872,15,202.0,0.19036733739302253,26,367.0
1975.0,33,160.0,1.5841584158415842,3.5346286858166547,11,92.0,0.12990809950911134,8,99.0,0.22942123812591675,14,219.0,0.15403270536163194,33,410.0
1980.0,22,92.0,0.8761904761904762,4.018852309610876,6,115.0,0.18920756491295004,5,107.0,0.2236742417255285,11,173.0,0.17555913822465716,22,395.0
1985.0,18,53.0,0.5047619047619047,4.7815380161832515,5,102.0,0.2565602458235405,7,84.0,0.23355243286365054,6,175.0,0.2816563349645213,18,361.0
1990.0,22,73.0,0.7019230769230769,4.9738932474810635,6,95.0,0.2603567944237118,5,62.0,0.2752033378471892,11,210.0,0.24536001049316356,22,367.0
1995.0,29,118.0,1.1568627450980393,4.155610232901623,9,92.0,0.241395670148181,3,73.0,0.27157256210005504,17,275.0,0.17259820639321855,29,440.0
2000.0,28,123.0,1.2058823529411764,3.2665972828401935,6,94.0,0.22504392264402157,8,81.0,0.2103215449711497,14,306.0,0.11022511332413902,28,481.0
2005.0,32,160.0,1.5384615384615385,3.8773768798828936,10,99.0,0.204854800453234,11,129.0,0.24745771244014567,11,270.0,0.16712034203688603,32,498.0
2010.0,29,156.0,1.4311926605504588,3.859660389330234,11,147.0,0.10946264734150167,8,140.0,0.26950965355563183,10,290.0,0.16374216028304697,29,577.0
2015.0,28,143.0,1.3364485981308412,4.283982730252473,9,165.0,0.1761841384645557,8,116.0,0.35927726722017495,11,336.0,0.19795247278203285,28,617.0
2020.0,30,122.0,1.1401869158878504,3.794303269297821,9,142.0,0.2142417029494367,7,146.0,0.24299162177243308,14,349.0,0.19405099606260018,30,637.0
2025.0,26,89.0,0.8165137614678899,3.721641096126069,7,163.0,0.22706807044394028,10,177.0,0.22989725809844397,9,299.0,0.16556122250941258,26,639.0
2030.0,24,121.0,1.09009009009009,4.07976496310698,8,201.0,0.16785216664724945,12,228.0,0.25257140334713113,4,295.0,0.23120612252821257,24,724.0
2035.0,31,125.0,1.1261261261261262,3.847360315365649,9,218.0,0.1797332301664235,12,240.0,0.16729189505367434,10,308.0,0.17866893501097833,31,766.0
2040.0,29,118.0,1.0825688073394495,3.8887773584047483,9,203.0,0.2261916863917122,11,214.0,0.2681634801845035,9,303.0,0.1980203040049677,29,720.0
2045.0,19,56.0,0.5233644859813084,3.738312024141091,4,217.0,0.2497726699624751,7,247.0,0.24546547009064457,8,226.0,0.18232250843173745,19,690.0
2050.0,18,64.0,0.5663716814159292,4.539872704299625,6,234.0,0.21645123253566675,9,272.0,0.255203551586811,3,207.0,0.19945358774155236,18,713.0
2055.0,21,75.0,0.6637168141592921,4.070387743910068,6,233.0,0.16200103828694337,8,260.0,0.20468837840273812,7,234.0,0.1917601747915842,21,727.0
2060.0,25,91.0,0.8125,3.7412752790291153,8,220.0,0.22156244482187423,7,189.0,0.1933015133009407,10,233.0,0.21322295211868827,25,642.0
2065.0,19,79.0,0.7053571428571429,4.294072531831642,2,231.0,0.2661444056602296,9,178.0,0.31708108912957667,8,188.0,0.24598324768413807,19,597.0
2070.0,21,125.0,1.050420168067227,5.149093680101157,5,230.0,0.30910479307655936,9,150.0,0.34734182448592366,7,144.0,0.25441798619154843,21,524.0
2075.0,20,111.0,0.925,4.652117006045239,7,221.0,0.19355471497509802,4,153.0,0.38535251698711137,9,136.0,0.24621632898420162,20,510.0
2080.0,18,74.0,0.6379310344827587,4.741800779994099,9,204.0,0.13742468205954558,7,135.0,0.3712893131051071,2,115.0,0.29400263258811354,18,454.0
2085.0,25,105.0,0.9051724137931034,4.452228945544681,9,230.0,0.11244083706715911,9,137.0,0.31511680694942673,7,99.0,0.26039841473489217,25,466.0
2090.0,34,169.0,1.4695652173913043,4.186791940920757,10,251.0,0.17552440403698588,11,152.0,0.07444578892664025,13,133.0,0.22997048728125888,34,536.0
2095.0,43,302.0,2.7962962962962963,3.6695658530649276,12,291.0,0.17511857745709447,12,150.0,0.1545022377027839,19,219.0,0.178202007238745,43,660.0
2100.0,33,242.0,2.220183486238532,3.5285849766232715,9,295.0,0.2008913406601942,3,149.0,0.23731257832795516,21,272.0,0.17342835420061056,33,716.0
2105.0,33,177.0,1.6090909090909091,4.349163910329457,10,231.0,0.20985456744290334,8,147.0,0.32412629275638516,15,267.0,0.17412404479997518,33,645.0
2110.0,32,130.0,1.1403508771929824,3.9859899772147434,7,232.0,0.1480984685705506,10,148.0,0.2765935294893495,15,327.0,0.17460882638536984,32,707.0
2115.0,33,145.0,1.2608695652173914,4.351089366369346,11,276.0,0.19722648285356026,6,117.0,0.21214904991195094,16,402.0,0.19032104574744507,33,795.0
2120.0,28,108.0,0.972972972972973,3.381424566667674,11,292.0,0.22932084328621907,3,132.0,0.20759128555722428,14,419.0,0.1223371335401054,28,843.0
2125.0,26,100.0,0.9345794392523364,4.123963092995077,4,242.0,0.2982917490857286,9,143.0,0.2745267143314316,13,387.0,0.12815894033196062,26,772.0
2130.0,21,69.0,0.6160714285714286,4.482470270563208,2,180.0,0.3082019408750944,9,145.0,0.3050291549678579,10,422.0,0.15767707189303154,21,747.0
2135.0,20,80.0,0.6837606837606838,4.2939102163419856,3,176.0,0.29297274680691127,7,109.0,0.19535290389108953,10,452.0,0.19863935454258463,20,737.0
2140.0,24,123.0,1.0789473684210527,4.6885895739860235,6,196.0,0.32822859126207043,6,82.0,0.2546262601920056,12,450.0,0.1742545256179823,24,728.0
2145.0,16,62.0,0.5688073394495413,4.335574215167547,4,185.0,0.2662355099178591,1,73.0,0.31516473178551124,11,400.0,0.1527622874560027,16,658.0
2150.0,21,57.0,0.5533980582524272,4.355305614072558,8,156.0,0.2220954840915811,7,62.0,0.4035625327662004,6,393.0,0.12958060100608473,21,611.0
2155.0,15,50.0,0.4716981132075472,4.480953984738396,4,146.0,0.20245457114359422,4,66.0,0.3352386526651224,7,399.0,0.14840161533081003,15,611.0
2160.0,22,66.0,0.6285714285714286,4.1840118154846495,7,153.0,0.2507804619641658,5,49.0,0.25767833090983944,10,378.0,0.14587323824515175,22,580.0
2165.0,18,102.0,1.0303030303030303,5.07921828776347,10,189.0,0.3008259417854612,2,36.0,0.3743934059028531,6,295.0,0.23153057088192308,18,520.0
2170.0,19,156.0,1.5757575757575757,5.168193424827838,14,247.0,0.241037799387603,2,38.0,0.610648996517336,3,202.0,0.2832471334749963,19,487.0
2175.0,21,131.0,1.2596153846153846,4.483975230095983,13,266.0,0.22408973678857444,4,38.0,0.5669446532904273,4,206.0,0.2076262564532675,21,510.0
2180.0,27,157.0,1.4672897196261683,4.425284530472231,13,232.0,0.20316019826061085,4,52.0,0.49290676249689397,10,236.0,0.19053966747371306,27,520.0
2185.0,27,182.0,1.7169811320754718,4.261068309697391,12,205.0,0.18031307710778852,0,24.0,0.5265408731045154,15,303.0,0.1623631491105303,27,532.0
2190.0,34,197.0,1.790909090909091,4.095201788109494,12,198.0,0.24081979799433414,4,29.0,0.42529979342954893,17,326.0,0.12101793064423999,33,553.0
2195.0,29,144.0,1.2857142857142858,4.573479242191782,7,217.0,0.24991845063937165,5,22.0,0.4666852861722788,17,295.0,0.14627136009880723,29,534.0
2200.0,31,161.0,1.4504504504504505,5.174045167178594,8,225.0,0.2801809716045717,7,50.0,0.37740523975666707,16,264.0,0.13099863520201377,31,539.0
2205.0,26,83.0,0.7904761904761904,4.527717620898008,7,225.0,0.21333882892188907,7,63.0,0.27177203890173635,12,288.0,0.18432587247847348,26,576.0
2210.0,21,77.0,0.77,4.53001899900605,6,190.0,0.29996550540033545,3,51.0,0.3003156046352267,12,329.0,0.17247328836603443,21,570.0
2215.0,19,107.0,1.0808080808080809,5.306088745110434,4,156.0,0.3534986634675859,4,50.0,0.5309500601834644,11,340.0,0.19225737786823208,19,546.0
2220.0,9,26.0,0.2653061224489796,4.8511287299510695,1,138.0,0.4005402317934121,3,45.0,0.41564485547532487,5,289.0,0.2143610101593212,9,472.0
2225.0,19,83.0,0.8137254901960784,5.178633005558022,5,139.0,0.35473075616089317,9,56.0,0.3385406592684968,5,234.0,0.21794588515105032,19,429.0
2230.0,32,201.0,1.8962264150943395,4.907899036689623,12,175.0,0.15346273968877758,13,116.0,0.2947244736156777,7,185.0,0.2453630510232808,32,476.0
2235.0,25,156.0,1.5,4.061935882520017,11,192.0,0.22141192142156887,12,151.0,0.18165543726705277,2,187.0,0.24399140529640787,25,530.0
2240.0,23,80.0,0.7547169811320755,5.058967435579952,7,142.0,0.31941395004441625,7,126.0,0.2741772003619963,9,182.0,0.2907331218386841,23,450.0
2245.0,23,86.0,0.7962962962962963,5.349279371828346,10,131.0,0.3706829281257879,4,97.0,0.3760755312002236,9,185.0,0.2308829363115884,23,413.0
2250.0,16,46.0,0.42990654205607476,4.890888519988163,4,148.0,0.32490509128831857,2,91.0,0.43294612491410556,10,170.0,0.18377528388695158,16,409.0
2255.0,19,61.0,0.5304347826086957,4.800786788819976,7,170.0,0.256175644801387,7,105.0,0.30143278226327047,5,150.0,0.21753705962728195,19,425.0
2260.0,25,77.0,0.6695652173913044,3.9109261178365693,7,174.0,0.18015637340366958,10,118.0,0.1043469024615361,8,154.0,0.2207524900236418,25,446.0
2265.0,23,92.0,0.8363636363636363,4.2398468055905925,7,158.0,0.27347150120953156,7,102.0,0.2579654719718732,9,160.0,0.23785344306330264,23,420.0
2270.0,23,84.0,0.7567567567567568,4.423033700043661,6,148.0,0.2655486280174683,6,85.0,0.423425586110856,11,140.0,0.18253755481898884,23,373.0
2275.0,17,62.0,0.5344827586206896,4.579968468161212,6,147.0,0.2917661288919655,6,92.0,0.3453658141927739,5,144.0,0.15910336209062395,17,383.0
2280.0,24,83.0,0.7280701754385965,4.087774787694554,8,144.0,0.19083804710894298,8,95.0,0.20465012371948374,8,152.0,0.16733615017646455,24,391.0
2285.0,31,104.0,0.9629629629629629,3.3315041266774936,9,127.0,0.19921303269432403,11,109.0,0.17761660865984427,11,148.0,0.10991242539060407,31,384.0
2290.0,17,63.0,0.6116504854368932,4.228485147659287,4,119.0,0.23441527752234276,5,102.0,0.37065082830567087,8,126.0,0.20550419180824908,17,347.0
2295.0,14,50.0,0.46296296296296297,5.180275798578544,6,111.0,0.2592672464551104,3,71.0,0.3820222782584302,5,91.0,0.2082713855053387,14,273.0
2300.0,19,80.0,0.7207207207207207,5.133513725825822,8,111.0,0.15690900785835027,9,97.0,0.3006667727170424,2,78.0,0.3376485054249385,19,286.0
2305.0,16,84.0,0.8076923076923077,5.109853879493585,6,92.0,0.1606345008160402,7,107.0,0.3689807199022227,3,64.0,0.40903277604593485,16,263.0
2310.0,11,41.0,0.3942307692307692,5.55264776568887,4,68.0,0.2808390907269376,5,80.0,0.2889620977565877,2,22.0,0.4264729269730052,11,170.0
2315.0,16,79.0,0.7523809523809524,5.411483853497377,4,67.0,0.3264279205699246,5,100.0,0.2500300769319835,7,36.0,0.3665336250564098,16,203.0
2320.0,19,70.0,0.6796116504854369,4.692324427178933,2,39.0,0.30686550087164677,10,134.0,0.1924957294056151,7,57.0,0.21931699931154713,19,230.0
2325.0,22,91.0,0.8921568627450981,4.36779745570997,6,34.0,0.21406551233385795,10,150.0,0.1747383613860632,6,52.0,0.21691132560493379,22,236.0
2330.0,26,143.0,1.4742268041237114,4.695321725232808,11,81.0,0.2615029049321245,9,128.0,0.19249408709562174,6,65.0,0.3120458751797457,26,274.0
2335.0,24,163.0,1.63,4.630177412201453,9,102.0,0.2878397480930868,7,105.0,0.20141086454546037,8,96.0,0.3722791825390581,24,303.0
2340.0,16,98.0,0.9607843137254902,6.215592700856908,6,74.0,0.40538987762847056,5,105.0,0.3544970059762695,5,91.0,0.4463990014174947,16,270.0
2345.0,19,87.0,0.8285714285714286,5.706972800733798,7,97.0,0.32080276516530704,7,102.0,0.342972671608524,5,54.0,0.3774146614132634,19,253.0
2350.0,23,146.0,1.3644859813084111,5.404960547681148,10,141.0,0.2339847645891075,7,118.0,0.42411162599624763,6,69.0,0.3112723515126197,23,328.0
2355.0,27,178.0,1.7623762376237624,4.740632029162227,12,163.0,0.18605122525812973,7,135.0,0.44430886098562167,8,75.0,0.28362288565087335,27,373.0
2360.0,24,202.0,1.9611650485436893,4.642417417640158,9,156.0,0.21691300030451405,8,166.0,0.38423371082987806,7,87.0,0.27164682896814646,24,409.0
2365.0,19,79.0,0.7383177570093458,4.442591160646617,5,166.0,0.2118067288686719,4,134.0,0.36386547431586513,10,101.0,0.22841052306287649,19,401.0
2370.0,26,99.0,0.9252336448598131,4.222986855060712,8,185.0,0.13416358636199366,5,53.0,0.3205358133585567,13,137.0,0.1555828818562104,26,375.0
2375.0,28,128.0,1.2427184466019416,3.6890920520789217,7,193.0,0.1260727827707532,8,60.0,0.10868147782119363,13,149.0,0.14606629597518506,28,402.0
2380.0,21,78.0,0.7959183673469388,3.9943812928979567,4,154.0,0.13871096681157166,5,74.0,0.37811675940034667,12,184.0,0.18339099921058105,21,412.0
2385.0,13,44.0,0.43137254901960786,5.689845052618048,4,103.0,0.27185119620504444,0,49.0,0.5611066160513409,9,205.0,0.23733194478041136,13,357.0
2390.0,14,50.0,0.5102040816326531,5.665228233999797,3,77.0,0.37864725709941455,1,15.0,0.6295834077426798,10,216.0,0.1432511339454753,14,308.0
2395.0,15,64.0,0.6736842105263158,5.996468172297066,3,53.0,0.46972855877722974,2,17.0,0.6642235857792061,10,198.0,0.16232964099548222,15,268.0
2400.0,9,49.0,0.5051546391752577,5.816363054191814,2,49.0,0.5012132090110518,0,12.0,0.6143184995460538,7,209.0,0.1352322828389743,9,270.0
2405.0,15,82.0,0.8282828282828283,6.431632037719995,4,49.0,0.5650723758239158,2,13.0,0.5826265279863105,9,211.0,0.16333322126422073,15,273.0
2410.0,17,48.0,0.48,4.603477932636775,3,19.0,0.39225333924177386,2,16.0,0.33175646174718176,12,222.0,0.11062477960439958,17,257.0
2415.0,21,77.0,0.8020833333333334,4.91751380179718,8,40.0,0.3518965572986201,2,14.0,0.3442679860880333,11,201.0,0.19717110189986153,21,255.0
2420.0,13,40.0,0.425531914893617,4.540877251931659,7,59.0,0.2627123049072714,0,6.0,0.4243472978166633,6,206.0,0.189440793697626,13,271.0
2425.0,17,67.0,0.6907216494845361,4.778650623771263,4,52.0,0.2717663834538759,3,19.0,0.46276064056735516,10,218.0,0.12349978448963443,17,289.0
2430.0,22,116.0,1.2210526315789474,4.624213617523389,4,51.0,0.40112503817371065,7,46.0,0.3258099119992306,11,230.0,0.1256387838518981,22,327.0
2435.0,26,80.0,0.8080808080808081,3.884634677359266,6,46.0,0.28853851394568825,8,71.0,0.23460897567438688,12,203.0,0.1511582975898243,26,320.0
2440.0,17,60.0,0.6,5.474047219818155,5,47.0,0.44264318762756016,7,75.0,0.3200764524089193,5,187.0,0.2568190783277037,17,309.0
2445.0,22,81.0,0.8181818181818182,5.088978082090902,6,44.0,0.32954361034533103,6,79.0,0.3081783472503505,10,208.0,0.21645878161842955,22,331.0
2450.0,18,87.0,0.925531914893617,4.829308362491223,6,52.0,0.40470837901652507,5,91.0,0.35058358393266503,7,210.0,0.18841536077032495,18,353.0
2455.0,14,87.0,0.9666666666666667,4.496226764610573,1,47.0,0.40818925950777296,6,96.0,0.38786827362333276,7,173.0,0.15967573261852447,14,316.0
2460.0,16,70.0,0.7216494845360825,5.707159802467913,8,61.0,0.30254389497561457,1,66.0,0.5181477645084516,7,133.0,0.2148071374093528,16,260.0
2465.0,13,42.0,0.42857142857142855,5.406667874278268,7,72.0,0.2941148700755474,4,45.0,0.46049543454938685,2,131.0,0.20416286781757298,13,248.0
2470.0,19,83.0,0.8556701030927835,5.032078148641905,2,55.0,0.3223314326371531,9,76.0,0.21967825092962312,8,130.0,0.22062542941010102,19,261.0
2475.0,21,83.0,0.8645833333333334,4.777488758560616,3,35.0,0.3772991673870796,8,99.0,0.2956732926161926,10,138.0,0.14651406811100767,21,272.0
2480.0,15,39.0,0.4105263157894737,5.24134272802416,3,40.0,0.3936191864336911,3,78.0,0.39452949247663965,9,128.0,0.21179673027560694,15,246.0
2485.0,12,33.0,0.34375,5.286313113162659,3,44.0,0.3985848210600416,2,48.0,0.38594539502835257,7,151.0,0.2087044501982789,12,243.0
2490.0,18,80.0,0.8602150537634409,5.00627386654255,6,55.0,0.37853959772864054,2,31.0,0.45488521486870154,10,177.0,0.1643618531993846,18,263.0
2495.0,24,78.0,0.8125,3.9915503908762155,9,62.0,0.2613991013405118,2,15.0,0.40639226488773106,13,192.0,0.13043827717768192,24,269.0
2500.0,16,58.0,0.6041666666666666,4.272710055186759,5,71.0,0.22801131939509675,5,34.0,0.4293730781189002,6,158.0,0.15007627682156874,16,263.0
2505.0,17,50.0,0.5208333333333334,4.9828218269484355,8,79.0,0.20683811741966743,3,35.0,0.4659339952150377,6,111.0,0.20171685494306843,17,225.0
2510.0,15,47.0,0.5,5.3955266228858845,6,94.0,0.2298964890628469,5,24.0,0.45731517617465844,4,98.0,0.2873709421600249,15,216.0
2515.0,11,73.0,0.776595744680851,6.084129784808002,4,76.0,0.3100515851156439,2,27.0,0.5858363964014032,5,77.0,0.2919942263826564,11,180.0
2520.0,8,42.0,0.4329896907216495,5.929139853646774,4,68.0,0.3168640500879854,3,37.0,0.5319919917827822,1,58.0,0.35141402955689205,8,163.0
2525.0,21,103.0,1.03,5.657854179201735,8,66.0,0.29835229422786586,6,56.0,0.37691450112285646,7,58.0,0.3361492880173549,21,180.0
2530.0,23,69.0,0.7419354838709677,4.11379410703503,11,85.0,0.1942589889003447,5,44.0,0.30336770259163093,7,74.0,0.25163757443464335,23,203.0
2535.0,19,68.0,0.7472527472527473,4.5588269041650555,6,77.0,0.21652061737144732,8,52.0,0.3478359186151884,5,59.0,0.16192644575398646,19,188.0
2540.0,13,45.0,0.4787234042553192,5.045493102052182,4,67.0,0.21130371718389862,6,69.0,0.39789368585706325,3,44.0,0.22435504908006543,13,180.0
2545.0,14,63.0,0.6428571428571429,6.118220474768118,9,96.0,0.20769466861075483,4,49.0,0.42544323468717127,1,39.0,0.5262248824973697,14,184.0
2550.0,17,78.0,0.8210526315789474,5.205440152276461,11,118.0,0.17936023357144779,5,62.0,0.34942404267808524,1,33.0,0.523036680779768,17,213.0
2555.0,15,82.0,0.8817204301075269,5.404389348205921,5,98.0,0.16294784544581659,8,83.0,0.3059599297123171,2,37.0,0.5622255577284123,15,218.0
2560.0,20,163.0,1.7717391304347827,6.460932064286368,4,62.0,0.24910822804247462,14,129.0,0.2991264139193538,2,45.0,0.49670041794168923,20,236.0
2565.0,18,179.0,2.034090909090909,5.674740441282008,3,53.0,0.30138644979112406,13,161.0,0.22938477987579148,2,53.0,0.46108288559245314,18,267.0
2570.0,15,105.0,1.2804878048780488,4.977425393110908,3,28.0,0.252585260639736,10,151.0,0.18685351956972787,2,65.0,0.6184731631084471,15,244.0
2575.0,17,139.0,1.7160493827160495,5.640865081496403,5,31.0,0.32565996724493257,9,130.0,0.1982993280885547,3,75.0,0.5807413521435746,17,236.0
2580.0,13,66.0,0.825,6.169869831591045,4,40.0,0.4031344736495575,9,136.0,0.2870035288975204,0,30.0,0.7034165121058124,13,206.0
2585.0,7,13.0,0.1625,6.39671662216775,4,30.0,0.4006614240690423,1,124.0,0.3718260555715276,2,7.0,0.5396666095789817,7,161.0
2590.0,11,30.0,0.38461538461538464,5.976568725067863,2,26.0,0.4055460782826502,6,115.0,0.3610738847776667,3,11.0,0.3158263419991919,11,152.0
2595.0,10,24.0,0.3076923076923077,5.457656633407069,2,21.0,0.291834977811226,8,130.0,0.2507673997808653,0,3.0,0.5229079657307848,10,154.0
2600.0,13,44.0,0.5641025641025641,5.616037326740666,9,50.0,0.2215615832551671,4,117.0,0.21889195189645047,0,2.0,0.7225189366167537,13,169.0
2605.0,13,46.0,0.5476190476190477,6.240406084844695,7,71.0,0.3213446924655814,3,86.0,0.28920871571787315,3,5.0,0.6394944332068415,13,162.0
2610.0,8,29.0,0.34523809523809523,7.19053521396321,4,56.0,0.4469264888265607,3,72.0,0.39731895790001137,1,3.0,0.6541112681971354,8,131.0
2615.0,6,8.0,0.09090909090909091,6.836510669969499,2,29.0,0.3930947081044469,1,43.0,0.4589106993699895,3,9.0,0.451933534522173,6,81.0
2620.0,10,28.0,0.3181818181818182,6.443675870782797,1,23.0,0.41346168703706615,6,57.0,0.4049875870731044,3,12.0,0.3332962213375206,10,92.0
2625.0,13,52.0,0.6046511627906976,6.108172035314624,2,20.0,0.4417061440932267,9,75.0,0.2633307078666963,2,13.0,0.4750949924870504,13,108.0
2630.0,12,77.0,0.9058823529411765,6.674442847654045,3,29.0,0.5082650838562139,6,71.0,0.3304940475296815,3,29.0,0.47228326825473205,12,129.0
2635.0,18,145.0,1.686046511627907,6.660558176737904,5,47.0,0.5587373044798548,7,74.0,0.28117682502572927,6,51.0,0.5280392348959551,18,172.0
2640.0,5,15.0,0.1744186046511628,6.285634237111792,1,32.0,0.4712301572279976,2,66.0,0.23334624360202202,2,39.0,0.5995096258238639,5,137.0
2645.0,16,52.0,0.6419753086419753,5.599118644221147,4,19.0,0.28375933286991145,10,57.0,0.19012378810378486,2,13.0,0.41803013418871127,16,89.0
2650.0,19,58.0,0.7945205479452054,4.100851498179497,6,35.0,0.1878928538686743,10,86.0,0.14742249166246083,3,18.0,0.2424050213878385,19,139.0
2655.0,13,56.0,0.7777777777777778,5.575572978442557,3,35.0,0.43290954225573114,5,88.0,0.28505875317821966,5,29.0,0.3965152159857977,13,152.0
2660.0,10,55.0,0.6962025316455697,7.087128685526376,2,36.0,0.6482789530552385,3,63.0,0.3359184588702081,5,31.0,0.4569054567408881,10,130.0
2665.0,13,75.0,0.872093023255814,6.5222475798447626,5,46.0,0.5289280426585773,1,48.0,0.27918241619833845,7,40.0,0.4539346335640293,13,134.0
2670.0,16,57.0,0.6627906976744186,5.1180104943139995,5,40.0,0.39064667137450637,7,68.0,0.19748397795009948,4,45.0,0.3221546031980178,16,153.0
2675.0,20,71.0,0.8452380952380952,4.093348444267335,7,68.0,0.22601298281031693,8,88.0,0.22771696550093465,5,35.0,0.26162059797418236,20,191.0
2680.0,17,54.0,0.6428571428571429,4.596724305748528,7,92.0,0.2610102343191105,4,76.0,0.3450895112345397,6,43.0,0.3439797050827195,17,211.0
2685.0,20,85.0,0.9340659340659341,5.4252088626674775,6,95.0,0.36672724478767926,6,62.0,0.27033618541636534,8,52.0,0.41157330512082385,20,209.0
2690.0,18,59.0,0.6344086021505376,5.041777811066616,8,93.0,0.3789307805572255,2,58.0,0.27363093949629064,8,74.0,0.3193448173444662,18,225.0
2695.0,20,88.0,0.967032967032967,5.029243925366802,7,89.0,0.30713294407662134,8,79.0,0.2274680613771792,5,75.0,0.2577535915617139,20,243.0
2700.0,20,88.0,0.9777777777777777,5.537799540170391,8,99.0,0.23260727694796104,7,95.0,0.31158665662554835,5,66.0,0.3201454704952067,20,260.0
2705.0,13,83.0,0.9880952380952381,6.408088147244401,7,91.0,0.2594471487133347,2,69.0,0.38321066040982704,4,80.0,0.6142313318328047,13,240.0
2710.0,14,128.0,1.471264367816092,7.279125810942074,6,91.0,0.40865624699832126,2,38.0,0.421729045390224,6,102.0,0.5423412464726355,14,231.0
2715.0,7,23.0,0.25555555555555554,7.4394758740985605,4,77.0,0.42887668317270444,1,28.0,0.432584881743922,2,64.0,0.6755953592666137,7,169.0
2720.0,14,47.0,0.5164835164835165,7.012711655766953,9,68.0,0.3949968363511249,1,25.0,0.4613931700230376,4,21.0,0.4317307993473468,14,114.0
2725.0,15,55.0,0.6547619047619048,6.229626792691234,9,90.0,0.27813472075754925,3,32.0,0.4842634277864957,3,22.0,0.41756091146831736,15,144.0
2730.0,13,59.0,0.7972972972972973,5.856723604822908,9,90.0,0.24304664916708102,4,43.0,0.4894591899943215,0,10.0,0.5126576741055698,13,143.0
2735.0,5,13.0,0.16666666666666666,6.109305780705169,4,78.0,0.21074828733552478,0,24.0,0.548345278158404,1,5.0,0.5420639496621503,5,107.0
2740.0,12,53.0,0.6463414634146342,6.459628943095135,7,101.0,0.17107552882057947,3,19.0,0.4837447697385323,2,10.0,0.5722465836265714,12,130.0
2745.0,16,61.0,0.8243243243243243,5.396900676395148,11,123.0,0.15662995489264914,3,28.0,0.3433573275653711,2,15.0,0.674710706641598,16,166.0
2750.0,10,23.0,0.30666666666666664,6.035887149101302,6,111.0,0.20819492151055122,3,30.0,0.4362066450695468,1,3.0,0.611292467468084,10,144.0
2755.0,9,24.0,0.2962962962962963,7.379730445771202,4,76.0,0.26852275585651775,1,25.0,0.5751014055057264,4,11.0,0.6016327827938716,9,112.0
2760.0,6,6.0,0.0759493670886076,6.811346080561211,2,53.0,0.3988048305021052,3,19.0,0.3923418034145362,1,9.0,0.505673748900155,6,81.0
2765.0,11,35.0,0.44871794871794873,7.209550168493428,2,26.0,0.4996842667644913,8,46.0,0.33218643815661314,1,5.0,0.4734462735147879,11,77.0
2770.0,8,38.0,0.5066666666666667,8.101615546506649,2,21.0,0.6877773072580559,4,60.0,0.3855183487580455,2,10.0,0.6259657051793381,8,91.0
2775.0,8,43.0,0.581081081081081,7.642587197309343,2,28.0,0.642109871644738,3,39.0,0.38318058959277596,3,21.0,0.46589544549363626,8,88.0
2780.0,6,39.0,0.52,7.671646993401175,3,33.0,0.6310776838701833,3,26.0,0.3321328179137616,0,12.0,0.7326687825868067,6,71.0
2785.0,6,62.0,0.8493150684931506,7.801902155631723,3,43.0,0.6338538954804298,2,27.0,0.3599057900893687,1,4.0,0.6863137414044079,6,74.0
2790.0,7,37.0,0.5606060606060606,6.496659630216522,1,6.0,0.5364357890311184,5,37.0,0.2630019780531504,1,0.0,0.5483619647655888,7,43.0
2795.0,9,36.0,0.5538461538461539,6.80447436564925,6,23.0,0.4112236784165249,2,36.0,0.3227203797968989,1,5.0,0.6526071278224547,9,64.0
2800.0,7,30.0,0.43478260869565216,7.273795751145374,2,26.0,0.3001014006015543,4,25.0,0.43839303077162617,1,10.0,0.5853169676069536,7,61.0
2805.0,4,28.0,0.4444444444444444,7.719596930584187,0,2.0,0.36723745221364135,3,34.0,0.3704774254562563,1,15.0,0.751674465641226,4,51.0
2810.0,7,43.0,0.7166666666666667,7.715352767750699,1,3.0,0.5884640218169191,3,40.0,0.3744668194051245,3,27.0,0.5495844118297184,7,70.0
2815.0,8,77.0,1.2622950819672132,8.288613428841776,1,8.0,0.7864845334514595,2,41.0,0.38193453811177197,5,47.0,0.5396370243123595,8,96.0
2820.0,5,48.0,0.8275862068965517,8.35370676187373,2,13.0,0.7381167905175848,3,48.0,0.3969325855897725,0,20.0,0.7490500550108642,5,81.0
2825.0,6,72.0,1.2857142857142858,8.899277565481116,1,18.0,0.7714483280595746,3,60.0,0.4799542124147805,2,6.0,0.663801711524737,6,84.0
2830.0,4,88.0,1.76,8.089070353028795,1,23.0,0.7227966718210839,3,74.0,0.4586873052662925,0,3.0,0.5505116417322881,4,100.0
2835.0,4,32.0,0.6153846153846154,7.525073007787494,1,28.0,0.6311611475433642,2,50.0,0.5074077145747226,1,3.0,0.47239393197632656,4,81.0
2840.0,8,60.0,1.0909090909090908,7.907531584577618,1,33.0,0.5902044490451508,5,25.0,0.4865035915410527,2,8.0,0.46794170897354653,8,66.0
2845.0,7,60.0,1.0714285714285714,7.579309996104544,2,40.0,0.5606532683886967,3,29.0,0.33264675504448415,2,14.0,0.5377711292494014,7,83.0
2850.0,7,75.0,1.3157894736842106,8.367931207546807,4,52.0,0.5230785705875282,1,17.0,0.4191904736131888,2,26.0,0.6286959085641498,7,95.0
2855.0,2,9.0,0.16666666666666666,8.584526816911321,0,12.0,0.6948870453923045,1,15.0,0.4469608059706136,1,5.0,0.5945120528161896,2,32.0
2860.0,12,43.0,0.7962962962962963,7.433312116755998,3,8.0,0.5226805881157621,2,17.0,0.38147855001569075,7,25.0,0.33023219938786724,12,50.0
2865.0,7,20.0,0.3508771929824561,6.227039359257335,0,8.0,0.5227789064120782,1,2.0,0.19039978967203577,6,46.0,0.3134233481570515,7,56.0
2870.0,6,19.0,0.3584905660377358,7.723920418477464,0,0.0,0.5816505538793028,4,22.0,0.5182254817987433,2,35.0,0.47843574239551173,6,57.0
2875.0,4,11.0,0.20754716981132076,8.259088559722139,2,1.0,0.5034322182860833,1,27.0,0.6098160163286469,1,11.0,0.4219598241166086,4,39.0
2880.0,5,21.0,0.375,8.751958730210633,3,15.0,0.5221119865642261,1,9.0,0.6805931148440187,1,14.0,0.48206487882993254,5,38.0
2885.0,7,29.0,0.5,8.613219088929338,0,7.0,0.6027258126642506,1,12.0,0.7225895838428624,6,29.0,0.423774040331477,7,48.0
2890.0,6,27.0,0.5,8.42883059859224,2,5.0,0.5527518988952849,1,15.0,0.6169876664705408,3,35.0,0.4918835394266805,6,55.0
2895.0,4,23.0,0.4791666666666667,6.962506078642309,1,9.0,0.48802954949534166,1,20.0,0.7273890641317656,2,12.0,0.3971302469965227,4,41.0
2900.0,7,19.0,0.36538461538461536,7.284869260514379,3,7.0,0.4732515375219626,2,5.0,0.7003153643527695,2,13.0,0.4082938123747099,7,25.0
2905.0,5,35.0,0.5932203389830508,8.447385692668465,1,5.0,0.5627944271544774,2,15.0,0.7333880544764858,2,21.0,0.45289281936228587,5,41.0
2910.0,5,15.0,0.25,8.28506793179012,3,11.0,0.4610468869066473,0,2.0,0.6827485348773226,2,4.0,0.5125427149442722,5,17.0
2915.0,11,30.0,0.4918032786885246,7.051772427743976,3,18.0,0.4233854448070385,0,0.0,0.46995622959711164,8,28.0,0.33437198309154165,11,46.0
2920.0,6,15.0,0.25862068965517243,7.273507006246918,1,10.0,0.5496952876357538,0,2.0,0.6855997468707746,5,40.0,0.31420538901805173,6,52.0
2925.0,6,11.0,0.19642857142857142,7.514375853539417,3,14.0,0.5355078604019778,1,8.0,0.6692082140894811,2,28.0,0.4049524611538548,6,50.0
2930.0,11,44.0,0.7096774193548387,7.4526661522939746,8,41.0,0.3166766580417972,2,17.0,0.7249140839642296,1,12.0,0.4027138585855045,11,70.0
2935.0,8,32.0,0.5,6.499858676759647,6,59.0,0.2365483614345586,0,11.0,0.6776546882471355,2,16.0,0.40960800027811306,8,86.0
2940.0,16,48.0,0.7868852459016393,6.3709834889506345,6,58.0,0.34749504488346505,0,2.0,0.7449693248738801,10,43.0,0.3504933183845354,16,103.0
2945.0,18,104.0,1.6507936507936507,6.7461377486792875,4,48.0,0.42661661875806783,1,2.0,0.7591848702683385,13,96.0,0.3089689036419037,18,146.0
2950.0,9,65.0,0.9848484848484849,6.393623355688946,1,43.0,0.4910476407255788,0,0.0,0.7856548185475839,8,118.0,0.18939666127746332,9,161.0
2955.0,11,41.0,0.6029411764705882,7.215239422634472,7,52.0,0.3610294303290997,0,2.0,0.8124287550331158,4,102.0,0.3452846520541664,11,156.0
2960.0,12,44.0,0.6567164179104478,7.146174746752245,7,70.0,0.1918963134812373,2,5.0,0.6796525007842075,3,50.0,0.5110720963937296,12,125.0
2965.0,7,36.0,0.5625,7.266194678951594,3,44.0,0.20443741244599842,1,10.0,0.6618134115120466,3,40.0,0.4997042792786043,7,94.0
2970.0,3,6.0,0.09090909090909091,8.18250670901159,0,22.0,0.4127956610441674,2,9.0,0.6927139880634455,1,28.0,0.4322465794037018,3,59.0
2975.0,9,25.0,0.36764705882352944,7.6547278558738165,1,7.0,0.5499349548608206,2,13.0,0.583232891645357,6,26.0,0.24803889039987415,9,46.0
2980.0,11,31.0,0.49206349206349204,7.362686403914669,1,4.0,0.6753021119387477,2,9.0,0.543126454785603,8,46.0,0.15828146059820525,11,59.0
2985.0,4,19.0,0.3114754098360656,7.9847991769616975,1,8.0,0.7185028379142279,1,10.0,0.5350318187758578,2,40.0,0.3912081312151649,4,58.0
2990.0,13,59.0,0.9516129032258065,7.894580623939576,3,16.0,0.5530296927935591,7,24.0,0.41606277217097837,3,24.0,0.5534297941726753,13,64.0
2995.0,15,86.0,1.3870967741935485,6.749499728067272,5,31.0,0.4184412698759483,7,48.0,0.34438719510868343,3,33.0,0.5300418720066867,15,112.0
3000.0,10,101.0,1.6833333333333333,6.808337627373772,3,48.0,0.5498360003728696,3,45.0,0.3014466399876935,4,53.0,0.4848986285603676,10,146.0
3005.0,4,9.0,0.15254237288135594,6.703103369731594,1,19.0,0.6137043330617721,1,22.0,0.26356234072686224,2,43.0,0.5238121528700569,4,84.0
3010.0,1,5.0,0.07936507936507936,9.046777215348602,0,2.0,0.7632731283231532,0,5.0,0.3828576103017383,1,15.0,0.6348760221420068,1,22.0
3015.0,7,21.0,0.3442622950819672,8.866532839755882,3,1.0,0.6464495943199131,0,1.0,0.6633786614684489,4,22.0,0.5456138051423335,7,24.0
3020.0,3,12.0,0.20689655172413793,8.781303744087399,2,9.0,0.6805924587235375,0,2.0,0.8594467364792767,1,19.0,0.4481166763471002,3,30.0
3025.0,6,24.0,0.39344262295081966,7.889805746458344,2,19.0,0.6132094459919858,3,6.0,0.5059893127561915,1,7.0,0.4071407082626494,6,32.0
3030.0,9,38.0,0.6031746031746031,8.030811846872249,2,5.0,0.5521187641552446,5,26.0,0.5076021996498283,2,13.0,0.4355998510296832,9,44.0
3035.0,16,98.0,1.53125,7.024607539529923,6,21.0,0.29101756522419037,7,58.0,0.3668091323840976,3,23.0,0.5505836471117111,16,102.0
3040.0,10,73.0,1.2166666666666666,7.063151589211698,4,36.0,0.4014728570552632,4,65.0,0.39084522893030965,2,33.0,0.5606801477541069,10,134.0
3045.0,4,47.0,0.8103448275862069,8.194028170187964,1,25.0,0.4856405811660868,1,38.0,0.476630462132652,2,45.0,0.672523442778131,4,108.0
3050.0,7,61.0,1.0517241379310345,9.12847343955889,3,18.0,0.548144108931774,1,17.0,0.614396689342132,3,55.0,0.6750013240830162,7,90.0
3055.0,7,34.0,0.5862068965517241,8.836226609212128,6,38.0,0.5022575588329987,1,13.0,0.5213360010213862,0,2.0,0.79796162350363,7,53.0
3060.0,5,26.0,0.48148148148148145,8.446206933656109,1,32.0,0.5339171175133266,1,16.0,0.5632110951884043,3,10.0,0.5685255183039268,5,58.0
3065.0,4,27.0,0.5510204081632653,6.76462805530762,2,8.0,0.520993992662407,1,23.0,0.625458293922629,1,11.0,0.3305066308866989,4,42.0
3070.0,4,46.0,0.8846153846153846,8.393037454800524,2,16.0,0.564723865554408,2,34.0,0.7105510621804851,0,2.0,0.3750929418454807,4,52.0
3075.0,3,4.0,0.06451612903225806,8.336737929280646,3,4.0,0.4378385887528171,0,4.0,0.8173358564492464,0,0.0,0.5185457275484625,3,8.0
3080.0,7,24.0,0.375,8.565065356922972,5,24.0,0.3635966579063432,0,4.0,0.6860109454428449,2,0.0,0.6042243466373989,7,28.0
3085.0,9,20.0,0.35714285714285715,6.116756810211989,7,41.0,0.23316038740834305,1,1.0,0.4328730688525164,1,2.0,0.47361780055060915,9,44.0
3090.0,10,46.0,0.8679245283018868,7.18253457392778,4,43.0,0.3769217613882733,1,8.0,0.5966561422870211,5,25.0,0.3864974708351838,10,76.0
3095.0,6,36.0,0.72,7.880249873463852,3,39.0,0.4327264064169449,1,13.0,0.7558741142915543,2,31.0,0.42138401917026147,6,83.0
3100.0,4,47.0,0.8867924528301887,9.539946227403465,2,36.0,0.5374863496784803,1,20.0,0.7458491159215052,1,4.0,0.6046261122118499,4,60.0
3105.0,3,62.0,1.169811320754717,10.704913026370699,2,41.0,0.659363598763488,1,23.0,0.6874547549367482,0,0.0,0.8098261169356746,3,64.0
3110.0,2,2.0,0.038461538461538464,9.406434625080733,1,1.0,0.5487229032754137,1,3.0,0.62358228956718,0,0.0,0.7203181738963005,2,4.0
3115.0,13,38.0,0.7307692307692307,7.208071187476469,6,21.0,0.22839145855698917,5,18.0,0.24760620312648177,2,1.0,0.7016037095113206,13,40.0
3120.0,7,27.0,0.5510204081632653,5.881507851768386,2,32.0,0.3227097103664534,3,31.0,0.07927431641170406,2,7.0,0.46571442879608194,7,70.0
3125.0,1,0.0,0.0,7.516690682533254,1,11.0,0.5457458388450978,0,20.0,0.4625011702620305,0,7.0,0.4759950124553657,1,38.0
3130.0,3,6.0,0.13043478260869565,10.351860733814288,1,7.0,0.7385940064355494,0,7.0,0.8101128458429392,2,3.0,0.6672495769040906,3,17.0
3135.0,4,17.0,0.32075471698113206,9.947450441498104,2,12.0,0.6633060685565988,1,8.0,0.7842492560579871,1,6.0,0.5774922556037663,4,26.0
3140.0,5,41.0,0.7454545454545455,9.925431874263946,1,15.0,0.7737621645214533,1,13.0,0.6493521449631959,3,20.0,0.5610558186652944,5,48.0
3145.0,4,3.0,0.05357142857142857,7.33300035182768,0,0.0,0.4632504704752531,2,9.0,0.4363156800731341,2,8.0,0.3968438766354359,4,17.0
3150.0,12,44.0,0.7457627118644068,7.953781195358348,6,20.0,0.41611028435526815,2,11.0,0.418950183223979,4,18.0,0.5467065887746121,12,49.0
3155.0,14,72.0,1.3846153846153846,6.952474149226102,4,30.0,0.4892458080897023,2,18.0,0.3992486948323278,8,46.0,0.4578033667523874,14,94.0
3160.0,6,46.0,0.8846153846153846,7.416678464200942,1,17.0,0.5774341175644371,2,30.0,0.5809922459354075,3,48.0,0.4674884195163891,6,95.0
3165.0,6,28.0,0.5,8.568508593818242,2,16.0,0.6124260194116646,0,19.0,0.7761047850235985,4,24.0,0.4261770775532615,6,59.0
3170.0,6,29.0,0.48333333333333334,8.753858568035097,2,8.0,0.3924720864130441,0,4.0,0.8299020097445221,4,27.0,0.5144726398923362,6,39.0
3175.0,9,66.0,1.1,9.19114308366803,6,24.0,0.3917902557959238,0,2.0,0.8335097052418968,3,42.0,0.5449327011258976,9,68.0
3180.0,8,76.0,1.4339622641509433,8.06991463394452,3,38.0,0.27188370421660646,0,0.0,0.7575832293670988,5,63.0,0.5642799089634852,8,101.0
3185.0,4,12.0,0.2222222222222222,8.607577456629171,1,15.0,0.5178398529176717,0,2.0,0.7352773096626561,3,52.0,0.4867645027155471,4,69.0
3190.0,5,18.0,0.3333333333333333,9.66629220123416,2,8.0,0.672608727335765,0,2.0,0.759635422167205,3,18.0,0.5072076917957712,5,28.0
3195.0,5,22.0,0.4230769230769231,9.357406068730429,1,13.0,0.7839996389523851,0,0.0,0.8205661653161224,4,28.0,0.3911107413958541,5,41.0
3200.0,5,35.0,0.7291666666666666,9.244293627451903,1,18.0,0.7430651684217889,0,2.0,0.7421971745422652,4,33.0,0.39510246746499245,5,53.0
3205.0,5,27.0,0.5510204081632653,8.215958185819225,2,23.0,0.6299534517203486,1,4.0,0.5709368890366633,2,24.0,0.42019692609642717,5,51.0
3210.0,11,64.0,1.2075471698113207,8.112310029187606,1,28.0,0.6307018877121074,3,15.0,0.39661819881881016,7,31.0,0.4061242093600469,11,74.0
3215.0,8,22.0,0.4489795918367347,6.794910047689592,2,2.0,0.5239359120821984,4,26.0,0.3766232180913251,2,36.0,0.31609167846515707,8,64.0
3220.0,4,16.0,0.36363636363636365,8.236522438284787,4,16.0,0.45084973824661456,0,21.0,0.49395455753315964,0,10.0,0.6234912538438072,4,47.0
3225.0,5,11.0,0.25,8.48842917658216,0,9.0,0.6229089812177008,0,6.0,0.7112064967996513,5,21.0,0.4707522949396187,5,36.0
3230.0,7,39.0,0.8666666666666667,8.828997373761318,0,0.0,0.6797002350854624,0,2.0,0.8466013854093032,7,49.0,0.462225781247266,7,51.0
3235.0,6,24.0,0.5217391304347826,7.4434876748158585,1,2.0,0.6443125468853338,1,4.0,0.6265729112672355,4,52.0,0.39136858201424096,6,58.0
3240.0,5,24.0,0.4897959183673469,7.606912738098601,2,8.0,0.6380414747098505,3,20.0,0.5829930865454174,0,29.0,0.38903023274387166,5,57.0
3245.0,2,2.0,0.038461538461538464,8.431486929356682,0,4.0,0.6095011392132897,0,12.0,0.6669851314162194,2,12.0,0.4294733620664844,2,28.0
3250.0,4,13.0,0.24528301886792453,9.125049094440445,2,8.0,0.5822981106999852,0,0.0,0.5726279047507685,2,10.0,0.6419419456785881,4,18.0
3255.0,4,17.0,0.3333333333333333,9.29564778116091,1,5.0,0.5929072907355509,1,5.0,0.5967384722254392,2,14.0,0.7252320955261664,4,24.0
3260.0,2,27.0,0.5510204081632653,10.096076656978092,0,0.0,0.7327195314963983,1,12.0,0.6577732563977943,1,19.0,0.7291597158754206,2,31.0
3265.0,2,37.0,0.7708333333333334,10.259260301567629,0,0.0,0.7538679919878895,1,17.0,0.6883943128430188,1,22.0,0.740337467336757,2,39.0
3270.0,4,49.0,0.98,9.555914429496353,2,2.0,0.5891511406563174,1,22.0,0.7216350792113049,1,27.0,0.6169766131249962,4,51.0
3275.0,7,76.0,1.5510204081632653,8.71574572387803,5,19.0,0.5207950850906546,1,25.0,0.6826503407348384,1,32.0,0.6201657625557352,7,76.0
3280.0,4,71.0,1.392156862745098,8.301542094854707,1,18.0,0.5113984822068793,2,33.0,0.5551299499406425,1,37.0,0.7298540136439552,4,88.0
3285.0,6,51.0,1.0625,7.973727382254043,3,7.0,0.4868522502503244,2,12.0,0.40991173073199916,1,42.0,0.7858584806040574,6,61.0
3290.0,7,81.0,1.653061224489796,8.790523872963808,2,15.0,0.564943982110022,4,21.0,0.46540378014647993,1,47.0,0.7043406591312337,7,83.0
3295.0,9,125.0,2.7777777777777777,8.792254983606545,2,25.0,0.6521463606404837,6,50.0,0.519505371341246,1,52.0,0.6882355030422916,9,127.0
3300.0,6,78.0,1.6595744680851063,7.031657059642093,2,16.0,0.3911615547020507,2,43.0,0.48332421041153256,2,57.0,0.38851321848671255,6,116.0
3305.0,7,19.0,0.3958333333333333,7.394730433334558,6,21.0,0.3592174039207627,1,22.0,0.44208546281715194,0,2.0,0.7164134871908947,7,45.0
3310.0,4,14.0,0.2857142857142857,8.777181708174032,2,26.0,0.5539424087329154,1,7.0,0.5268038741796115,1,5.0,0.7389452158624253,4,38.0
3315.0,1,0.0,0.0,9.507537922136978,1,9.0,0.6458152962157329,0,7.0,0.5766029547720058,0,0.0,0.8381547654696915,1,16.0
3320.0,8,12.0,0.25,8.610111088318357,2,11.0,0.4890416399143376,5,14.0,0.516220731284927,1,0.0,0.7623933208430873,8,25.0
3325.0,7,31.0,0.5961538461538461,7.964443218432644,6,34.0,0.19297185288890092,1,21.0,0.5663086882207314,0,0.0,0.7536162886803943,7,55.0
3330.0,6,31.0,0.6595744680851063,7.815126863269728,5,53.0,0.3370952830158903,1,13.0,0.6209020677727712,0,2.0,0.6590265301838404,6,68.0
3335.0,7,29.0,0.6041666666666666,8.660243963514331,0,30.0,0.5924039574476702,3,19.0,0.5427970904972812,4,14.0,0.567840159764267,7,63.0
3340.0,3,32.0,0.6666666666666666,9.209341700323973,0,4.0,0.6345844341817084,3,34.0,0.5458179589249047,0,11.0,0.6468783134976768,3,49.0
3345.0,0,0.0,0.0,10.605522963873264,0,0.0,0.8612337589317517,0,12.0,0.8080437636702568,0,0.0,0.575308668599304,0,12.0
3350.0,4,8.0,0.16666666666666666,8.573854098578026,1,1.0,0.48001687393183495,2,7.0,0.5795577082197575,1,2.0,0.46640649239427556,4,10.0
3355.0,11,25.0,0.5208333333333334,6.908227670954162,7,21.0,0.23167112164741036,2,12.0,0.493792107884265,2,1.0,0.5030387682746187,11,34.0
3360.0,7,19.0,0.4222222222222222,7.098670357338862,3,31.0,0.30843772546983045,1,5.0,0.4255727695435982,3,13.0,0.6022637753115163,7,49.0
3365.0,1,6.0,0.14285714285714285,9.25529894442559,0,9.0,0.6102170367352584,1,8.0,0.5992773113238102,0,2.0,0.7048602389065103,1,19.0
3370.0,0,0.0,0.0,9.596216984291829,0,0.0,0.6582813644920511,0,4.0,0.5925218765971598,0,0.0,0.7082827214725946,0,4.0
3375.0,5,17.0,0.3469387755102041,10.122799227148763,1,0.0,0.7694575188498193,4,21.0,0.5722814699446409,0,0.0,0.7576760789416678,5,21.0
3380.0,6,12.0,0.25,8.570954535827802,1,1.0,0.6670038298397389,4,29.0,0.5005905028546008,1,0.0,0.48877718131176073,6,30.0
3385.0,3,15.0,0.3,9.017983276327692,1,8.0,0.710250330422843,2,29.0,0.43309977800054217,0,2.0,0.7418771057910927,3,39.0
3390.0,5,26.0,0.5416666666666666,9.176114508472933,2,13.0,0.714802788765145,1,21.0,0.40355693397403636,2,5.0,0.704111979362258,5,39.0
3395.0,3,35.0,0.7291666666666666,8.893270281962328,1,18.0,0.7125546470173878,2,20.0,0.4883342133626272,0,5.0,0.6085611039838353,3,43.0
3400.0,3,8.0,0.1568627450980392,8.673936759112696,1,2.0,0.6265756938930025,1,9.0,0.5672781875665598,1,5.0,0.5565415983450903,3,16.0
3405.0,13,45.0,0.8181818181818182,7.60425833845689,6,16.0,0.33724210442796004,4,17.0,0.48748767666724013,3,15.0,0.5579134579034302,13,48.0
3410.0,9,46.0,0.8518518518518519,7.15573751209646,2,23.0,0.28845047226936676,5,28.0,0.40320058145602855,2,25.0,0.6593322746472675,9,76.0
3415.0,7,48.0,0.9230769230769231,8.694669388978665,0,12.0,0.5670439608216824,4,37.0,0.4714585005325635,3,39.0,0.6265796757430376,7,88.0
3420.0,4,52.0,0.9454545454545454,8.763907315441728,0,2.0,0.765907120148158,0,31.0,0.47930686054897803,4,54.0,0.5747086021754854,4,87.0
3425.0,8,86.0,1.5087719298245614,9.03209044028974,0,0.0,0.8361868889476337,5,42.0,0.4583542541528477,3,67.0,0.5445535053416225,8,109.0
3430.0,10,57.0,1.0754716981132075,8.037979985558456,0,0.0,0.8886499121000796,9,79.0,0.34845123536347794,1,16.0,0.5701556341107664,10,95.0
3435.0,17,128.0,2.5098039215686274,6.930062568947614,0,0.0,0.8095950859317719,14,142.0,0.17849237424647124,3,9.0,0.49224056368686553,17,151.0
3440.0,17,101.0,2.148936170212766,4.754853855537555,1,1.0,0.5845731800243881,14,176.0,0.11003770531564609,2,11.0,0.48029245521033276,17,188.0
3445.0,10,63.0,1.3404255319148937,6.954543087277785,2,11.0,0.6431594187952815,8,150.0,0.2334472217743229,0,3.0,0.6728226113303124,10,164.0
3450.0,5,35.0,0.7142857142857143,8.330759277532957,1,11.0,0.6181201971562493,4,111.0,0.42824181661785693,0,2.0,0.7802495564446997,5,124.0
3455.0,1,4.0,0.08,9.325321830111562,0,0.0,0.7068472983992719,1,93.0,0.5314425021249551,0,2.0,0.7603244228439202,1,95.0
3460.0,5,19.0,0.37254901960784315,9.968633885586373,1,0.0,0.7555747726701312,2,79.0,0.602504106482994,2,5.0,0.6994049511350036,5,84.0
3465.0,5,39.0,0.75,9.67967429921865,0,0.0,0.7496913950160786,2,67.0,0.5792276448123892,3,15.0,0.6627809784777812,5,82.0
3470.0,7,67.0,1.2641509433962264,8.945150590860523,3,8.0,0.5831459470394921,2,54.0,0.5258550612932045,2,25.0,0.6569314404492415,7,87.0
3475.0,8,85.0,1.6037735849056605,8.196825155643246,2,14.0,0.46764731496510864,2,44.0,0.585453526903281,4,37.0,0.6038054857861822,8,95.0
3480.0,5,106.0,2.0784313725490198,9.057948173920124,0,5.0,0.4849749318103858,2,56.0,0.6752656847540929,3,52.0,0.6306857039500484,5,113.0
3485.0,2,4.0,0.0784313725490196,8.091791434853608,1,4.0,0.40988120426024216,1,32.0,0.6002790769059475,0,10.0,0.6062592814307837,2,46.0
3490.0,15,55.0,1.0784313725490196,6.898960592626994,7,27.0,0.29903430086248173,4,18.0,0.41426087916767207,4,14.0,0.42118609986533156,15,59.0
3495.0,10,23.0,0.48936170212765956,3.7936842264763433,6,46.0,0.2568368619747857,0,14.0,0.2712428919171333,4,21.0,0.20793720751330588,10,81.0
3500.0,1,0.0,0.0,8.386902736710333,1,29.0,0.5199230696039774,0,4.0,0.6710701531568605,0,5.0,0.5322661719453091,1,38.0
3505.0,3,6.0,0.11538461538461539,10.34352976209062,1,5.0,0.6230321360303913,2,8.0,0.7124554008632338,0,2.0,0.748462094838639,3,15.0
3510.0,7,20.0,0.35714285714285715,9.361927593682392,2,5.0,0.5093346431587386,3,18.0,0.6386845042931126,2,4.0,0.6641015771328662,7,27.0
3515.0,8,32.0,0.5925925925925926,7.5105624940084095,6,26.0,0.2760514135706652,1,6.0,0.40772561722608014,1,9.0,0.7554895303666253,8,41.0
3520.0,6,30.0,0.625,7.698095135887853,4,43.0,0.3961855539458168,0,0.0,0.4730607241032678,2,16.0,0.6929759123979425,6,59.0
3525.0,4,22.0,0.4489795918367347,8.604342889325853,2,25.0,0.406294618626204,1,5.0,0.6648830984204147,1,21.0,0.6814492420082529,4,51.0
3530.0,5,41.0,0.8367346938775511,10.217270856948378,2,11.0,0.5754121766458467,2,12.0,0.7920175102376664,1,26.0,0.7392157068382089,5,49.0
3535.0,2,30.0,0.5555555555555556,9.11015929826533,1,10.0,0.5405397615051623,0,7.0,0.671513308993633,1,29.0,0.6611804388520907,2,46.0
3540.0,8,28.0,0.4827586206896552,6.872941123740018,5,25.0,0.37339438289144367,3,9.0,0.2877195795531173,0,0.0,0.4771138393060568,8,34.0
3545.0,14,33.0,0.6,5.410867749703955,5,37.0,0.2763677052399694,3,18.0,0.2525626367187276,6,15.0,0.3077003099455976,14,70.0
3550.0,6,10.0,0.19230769230769232,6.822839561287129,2,22.0,0.39765666384283127,2,13.0,0.5048378111632986,2,26.0,0.4508956094246237,6,61.0
3555.0,4,23.0,0.4339622641509434,9.79422006890065,1,11.0,0.6424851688871467,2,17.0,0.7049121943705869,1,10.0,0.6302632851696401,4,38.0
3560.0,4,39.0,0.7090909090909091,9.740666913095513,1,14.0,0.699893024655751,2,27.0,0.7651876120553552,1,10.0,0.5250990194591229,4,51.0
3565.0,8,41.0,0.7454545454545455,8.233541770891334,1,17.0,0.7519780408552921,0,4.0,0.578946967583354,7,30.0,0.3012463042997481,8,51.0
3570.0,11,53.0,0.9636363636363636,6.420872031429353,2,22.0,0.5447862452225193,6,23.0,0.30879396849168095,3,37.0,0.25510321287519405,11,82.0
3575.0,6,16.0,0.3076923076923077,6.684239129596368,1,1.0,0.6370167609224413,4,39.0,0.30479125065690343,1,18.0,0.3913867769959371,6,58.0
3580.0,7,15.0,0.2727272727272727,8.339962048200483,3,12.0,0.5342718486647912,2,30.0,0.44357496619063336,2,5.0,0.5508900131978224,7,47.0
3585.0,3,5.0,0.09615384615384616,8.854047761656544,2,17.0,0.6332254600813648,0,13.0,0.5292098111320324,1,5.0,0.6319242993558741,3,35.0
3590.0,6,20.0,0.37037037037037035,9.147323162999177,0,5.0,0.664923400283272,0,9.0,0.7041620275184104,6,24.0,0.5157084317578038,6,38.0
3595.0,5,14.0,0.25925925925925924,9.249118950253937,1,0.0,0.7168492280697261,0,3.0,0.8921580840236784,4,31.0,0.39155018594607643,5,34.0
3600.0,3,5.0,0.09433962264150944,9.516417218089945,0,0.0,0.839922316166312,0,4.0,0.8114566109171126,3,25.0,0.42542622894297205,3,29.0
