step,system_total_stopped,system_total_waiting_time,system_mean_waiting_time,system_mean_speed,A0_stopped,A0_accumulated_waiting_time,A0_average_speed,B0_stopped,B0_accumulated_waiting_time,B0_average_speed,C0_stopped,C0_accumulated_waiting_time,C0_average_speed,agents_total_stopped,agents_total_accumulated_waiting_time
5.0,1,0.0,0.0,3.708927397825755,1,0.0,0.0,0,0.0,1.0,0,0.0,0.5392193274042406,1,0.0
10.0,1,0.0,0.0,6.086617808766765,0,0.0,0.4726489854114432,0,0.0,1.0,1,0.0,0.43458120406486156,1,0.0
15.0,0,0.0,0.0,10.488734450083589,0,0.0,0.833686703959976,0,0.0,1.0,0,0.0,0.7615991795707732,0,0.0
20.0,1,0.0,0.0,8.585110169519075,1,0.0,0.3825646713364466,0,0.0,0.9381265088244123,0,0.0,0.6887482210972828,1,0.0
25.0,0,0.0,0.0,10.373843602984103,0,0.0,0.7078253285116132,0,0.0,0.9404769542091111,0,0.0,0.7512782472007181,0,0.0
30.0,0,0.0,0.0,11.129231066831727,0,0.0,0.6783310998832365,0,0.0,0.9640045926615365,0,0.0,0.6624624546431773,0,0.0
35.0,3,3.0,0.25,8.112877470439848,2,3.0,0.5358324249471501,0,0.0,0.9477261207350542,1,0.0,0.5137408136379633,3,3.0
40.0,1,0.0,0.0,8.651754668099935,0,0.0,0.6319883904061265,0,2.0,0.8369289010805577,1,0.0,0.527593954718282,1,2.0
45.0,3,7.0,0.5,8.72721559530532,2,5.0,0.38491306464999064,1,4.0,0.61699497750672,0,0.0,0.7807013702836528,3,9.0
50.0,4,20.0,1.4285714285714286,7.147699917063963,3,18.0,0.0910225641663321,0,2.0,0.8163349452799521,1,2.0,0.655187289144349,4,22.0
55.0,1,7.0,0.4666666666666667,8.410563486338203,0,16.0,0.4906435200456836,0,0.0,0.84123608396159,1,9.0,0.715829783295208,1,25.0
60.0,1,1.0,0.0625,9.851428106911905,0,0.0,0.7698698844405824,0,2.0,0.8856802049824285,1,3.0,0.5488108193073563,1,5.0
65.0,2,6.0,0.3333333333333333,9.941488622503744,1,0.0,0.6550156841134723,0,2.0,0.8831449791990164,1,8.0,0.5728985428100942,2,10.0
70.0,2,0.0,0.0,9.667129000548716,1,0.0,0.7389134163949291,1,2.0,0.7316439282394077,0,0.0,0.4500277253650832,2,2.0
75.0,1,1.0,0.05263157894736842,10.143281479247936,1,1.0,0.5482266815406088,0,2.0,0.869933205160894,0,0.0,0.8843659883070515,1,3.0
80.0,4,14.0,0.5833333333333334,8.37186877207473,3,13.0,0.48730705207571107,0,2.0,0.6182805181679095,1,1.0,0.5207170059884175,4,16.0
85.0,2,8.0,0.3076923076923077,8.473012813133183,0,5.0,0.3971059288163466,1,2.0,0.5978905147397607,1,6.0,0.7357592572142689,2,13.0
90.0,1,11.0,0.4782608695652174,9.581371734572118,0,0.0,0.8627381120587225,0,2.0,0.6585016864961506,1,11.0,0.5428444991802598,1,13.0
95.0,3,24.0,1.0,9.504091459255717,0,0.0,0.47782121853659126,1,5.0,0.67869267551467,2,21.0,0.4693737909561065,3,26.0
100.0,4,39.0,1.95,9.495422727418724,2,8.0,0.4939366454795699,0,2.0,0.8611646789975821,2,31.0,0.33290618218810175,4,41.0
105.0,2,18.0,0.9473684210526315,8.936917961819837,2,20.0,0.47232893522529573,0,0.0,0.9221859148941677,0,13.0,0.4474804989769373,2,33.0
110.0,1,5.0,0.2777777777777778,9.908803801889158,0,2.0,0.546628533611952,0,0.0,0.9082662991631556,1,5.0,0.7183395957109969,1,7.0
115.0,5,16.0,0.9411764705882353,7.829707266084798,2,5.0,0.48016460968617825,2,3.0,0.15145726071186133,1,10.0,0.717251172786399,5,18.0
120.0,3,24.0,1.3333333333333333,7.110227972095305,2,11.0,0.426032615316132,0,0.0,0.7213864043838419,1,15.0,0.44757007959329753,3,26.0
125.0,2,19.0,1.0555555555555556,8.651516191911005,2,23.0,0.6184868760613007,0,0.0,0.4998364176814155,0,0.0,0.4661777166868453,2,23.0
130.0,2,4.0,0.2,7.610427814315754,1,3.0,0.4110072056912199,1,6.0,0.6224245073845743,0,0.0,0.5228147076700947,2,9.0
135.0,1,5.0,0.23809523809523808,9.822280343198031,1,7.0,0.5898065198706401,0,4.0,0.9080569876715445,0,0.0,0.6893837471984743,1,11.0
140.0,2,14.0,0.6363636363636364,11.127788627017923,1,10.0,0.6369307255279756,0,4.0,0.8864651034582807,1,4.0,0.49713836571195524,2,18.0
145.0,1,2.0,0.10526315789473684,9.385982408953778,0,0.0,0.5861323393200093,1,8.0,0.5397685053157594,0,0.0,0.9503243495054403,1,8.0
150.0,3,7.0,0.4117647058823529,7.848263360389338,3,7.0,0.25120448387659555,0,5.0,0.5449581768094149,0,0.0,0.44044271662251383,3,12.0
155.0,3,19.0,1.2666666666666666,9.953481331530499,3,21.0,0.44926460220245845,0,2.0,0.943179939442032,0,0.0,0.8196073628681688,3,23.0
160.0,0,0.0,0.0,9.686676362090779,0,18.0,0.6072192862137378,0,0.0,0.6648466977930234,0,0.0,0.8294113737050799,0,18.0
165.0,1,2.0,0.15384615384615385,10.512156720834868,1,4.0,0.640871541541142,0,2.0,0.8918026197494986,0,0.0,0.6952997898239541,1,6.0
170.0,1,1.0,0.06666666666666667,8.019470423163499,0,0.0,0.30388081821951596,1,3.0,0.6391958500128642,0,1.0,0.3931566464424459,1,4.0
175.0,2,11.0,0.6470588235294118,9.26448615867462,1,5.0,0.49298755268127836,1,8.0,0.6327246032357977,0,0.0,0.2978660401681659,2,13.0
180.0,0,0.0,0.0,9.032805564467768,0,0.0,0.6226350286490138,0,0.0,0.4535693106424623,0,0.0,0.8300948501013787,0,0.0
185.0,2,6.0,0.3333333333333333,10.837171131439698,1,5.0,0.7346303052197911,1,3.0,0.4689090638867477,0,1.0,0.8334862022028119,2,9.0
190.0,2,16.0,0.9411764705882353,11.561571467573216,1,10.0,0.7581336065669315,1,8.0,0.0,0,1.0,0.9639485306803393,2,19.0
195.0,1,13.0,0.6842105263157895,9.876353765130208,1,15.0,0.6988042374683883,0,0.0,0.6633317463778428,0,0.0,0.6682807985655016,1,15.0
200.0,2,0.0,0.0,9.172976723059568,0,2.0,0.388083622909199,1,0.0,0.7065497475250782,1,0.0,0.5255393917079088,2,2.0
205.0,5,9.0,0.34615384615384615,9.575819649041435,4,11.0,0.32309418099435055,0,0.0,0.9273602766954179,1,0.0,0.5689826363181629,5,11.0
210.0,2,4.0,0.15384615384615385,9.388204611713984,0,11.0,0.5836288898668144,1,2.0,0.5963845766096619,1,2.0,0.674458438291619,2,15.0
215.0,4,20.0,0.7407407407407407,9.598246489242626,0,0.0,0.8159818481100933,2,11.0,0.4807179355504895,2,9.0,0.6631863409490288,4,20.0
220.0,1,1.0,0.037037037037037035,9.25492951690163,1,1.0,0.7979575153127644,0,10.0,0.6669810011625632,0,1.0,0.5836810239271554,1,12.0
225.0,7,18.0,0.6,7.394910310279914,2,6.0,0.3220380826885847,1,1.0,0.5688632393509657,4,11.0,0.33016320049430975,7,18.0
230.0,5,25.0,1.0416666666666667,6.300116271262507,4,24.0,0.3439951826386245,0,0.0,0.32284442955309595,1,14.0,0.3625708174410378,5,38.0
235.0,1,1.0,0.041666666666666664,7.757126386556423,1,20.0,0.4943333763755408,0,2.0,0.795282830846863,0,2.0,0.47928182954126974,1,24.0
240.0,2,3.0,0.1111111111111111,9.796650596590053,0,3.0,0.7236159261596551,0,4.0,0.8407654577811755,2,5.0,0.403667192393987,2,12.0
245.0,5,17.0,0.5862068965517241,9.62707724490582,2,1.0,0.645672212880517,0,4.0,0.863850811438921,3,18.0,0.3975848749102485,5,23.0
250.0,4,8.0,0.26666666666666666,8.536168523416688,2,8.0,0.6380842173601842,1,2.0,0.7094620772674332,1,17.0,0.30800917283631046,4,27.0
255.0,1,3.0,0.0967741935483871,9.146844062367716,0,0.0,0.5663436342134058,0,2.0,0.8302789320661372,1,3.0,0.5842018537289486,1,5.0
260.0,3,8.0,0.24242424242424243,9.257273318080975,2,5.0,0.5238271518405957,0,2.0,0.7739288680356337,1,3.0,0.6383710476725077,3,10.0
265.0,2,13.0,0.37142857142857144,8.91105950391315,0,6.0,0.5599430833856901,0,2.0,0.8867055042879668,2,13.0,0.5606085201682762,2,21.0
270.0,3,5.0,0.1388888888888889,8.13975646704764,1,4.0,0.7002951246116923,1,5.0,0.4742246357311744,1,9.0,0.42962130333602266,3,18.0
275.0,6,22.0,0.6111111111111112,8.236721797328649,0,0.0,0.6319895761668506,5,24.0,0.44483258225028166,1,4.0,0.5229859598749199,6,28.0
280.0,3,16.0,0.42105263157894735,8.81774067119735,1,4.0,0.45273251071481235,0,21.0,0.6578751226932797,2,12.0,0.5780662946412028,3,37.0
285.0,7,39.0,1.0833333333333333,8.910847146544711,4,19.0,0.5258031203998771,1,2.0,0.6080630943274138,2,24.0,0.6732652487214615,7,45.0
290.0,7,46.0,1.393939393939394,8.077613234398703,3,26.0,0.40393674033686994,1,4.0,0.6810579013540304,3,34.0,0.6924646910126027,7,64.0
295.0,6,65.0,1.8055555555555556,8.868962411995774,2,17.0,0.6350649401549054,1,11.0,0.7728972367127669,3,46.0,0.6122629067567485,6,74.0
300.0,8,99.0,2.6052631578947367,9.031269697457573,2,22.0,0.6875244704334755,2,18.0,0.7223629443277471,4,61.0,0.5053979204213789,8,101.0
305.0,4,58.0,1.4871794871794872,8.977145588164333,2,32.0,0.72121235611231,2,28.0,0.7358932798407908,0,37.0,0.357877360658243,4,97.0
310.0,8,89.0,2.1707317073170733,8.647741462802454,2,42.0,0.6366492974096982,3,37.0,0.5469223505405513,3,10.0,0.43764625997820467,8,89.0
315.0,5,9.0,0.21951219512195122,6.977808654403643,2,3.0,0.28736146836560256,3,10.0,0.24071514067475802,0,8.0,0.6763777306713785,5,21.0
320.0,13,60.0,1.6666666666666667,7.3673120281406295,5,24.0,0.16479648007164663,7,38.0,0.30686864476146397,1,0.0,0.7731162452183152,13,62.0
325.0,2,11.0,0.3235294117647059,7.3713269688826335,0,21.0,0.38661594076247296,2,44.0,0.38252699827912856,0,0.0,0.7549541813851759,2,65.0
330.0,1,0.0,0.0,9.786819589856991,0,2.0,0.7351950646318574,1,16.0,0.5804319114090158,0,2.0,0.913550120218833,1,20.0
335.0,2,5.0,0.1388888888888889,11.048588342178524,1,2.0,0.7895012108221955,1,7.0,0.7098903376446926,0,2.0,0.9230510859378186,2,11.0
340.0,1,0.0,0.0,10.838298176773627,0,2.0,0.8149175981156698,1,2.0,0.6713405012837651,0,2.0,0.9252391646554062,1,6.0
345.0,4,8.0,0.21621621621621623,8.299243446509868,1,3.0,0.5024341296061539,3,9.0,0.4932144424509751,0,0.0,0.6134855065466928,4,12.0
350.0,2,2.0,0.0625,6.872392960727277,1,5.0,0.2885527460933701,1,11.0,0.4846442275871491,0,0.0,0.9977438237756006,2,16.0
355.0,3,3.0,0.09375,8.196382858639808,2,7.0,0.47544252176400836,1,3.0,0.46039524089871214,0,2.0,0.9279459393185001,3,12.0
360.0,3,15.0,0.45454545454545453,9.334109918895676,1,9.0,0.64750473253534,2,9.0,0.5126670825086139,0,2.0,0.7545771681174602,3,20.0
365.0,4,4.0,0.12121212121212122,9.577663501513955,1,3.0,0.7826680659733373,3,9.0,0.4865159494433276,0,2.0,0.8771674600613486,4,14.0
370.0,3,19.0,0.6333333333333333,8.356807025747232,1,8.0,0.4432062581834709,2,14.0,0.5436866943027437,0,0.0,0.9189117981592849,3,22.0
375.0,2,0.0,0.0,6.295685723340963,1,3.0,0.2843898379056937,1,9.0,0.3518360261382214,0,0.0,0.7320147118692363,2,12.0
380.0,1,3.0,0.11538461538461539,8.6570803851332,0,2.0,0.6771013802683316,1,5.0,0.600182610623495,0,0.0,0.2919552453272544,1,7.0
385.0,1,1.0,0.037037037037037035,9.492752393901023,0,2.0,0.8266269393793171,1,3.0,0.5490661232227292,0,0.0,0.7485496670029388,1,5.0
390.0,2,11.0,0.44,9.391158084609554,0,2.0,0.8722206260299834,2,13.0,0.49269769563502275,0,0.0,0.5368107474292316,2,15.0
395.0,3,10.0,0.38461538461538464,6.726811058081822,2,7.0,0.3203784566246447,0,11.0,0.20600449167156074,1,5.0,0.6612680435353311,3,23.0
400.0,2,13.0,0.5652173913043478,7.886961575729126,0,5.0,0.49277888055322533,0,0.0,0.491986279851805,2,15.0,0.662682199303542,2,20.0
405.0,1,1.0,0.043478260869565216,7.735009352184578,1,1.0,0.203489501944044,0,1.0,0.5137354862142672,0,2.0,0.6141503147840847,1,4.0
410.0,6,23.0,1.0454545454545454,8.824180757750806,1,6.0,0.4734634183463656,3,12.0,0.4343842066333206,2,8.0,0.5225870734025962,6,26.0
415.0,0,0.0,0.0,8.134273413633888,0,0.0,0.527827111273296,0,14.0,0.32106670474141613,0,5.0,0.5004078888651011,0,19.0
420.0,1,0.0,0.0,9.043060050495754,0,0.0,0.45764600651232634,0,3.0,0.682162802723053,1,2.0,0.5778579727308691,1,5.0
425.0,0,0.0,0.0,9.362440821554697,0,0.0,0.47876220187025426,0,2.0,0.9229915764377878,0,2.0,0.615767540333872,0,4.0
430.0,2,4.0,0.16666666666666666,10.15971983548557,2,4.0,0.5808247321953638,0,4.0,0.6280750028440797,0,2.0,0.8331651799886651,2,10.0
435.0,1,1.0,0.041666666666666664,9.297740355481308,0,0.0,0.6233080965411543,0,4.0,0.6482093182134052,1,1.0,0.6408092501663241,1,5.0
440.0,4,10.0,0.4166666666666667,7.812510361339022,1,3.0,0.6204016977473312,2,9.0,0.2820871416030882,1,4.0,0.41209775653633784,4,16.0
445.0,8,35.0,1.5217391304347827,5.967843962346446,0,3.0,0.5565995983858857,4,21.0,0.15550339467802374,4,18.0,0.10329533562622858,8,42.0
450.0,1,1.0,0.043478260869565216,7.529389603188192,0,0.0,0.6917218143291879,1,16.0,0.5115029255843806,0,14.0,0.16691880023324315,1,30.0
455.0,1,6.0,0.2727272727272727,10.541603320969664,0,2.0,0.7696025825675195,1,10.0,0.716288365673,0,2.0,0.905863228400811,1,14.0
460.0,3,17.0,0.7391304347826086,10.15747031655262,0,2.0,0.7951436604715781,3,19.0,0.6532819696079792,0,2.0,0.6963484886010037,3,23.0
465.0,2,0.0,0.0,9.861014776606352,1,2.0,0.7405068965029143,0,15.0,0.6496311348979901,1,0.0,0.6982859430897674,2,17.0
470.0,4,5.0,0.18518518518518517,8.795878746199024,1,0.0,0.6768808413529622,3,7.0,0.2942888955489518,0,0.0,0.7452265652729374,4,7.0
475.0,1,1.0,0.037037037037037035,8.396064695558607,0,0.0,0.6928444398082451,0,7.0,0.5570616973163761,1,1.0,0.40103008902090037,1,8.0
480.0,3,10.0,0.3225806451612903,9.673433712817388,0,2.0,0.7104902819157667,1,0.0,0.5911280430279271,2,12.0,0.6143699232566576,3,14.0
485.0,3,4.0,0.125,9.542042935394889,3,6.0,0.5466506862850807,0,0.0,0.7885584738734045,0,9.0,0.7322798070937633,3,15.0
490.0,3,2.0,0.0625,9.577290493148233,1,9.0,0.47401860211338565,0,0.0,0.8169415520631093,2,2.0,0.6865920881161517,3,11.0
495.0,3,7.0,0.21212121212121213,9.699540401458892,1,6.0,0.41540169201304566,0,2.0,0.9153629807484457,2,5.0,0.6330861361384301,3,13.0
500.0,5,27.0,0.8181818181818182,9.302474257524526,1,9.0,0.5833165622690077,0,2.0,0.7736114972537952,4,20.0,0.4469195362793673,5,31.0
505.0,3,5.0,0.16666666666666666,7.698414463577462,0,0.0,0.9129799311674005,0,2.0,0.6662284221232473,3,19.0,0.3215354778866205,3,21.0
510.0,1,2.0,0.06666666666666667,9.368731860909497,0,0.0,0.6862503287979346,0,2.0,0.7203511490166693,1,8.0,0.47344036322890326,1,10.0
515.0,3,8.0,0.26666666666666666,7.45624485463185,0,0.0,0.6171588736756061,0,2.0,0.5527140235024356,3,14.0,0.32888640323212903,3,16.0
520.0,9,46.0,1.4375,7.832030920395524,0,0.0,0.772514743533898,3,14.0,0.4506567913537131,6,41.0,0.2944109915619732,9,55.0
525.0,3,13.0,0.41935483870967744,7.731793651226555,0,0.0,0.7133019254892428,1,19.0,0.45569967147924917,2,38.0,0.3709010868449528,3,57.0
530.0,1,1.0,0.03225806451612903,10.21293249145952,0,1.0,0.7358547564598906,0,8.0,0.768250179409923,1,12.0,0.5742937580162183,1,21.0
535.0,5,12.0,0.375,9.221933484982985,2,7.0,0.6331131664675389,1,5.0,0.6518870780355726,2,15.0,0.549749512213754,5,27.0
540.0,6,28.0,0.8235294117647058,7.896558374609596,0,9.0,0.5382291759801981,3,17.0,0.3631552240208095,3,25.0,0.47282089092665874,6,51.0
545.0,7,32.0,0.9411764705882353,6.677623542435551,1,0.0,0.5388528343593786,2,21.0,0.36614314772955187,4,38.0,0.27681213020148643,7,59.0
550.0,2,1.0,0.02857142857142857,9.492129183552496,0,0.0,0.6961680859936091,0,7.0,0.8750965469321057,2,24.0,0.49722175933721646,2,31.0
555.0,1,2.0,0.058823529411764705,11.023772919194803,1,2.0,0.6998627982485883,0,4.0,0.828677452732944,0,3.0,0.7585577983901219,1,9.0
560.0,5,16.0,0.42105263157894735,8.820744904790812,2,12.0,0.4650436386167369,1,6.0,0.5953863883665593,2,2.0,0.5843345943244205,5,20.0
565.0,7,40.0,1.0810810810810811,7.711019610353847,5,31.0,0.15908397462289445,1,10.0,0.573321797229548,1,7.0,0.7457282637873194,7,48.0
570.0,1,7.0,0.18421052631578946,8.153085897413913,1,34.0,0.4546764639999388,0,3.0,0.5360653248472041,0,2.0,0.5180838764654109,1,39.0
575.0,4,11.0,0.28205128205128205,9.981817104070466,2,10.0,0.5582443536485416,1,7.0,0.6520463367781567,1,5.0,0.735366343981219,4,22.0
580.0,3,14.0,0.3783783783783784,10.086627811397245,2,11.0,0.6394947005783609,1,12.0,0.6970975986046263,0,1.0,0.812676449700129,3,24.0
585.0,5,30.0,0.8571428571428571,9.445715384573433,3,20.0,0.5058502015461487,2,21.0,0.6096893305214018,0,0.0,0.7978646655138852,5,41.0
590.0,6,37.0,1.2333333333333334,8.514180228583903,5,43.0,0.46188234298772274,1,8.0,0.5586713343607778,0,0.0,0.7402821654194335,6,51.0
595.0,3,11.0,0.36666666666666664,7.0313341964988165,0,25.0,0.24887531216102043,2,12.0,0.5166871546135258,1,1.0,0.5425014450524487,3,38.0
600.0,2,10.0,0.3448275862068966,8.885558203239954,1,4.0,0.5320093418934133,0,9.0,0.6445106826030805,1,6.0,0.5686588360165589,2,19.0
605.0,2,20.0,0.6666666666666666,10.461191665222646,1,9.0,0.6548353139421261,0,2.0,0.8038305397812348,1,13.0,0.6674474935713317,2,24.0
610.0,2,0.0,0.0,10.077785399299092,2,0.0,0.5204258334519012,0,2.0,0.8915579752301511,0,2.0,0.773079476872709,2,4.0
615.0,4,9.0,0.28125,8.556450861579826,1,1.0,0.5908169728118424,1,1.0,0.5486941856163626,2,9.0,0.49577213692557875,4,11.0
620.0,2,8.0,0.2857142857142857,7.062124704626854,0,0.0,0.5338048382749446,1,6.0,0.5072692517375698,1,10.0,0.4935413267296644,2,16.0
625.0,3,7.0,0.2413793103448276,8.507482355609575,2,5.0,0.5226273902763939,1,6.0,0.5668277630836138,0,2.0,0.5727101777147812,3,13.0
630.0,2,12.0,0.3870967741935484,9.733389236803074,0,0.0,0.5172549950708989,2,16.0,0.6669963023725671,0,0.0,0.6713482562094552,2,16.0
635.0,4,10.0,0.3448275862068966,8.763108600265022,2,6.0,0.3944340166438408,0,12.0,0.693163851864096,2,4.0,0.41570392225348834,4,22.0
640.0,4,20.0,0.8333333333333334,7.703799939631472,0,4.0,0.6289656244588644,0,0.0,0.9608808482790572,4,22.0,0.3665518237677661,4,26.0
645.0,4,16.0,0.6666666666666666,7.711431858590269,1,3.0,0.7399760722588037,0,2.0,0.9492989588800357,3,32.0,0.3384167880460783,4,37.0
650.0,0,0.0,0.0,9.73151071986679,0,0.0,0.9454615047399021,0,4.0,0.9275196548068637,0,21.0,0.5327020811547529,0,25.0
655.0,4,4.0,0.14285714285714285,6.842159185359526,2,2.0,0.32170294213397577,0,4.0,0.772338695790821,2,23.0,0.4305424620687053,4,29.0
660.0,5,19.0,0.6551724137931034,5.790454159057352,0,2.0,0.3951400134252679,0,2.0,0.7795870194604576,5,40.0,0.27624671270753265,5,44.0
665.0,6,17.0,0.53125,6.862068449370575,1,0.0,0.5692741031970445,1,4.0,0.680619624989516,4,45.0,0.34810439973706303,6,49.0
670.0,2,9.0,0.2647058823529412,9.372944295866157,0,0.0,0.7249300612562065,0,4.0,0.9146391591282627,2,29.0,0.4879891559147447,2,33.0
675.0,4,1.0,0.024390243902439025,9.010401833524496,1,0.0,0.6374290383130146,0,4.0,0.916973506566121,3,18.0,0.35037847208026823,4,22.0
680.0,5,12.0,0.3,8.24247192879706,1,0.0,0.6517025717431344,0,0.0,0.6959401554222395,4,22.0,0.3744408405655754,5,22.0
685.0,3,5.0,0.13157894736842105,8.95923150093125,3,5.0,0.462386800717027,0,2.0,0.8938571155880614,0,19.0,0.6465271118433408,3,26.0
690.0,3,3.0,0.07692307692307693,8.988262217928897,1,7.0,0.5330810518985727,0,6.0,0.6914085968375275,2,2.0,0.5786247782612352,3,15.0
695.0,4,12.0,0.2857142857142857,9.637055915955173,3,7.0,0.5333148140346249,1,13.0,0.76912401282117,0,2.0,0.5506437265127861,4,22.0
700.0,3,8.0,0.2,7.888953686476162,1,4.0,0.5053672403212082,0,6.0,0.6134278151717552,2,8.0,0.3963302503706599,3,18.0
705.0,2,7.0,0.1794871794871795,8.705489044395337,2,9.0,0.4844231327227796,0,4.0,0.7593746691683092,0,8.0,0.6275959624993633,2,21.0
710.0,2,2.0,0.046511627906976744,9.701814745390612,0,10.0,0.6906194530733948,0,4.0,0.6942854621302658,2,2.0,0.6139581824649013,2,16.0
715.0,5,9.0,0.1956521739130435,9.234602375196106,1,5.0,0.7054580491220426,1,9.0,0.6601020203811729,3,3.0,0.45407270419388107,5,17.0
720.0,7,29.0,0.6170212765957447,7.968696317415079,0,0.0,0.4803718304387145,3,16.0,0.46337164829224586,4,13.0,0.48767240219665176,7,29.0
725.0,1,0.0,0.0,8.125222471272814,1,0.0,0.6375164043153128,0,6.0,0.5347647528292734,0,14.0,0.5323924024488631,1,20.0
730.0,6,16.0,0.34782608695652173,9.002735085351965,0,0.0,0.7474070113123749,3,14.0,0.5656098773432128,3,6.0,0.4894775289932941,6,20.0
735.0,7,36.0,0.7659574468085106,8.538482812127961,0,0.0,0.7510430664545555,5,38.0,0.4067362352580464,2,2.0,0.41501628229561066,7,40.0
740.0,9,28.0,0.6222222222222222,7.432039911889169,2,7.0,0.6932329981001293,2,39.0,0.37740566159590255,5,18.0,0.26905282420860144,9,64.0
745.0,4,13.0,0.3333333333333333,7.520752643984099,1,8.0,0.6276839864622633,0,5.0,0.5552537532637082,3,30.0,0.492111151337571,4,43.0
750.0,3,12.0,0.27906976744186046,8.190683029709314,2,12.0,0.4660823403427636,1,4.0,0.6131660898018675,0,15.0,0.6559059386895115,3,31.0
755.0,6,14.0,0.2978723404255319,8.511561485589452,3,17.0,0.5228302392608469,3,12.0,0.5705944456842676,0,0.0,0.6752547370448843,6,29.0
760.0,6,7.0,0.14,8.769260175167176,1,6.0,0.5258084361208201,1,11.0,0.7283465059669787,4,5.0,0.6074282763038599,6,22.0
765.0,7,31.0,0.5961538461538461,9.234542875022363,2,9.0,0.5717930390339979,2,11.0,0.6646663114897706,3,15.0,0.6585370051329573,7,35.0
770.0,7,45.0,0.8490566037735849,8.617816558342389,3,19.0,0.5084950757349522,2,8.0,0.6171104466439715,2,25.0,0.5564773918852863,7,52.0
775.0,5,6.0,0.11538461538461539,7.435501975417404,2,9.0,0.5321355143019529,0,1.0,0.5674787670759869,3,5.0,0.4122310117956614,5,15.0
780.0,7,36.0,0.6206896551724138,8.151050242347807,3,20.0,0.6120818020657168,0,0.0,0.5528221555945142,4,20.0,0.4291338071526375,7,40.0
785.0,4,12.0,0.21818181818181817,8.067935592527453,2,26.0,0.5812964711266089,1,2.0,0.4672301970589994,1,23.0,0.588089268219611,4,51.0
790.0,5,11.0,0.22,8.026233997484015,3,15.0,0.47991935498074756,1,6.0,0.5116940977391691,1,3.0,0.8162748055926544,5,24.0
795.0,9,44.0,0.8301886792452831,8.766667332765653,2,16.0,0.5382841326976868,5,24.0,0.5772466854148772,2,8.0,0.6669589934695564,9,48.0
800.0,4,39.0,0.7090909090909091,8.85568555771127,2,26.0,0.5415510537144305,1,23.0,0.6078706810134153,1,13.0,0.5876676220837199,4,62.0
805.0,4,22.0,0.4074074074074074,8.575068184042683,3,20.0,0.4311245129076338,0,2.0,0.601287303514464,1,20.0,0.6935328907313055,4,42.0
810.0,8,54.0,1.0384615384615385,8.402365634635903,6,29.0,0.39887360371870123,1,4.0,0.6061868423606993,1,25.0,0.728596771022271,8,58.0
815.0,7,51.0,0.9622641509433962,8.106186814646232,4,39.0,0.4037369705996418,2,13.0,0.4283172051111497,1,28.0,0.783930124453915,7,80.0
820.0,4,40.0,0.7547169811320755,7.959674233891416,2,23.0,0.4590366996297783,0,9.0,0.597739209712751,2,37.0,0.6120292081356059,4,69.0
825.0,4,14.0,0.2545454545454545,8.872984032564926,1,14.0,0.47616086876242464,1,7.0,0.7578024016418448,2,14.0,0.4689750350244773,4,35.0
830.0,6,24.0,0.42857142857142855,7.981315243453131,1,10.0,0.3803930809647455,1,12.0,0.7403629368857494,4,15.0,0.3181358982892887,6,37.0
835.0,12,39.0,0.7647058823529411,6.0825249189209245,8,34.0,0.26032038151861964,1,1.0,0.4171247165908001,3,23.0,0.2732940592070288,12,58.0
840.0,10,37.0,0.7872340425531915,6.5901213926285145,7,58.0,0.2895773341913857,1,8.0,0.5242094861762612,2,22.0,0.5816831905444615,10,88.0
845.0,5,19.0,0.4222222222222222,8.236775910440457,2,36.0,0.4016345442691922,2,7.0,0.6010491847872744,1,14.0,0.7712656269717737,5,57.0
850.0,7,37.0,0.7708333333333334,8.477609816527716,2,34.0,0.41468025158280813,3,22.0,0.6539778084814271,2,15.0,0.6218804505790037,7,71.0
855.0,9,52.0,1.04,7.063800487696783,8,62.0,0.2163287818681038,0,20.0,0.639832376635128,1,20.0,0.6207920181262456,9,102.0
860.0,8,28.0,0.5714285714285714,7.263754578810158,6,74.0,0.3279133541246243,1,4.0,0.6022912366910607,1,2.0,0.5738569845081039,8,80.0
865.0,4,10.0,0.20833333333333334,7.7233851329969765,1,39.0,0.32333175382120094,1,7.0,0.5917550074076297,2,5.0,0.6382517732510544,4,51.0
870.0,7,31.0,0.6458333333333334,8.742186242685245,5,21.0,0.4381735297295564,2,15.0,0.6083247817900813,0,4.0,0.713203497631559,7,40.0
875.0,4,4.0,0.07692307692307693,8.340203763631143,1,19.0,0.42823401365375413,1,4.0,0.7434221882716714,2,2.0,0.5681598038493999,4,25.0
880.0,8,33.0,0.6470588235294118,9.131368627878109,5,19.0,0.42025901768791124,1,9.0,0.6763271581462155,2,12.0,0.6094996444535756,8,40.0
885.0,7,19.0,0.38,6.9717872548093975,6,32.0,0.21651224070008018,0,3.0,0.535893806891848,1,10.0,0.4521757147272457,7,45.0
890.0,5,30.0,0.6122448979591837,8.262367078601185,2,35.0,0.423331466145481,0,0.0,0.5742446082643002,3,18.0,0.5388209909811658,5,53.0
895.0,2,24.0,0.5106382978723404,9.024873181667873,2,33.0,0.5227890558437374,0,0.0,0.9710949286238485,0,11.0,0.6647419263105564,2,44.0
900.0,6,38.0,0.7755102040816326,9.420916685003906,5,40.0,0.5583910848095297,1,2.0,0.8228861609064202,0,2.0,0.6543108057093393,6,44.0
905.0,5,63.0,1.2352941176470589,9.874171311943241,4,58.0,0.4961428637403093,0,2.0,0.8213961429886426,1,5.0,0.6364538290696419,5,65.0
910.0,4,1.0,0.01818181818181818,7.399275290160214,2,38.0,0.24306518961517762,0,0.0,0.7392646840373205,2,2.0,0.39589870105887126,4,40.0
915.0,11,37.0,0.6379310344827587,8.63790076546324,6,19.0,0.44878483891028864,1,3.0,0.6068508047960565,4,18.0,0.5320659960424264,11,40.0
920.0,3,10.0,0.18518518518518517,8.462189239944243,2,25.0,0.6112469804080346,1,8.0,0.47144268704853953,0,16.0,0.5498412133722402,3,49.0
925.0,6,15.0,0.2830188679245283,8.867626165715436,2,9.0,0.6535887003270974,1,7.0,0.5197780695036316,3,8.0,0.6150153363542569,6,24.0
930.0,10,53.0,0.9137931034482759,9.091809820184084,4,24.0,0.48412899823903544,3,18.0,0.6915203054272798,3,16.0,0.5740152213928245,10,58.0
935.0,5,5.0,0.08771929824561403,7.892350625046579,1,17.0,0.4537508923547708,1,20.0,0.6254342570363433,3,13.0,0.38682417046282985,5,50.0
940.0,11,44.0,0.7719298245614035,7.948451170161569,4,17.0,0.48863748300648724,0,3.0,0.478813678181067,7,29.0,0.3766624082170767,11,49.0
945.0,4,5.0,0.10204081632653061,8.670340559155555,1,17.0,0.4667958327426699,0,0.0,0.6752041765558323,3,33.0,0.5518585294265526,4,50.0
950.0,2,1.0,0.022222222222222223,8.951937704847355,1,2.0,0.5048754111060244,0,4.0,0.7462040922141063,1,6.0,0.583519269736363,2,12.0
955.0,4,6.0,0.12244897959183673,8.105300218470669,2,6.0,0.4226371824018354,0,4.0,0.920139754700507,2,5.0,0.44969084249560004,4,15.0
960.0,13,51.0,1.0,7.9598122562074165,6,28.0,0.45607433300390376,0,4.0,0.8413132586041951,7,28.0,0.3320452414194872,13,60.0
965.0,7,25.0,0.5208333333333334,5.45562419834551,3,36.0,0.2889227691417829,0,0.0,0.6051076087695959,4,43.0,0.3027948610460654,7,79.0
970.0,3,11.0,0.22,7.918193168649241,2,19.0,0.47384051456793674,1,7.0,0.6688162647815811,0,19.0,0.49353524365517687,3,45.0
975.0,4,11.0,0.2,8.373031947382469,3,14.0,0.4259182739821533,1,12.0,0.7244931590239335,0,0.0,0.6206728984375502,4,26.0
980.0,8,31.0,0.5254237288135594,8.630872402906386,7,42.0,0.31430287706967575,0,4.0,0.7901263039041845,1,0.0,0.6881210283882994,8,46.0
985.0,9,31.0,0.5740740740740741,7.239136625988529,7,59.0,0.23020290971810006,1,8.0,0.5288064232902585,1,0.0,0.6575030085666809,9,67.0
990.0,4,17.0,0.3148148148148148,6.589723792454593,2,48.0,0.3001532191478545,0,5.0,0.5059637074482091,2,7.0,0.4471940474740511,4,60.0
995.0,6,40.0,0.7017543859649122,8.329311300180288,2,33.0,0.52937964210216,0,2.0,0.5789466921239667,4,24.0,0.5291371203623848,6,59.0
1000.0,7,44.0,0.7333333333333333,7.608237705450874,2,16.0,0.5161456976887265,0,0.0,0.5811443749998292,5,45.0,0.4106675494169886,7,61.0
1005.0,10,40.0,0.625,7.130047280108958,5,33.0,0.40803514359411563,1,4.0,0.5745795790513852,4,49.0,0.5254064838108657,10,86.0
1010.0,9,28.0,0.4375,6.879339451158587,3,35.0,0.4215710914105163,3,13.0,0.4136347269449716,3,29.0,0.49758296368423044,9,77.0
1015.0,5,10.0,0.15384615384615385,6.9771050512170065,3,26.0,0.4066219528976036,1,4.0,0.4569016464831907,1,28.0,0.47998516339384356,5,58.0
1020.0,11,32.0,0.47761194029850745,7.638041041983251,1,18.0,0.5152615181520566,5,17.0,0.5296302747469176,5,40.0,0.34609353942236853,11,75.0
1025.0,5,22.0,0.3283582089552239,8.218472939160787,0,9.0,0.6277344946725333,1,23.0,0.6943844373483004,4,43.0,0.26497286910023776,5,75.0
1030.0,12,42.0,0.6666666666666666,8.210354685560715,3,9.0,0.5256237040979962,1,11.0,0.7486932350460483,8,47.0,0.31208897976058436,12,67.0
1035.0,14,63.0,1.0327868852459017,6.985049038365816,5,28.0,0.40464598263061213,2,11.0,0.7376264435932387,7,71.0,0.3443909682042981,14,110.0
1040.0,8,40.0,0.6896551724137931,7.549596096090579,3,26.0,0.47873328227765455,2,22.0,0.7059758195435548,3,55.0,0.4168184041909555,8,103.0
1045.0,10,66.0,1.03125,7.855386649914168,1,8.0,0.4956561789282169,3,32.0,0.5608688841590983,6,52.0,0.43100605648898177,10,92.0
1050.0,7,54.0,0.8571428571428571,7.931982298193231,2,9.0,0.3021046445007388,2,42.0,0.7144484530230435,3,45.0,0.542581904885295,7,96.0
1055.0,13,41.0,0.640625,6.618169699360738,5,21.0,0.3453660472704064,0,0.0,0.5532190787706244,8,38.0,0.33312674098090816,13,59.0
1060.0,15,34.0,0.5074626865671642,5.256771310090518,3,21.0,0.35436676167643344,4,5.0,0.2762742524499201,8,62.0,0.20648152179567597,15,88.0
1065.0,14,57.0,0.8769230769230769,6.36088317790171,4,23.0,0.4946175413175083,5,26.0,0.4408390529883306,5,64.0,0.19552921804568482,14,113.0
1070.0,6,25.0,0.3968253968253968,6.772375457898687,1,21.0,0.3491979485357716,3,40.0,0.44461240212669884,2,47.0,0.3680986243840884,6,108.0
1075.0,10,39.0,0.609375,6.711370349807407,4,19.0,0.4381277098693021,1,28.0,0.5052814642004957,5,59.0,0.2723912782403088,10,106.0
1080.0,18,108.0,1.588235294117647,6.655943758983035,5,36.0,0.5337137480606414,1,11.0,0.6021983915794002,12,103.0,0.1458786932325227,18,150.0
1085.0,15,66.0,0.9705882352941176,6.439180218533342,1,25.0,0.6034966371456989,1,6.0,0.5657507182433277,13,134.0,0.18679507574690954,15,165.0
1090.0,14,49.0,0.7,6.150714831089627,2,9.0,0.46701809888356516,5,23.0,0.416123007310474,7,116.0,0.22575870691912697,14,148.0
1095.0,9,26.0,0.37681159420289856,6.424339108684262,4,15.0,0.2559618169458706,3,31.0,0.44928779376322187,2,73.0,0.4503430886706152,9,119.0
1100.0,9,34.0,0.4473684210526316,7.306893446315915,5,24.0,0.4658348857392821,3,16.0,0.5572795577660027,1,65.0,0.404963805336975,9,105.0
1105.0,13,32.0,0.4050632911392405,6.706268173664472,3,19.0,0.45553507175726127,2,14.0,0.4732529668629257,8,86.0,0.3080171376869522,13,119.0
1110.0,21,80.0,1.0256410256410255,5.755653271814795,7,35.0,0.42031627201743565,8,35.0,0.22076759523989978,6,91.0,0.21144753632188273,21,161.0
1115.0,19,51.0,0.6891891891891891,4.51515479897212,6,46.0,0.28881774235582397,10,64.0,0.1455399887030756,3,53.0,0.23245966018548758,19,163.0
1120.0,12,46.0,0.6216216216216216,6.599619020932522,5,33.0,0.3635796848115717,3,65.0,0.519710249335408,4,38.0,0.38887573788314966,12,136.0
1125.0,9,41.0,0.4880952380952381,7.25847212619797,3,34.0,0.418386201400361,5,45.0,0.548751264859923,1,34.0,0.45061637035737157,9,113.0
1130.0,19,112.0,1.3176470588235294,7.425339395219378,8,60.0,0.4600977518017928,5,56.0,0.4739474738088466,6,44.0,0.46213164582304345,19,160.0
1135.0,23,122.0,1.5061728395061729,4.971268552973697,13,116.0,0.25136032963744404,3,39.0,0.240206045378795,7,57.0,0.27932033977254533,23,212.0
1140.0,26,122.0,1.564102564102564,4.287077576490821,14,144.0,0.09545442739589666,6,27.0,0.3117477233260786,6,64.0,0.2693298291179735,26,235.0
1145.0,21,101.0,1.294871794871795,5.360036735382554,8,134.0,0.2398777789378367,7,49.0,0.4543417364011527,6,80.0,0.21844900928207417,21,263.0
1150.0,15,60.0,0.75,5.762509105426536,2,83.0,0.3438125669054418,3,52.0,0.46137987718725476,10,97.0,0.1219199707150408,15,232.0
1155.0,13,82.0,1.0789473684210527,7.20023859780027,2,57.0,0.6203807832535425,4,32.0,0.5339856081191366,7,116.0,0.2263872892217907,13,205.0
1160.0,8,19.0,0.24050632911392406,6.562523901727102,2,41.0,0.4499541062150873,3,31.0,0.4893726660641747,3,86.0,0.28603841576739986,8,158.0
1165.0,16,63.0,0.7590361445783133,6.981260742170579,6,56.0,0.3177288446516376,5,34.0,0.49235503265415514,5,43.0,0.3133802870356969,16,133.0
1170.0,10,25.0,0.32051282051282054,5.777333362083126,7,63.0,0.19642075672725226,2,32.0,0.35743120821730284,1,44.0,0.27896863833183405,10,139.0
1175.0,12,41.0,0.5857142857142857,5.4327832193346115,3,46.0,0.33148726554483987,2,19.0,0.3711183212360517,7,70.0,0.20913398340757441,12,135.0
1180.0,9,55.0,0.7638888888888888,7.425248863463086,3,35.0,0.515635713071678,2,20.0,0.6065928036004103,4,74.0,0.32002336130181164,9,129.0
1185.0,4,27.0,0.36,7.5335107777094965,0,24.0,0.5320018540693957,2,30.0,0.6714976756270693,2,51.0,0.35808066748831036,4,105.0
1190.0,9,55.0,0.7142857142857143,7.8440177484192075,3,18.0,0.5006867052180002,4,44.0,0.5672095286913366,2,38.0,0.42806568156448177,9,100.0
1195.0,10,75.0,0.974025974025974,6.850261385955244,5,27.0,0.27166155144187076,4,62.0,0.5531204666519456,1,20.0,0.4498575333636781,10,109.0
1200.0,10,27.0,0.35526315789473684,6.53048214229134,5,34.0,0.2594891860942208,1,26.0,0.600397866083901,4,26.0,0.3907985296690135,10,86.0
1205.0,10,44.0,0.5432098765432098,6.952512587685709,4,39.0,0.413627454295014,4,15.0,0.5622501806351801,2,29.0,0.33552694109192677,10,83.0
1210.0,14,79.0,0.9404761904761905,7.145631349916876,6,52.0,0.4555381432951596,1,11.0,0.5706625828733976,7,41.0,0.28329529237550694,14,104.0
1215.0,9,27.0,0.32142857142857145,6.294253825394952,1,32.0,0.46019885277305334,2,9.0,0.38684962140662466,6,62.0,0.2934013726461354,9,103.0
1220.0,12,50.0,0.5882352941176471,7.080385760211156,4,18.0,0.5463408101345922,5,31.0,0.5066362193661815,3,50.0,0.3007556127471568,12,99.0
1225.0,11,49.0,0.5568181818181818,6.5212320329272275,6,44.0,0.4416687081288673,3,29.0,0.39368729099964594,2,56.0,0.3317265200308461,11,129.0
1230.0,20,75.0,0.8620689655172413,5.429150312072027,5,52.0,0.316776039504592,6,30.0,0.31951419241330303,9,73.0,0.19871338299654526,20,155.0
1235.0,15,57.0,0.6951219512195121,4.8466786958611054,2,42.0,0.2868039196351053,4,48.0,0.31113218799029996,9,96.0,0.1372862159310289,15,186.0
1240.0,19,61.0,0.7530864197530864,5.6993195121039495,5,42.0,0.4440271507526264,5,43.0,0.4211405132096857,9,96.0,0.24956383074728924,19,181.0
1245.0,9,43.0,0.5180722891566265,6.94213358141954,2,28.0,0.548473964328992,6,48.0,0.5270933953288235,1,82.0,0.32625142933987566,9,158.0
1250.0,14,58.0,0.651685393258427,6.219413920216137,4,32.0,0.42471063187108826,3,50.0,0.4847754093304745,7,102.0,0.2802480684643575,14,184.0
1255.0,18,55.0,0.6626506024096386,4.128978867243584,3,30.0,0.36550702220757547,7,52.0,0.20488830158082916,8,116.0,0.18188688640411346,18,198.0
1260.0,17,53.0,0.6162790697674418,4.6022702523107,1,11.0,0.46109559670485056,7,79.0,0.268616689808763,9,108.0,0.18073726867503243,17,198.0
1265.0,12,42.0,0.4772727272727273,6.041844319244399,0,6.0,0.7352921291706459,6,75.0,0.47214942363606505,6,128.0,0.20495688448837504,12,209.0
1270.0,15,53.0,0.5760869565217391,5.738942713013611,1,6.0,0.6038934749626088,4,68.0,0.41109786791200237,10,145.0,0.181986683182962,15,219.0
1275.0,24,89.0,0.9888888888888889,5.011976735675687,2,14.0,0.6829057928599598,10,71.0,0.3200532352321161,12,163.0,0.11327835636983856,24,248.0
1280.0,26,152.0,1.7882352941176471,4.657062078077039,3,24.0,0.5432231750338072,12,122.0,0.32448728238173136,11,156.0,0.13260181875596636,26,302.0
1285.0,19,94.0,1.119047619047619,4.064397970481849,1,4.0,0.4180539780584818,10,139.0,0.23695006364331722,8,178.0,0.16875127581407331,19,321.0
1290.0,18,68.0,0.8095238095238095,5.121640195353284,2,13.0,0.5168804147116891,5,88.0,0.3823340356564702,11,197.0,0.17087775302849767,18,298.0
1295.0,14,52.0,0.611764705882353,4.6013285390581,1,13.0,0.6147353110315403,5,60.0,0.29948759604320024,8,208.0,0.160868872074491,14,281.0
1300.0,10,27.0,0.313953488372093,5.059913652881155,0,3.0,0.7087431122084065,2,58.0,0.4267655113914201,8,184.0,0.15977552726125613,10,245.0
1305.0,19,62.0,0.6888888888888889,5.378675121061379,2,2.0,0.6233080834001085,9,82.0,0.40684910433979155,8,189.0,0.174367652610754,19,273.0
1310.0,19,72.0,0.75,4.835151897625088,2,8.0,0.6314583551078471,8,95.0,0.2692242623986569,9,205.0,0.16898013010354612,19,308.0
1315.0,20,101.0,1.030612244897959,5.150560931888613,0,6.0,0.6717143022590367,7,87.0,0.21979892142973248,13,240.0,0.20145811412374903,20,333.0
1320.0,17,77.0,0.8279569892473119,4.263122765416406,1,6.0,0.6570533891910352,2,101.0,0.1493344773640534,14,256.0,0.13570951045820567,17,363.0
1325.0,23,92.0,1.0,4.419042531697783,1,7.0,0.45902140008436915,9,119.0,0.22837735901035308,13,239.0,0.13985842465431972,23,365.0
1330.0,27,170.0,1.8279569892473118,5.270477580410981,3,7.0,0.4273818687744102,13,180.0,0.2955278496439432,11,210.0,0.19872525180841544,27,397.0
1335.0,24,120.0,1.263157894736842,4.247362963450525,2,10.0,0.3799402160740258,12,197.0,0.18662060281659046,10,230.0,0.23927666829017197,24,437.0
1340.0,29,126.0,1.2989690721649485,4.859544446726501,7,33.0,0.38669777984704434,9,168.0,0.20327428666200312,13,258.0,0.24626760630036815,29,459.0
1345.0,26,161.0,1.7127659574468086,5.348190710171791,6,46.0,0.46344245937101675,5,118.0,0.29317318339431986,15,322.0,0.20340734745979888,26,486.0
1350.0,21,126.0,1.3125,5.4712135859542075,3,25.0,0.5034834351911289,5,111.0,0.3985608342577009,13,342.0,0.2135900232970352,21,478.0
1355.0,14,54.0,0.5625,5.444157134685397,1,25.0,0.5358899668189476,2,99.0,0.36589903884328856,11,311.0,0.20819138133063056,14,435.0
1360.0,23,60.0,0.5825242718446602,4.971309084615276,6,25.0,0.37041968332279906,5,104.0,0.3844327868360076,12,355.0,0.1223016721243045,23,484.0
1365.0,34,165.0,1.6336633663366336,5.063682142328747,12,69.0,0.24198030745154445,7,126.0,0.2609659888061557,15,403.0,0.1490111116798662,34,598.0
1370.0,34,138.0,1.5,3.0732213658846157,12,103.0,0.11970343070530269,7,131.0,0.08002371124504253,15,410.0,0.08772442851255083,34,644.0
1375.0,20,76.0,0.8636363636363636,4.609735308667113,6,106.0,0.29431299703269603,5,104.0,0.41385876322587917,9,354.0,0.20596957636094868,20,564.0
1380.0,15,61.0,0.6224489795918368,6.5411705935493805,5,79.0,0.4643030043118567,3,59.0,0.4902468246294652,7,257.0,0.3065828062436857,15,395.0
1385.0,8,12.0,0.1188118811881188,5.817307345652365,2,75.0,0.414268349163432,1,49.0,0.4537563869788422,5,260.0,0.28073445428162314,8,384.0
1390.0,23,71.0,0.6826923076923077,5.305086553219073,8,99.0,0.2259674758489596,4,62.0,0.3506794429320276,11,282.0,0.21607110875468322,23,443.0
1395.0,27,124.0,1.2783505154639174,3.777678245969036,14,154.0,0.1170723608258181,4,56.0,0.1817087060198487,9,282.0,0.17889694126837233,27,492.0
1400.0,24,106.0,1.1397849462365592,4.16994822999779,12,180.0,0.20596246665879198,5,46.0,0.31468198204816505,7,233.0,0.2285818112992796,24,459.0
1405.0,18,58.0,0.6105263157894737,5.475945715191811,7,145.0,0.33548727431843645,5,53.0,0.43005729294449213,6,175.0,0.2556964143226236,18,373.0
1410.0,18,60.0,0.594059405940594,5.154432176650383,6,138.0,0.2367004116697203,8,78.0,0.4186102155144338,4,183.0,0.23610537559386172,18,399.0
1415.0,27,86.0,0.8349514563106796,4.657965960463159,10,174.0,0.1902519581999176,8,87.0,0.28907473592433786,9,191.0,0.1748213859748956,27,452.0
1420.0,19,70.0,0.7142857142857143,4.2358831142091695,7,175.0,0.2391068751140302,4,54.0,0.2388173901898857,8,199.0,0.23133321567877504,19,428.0
1425.0,12,31.0,0.32978723404255317,5.254143413952876,6,125.0,0.30508628244147407,2,58.0,0.39487703777259203,4,162.0,0.3017615647102314,12,345.0
1430.0,19,82.0,0.8118811881188119,5.656297569164753,5,85.0,0.2565744893988174,6,75.0,0.40499729269910056,8,111.0,0.19977808216532875,19,271.0
1435.0,11,61.0,0.6161616161616161,5.875335615806122,5,86.0,0.31495591515713894,6,85.0,0.4106841179396065,0,100.0,0.2573130804208847,11,271.0
1440.0,11,40.0,0.40816326530612246,5.235902520798369,2,72.0,0.281710077090537,3,63.0,0.3003649701373149,6,107.0,0.25271455377185387,11,242.0
1445.0,16,64.0,0.6736842105263158,5.588861872459401,6,62.0,0.37111698641103286,2,38.0,0.3570954478852188,8,114.0,0.2652285660042703,16,214.0
1450.0,14,69.0,0.75,5.693531894742793,4,61.0,0.4120525685408986,3,44.0,0.4460092707407025,7,94.0,0.2947354527894345,14,199.0
1455.0,8,21.0,0.21875,5.248877361135249,2,44.0,0.4002809641581352,1,21.0,0.46542838108114115,5,105.0,0.22433789182014358,8,170.0
1460.0,16,72.0,0.6990291262135923,5.79211074258952,3,32.0,0.4258860493516187,4,21.0,0.44663248429983005,9,129.0,0.18044703010339538,16,182.0
1465.0,24,147.0,1.4411764705882353,4.7315924899749255,3,35.0,0.37222722238785433,5,33.0,0.2578689734460079,16,193.0,0.147519847452803,24,261.0
1470.0,27,175.0,1.7326732673267327,4.416659117627463,4,50.0,0.42837673874994736,5,41.0,0.29335687129274995,18,224.0,0.16555633394655792,27,315.0
1475.0,19,83.0,0.7757009345794392,4.645712508239113,1,23.0,0.5006193428240242,2,41.0,0.31597076472937136,16,222.0,0.14697875661603674,19,286.0
1480.0,25,122.0,1.0990990990990992,5.3883191712418,4,13.0,0.39520640548788355,5,44.0,0.3379912326417411,16,205.0,0.14890974331996473,25,262.0
1485.0,21,75.0,0.7009345794392523,4.416922127955891,4,22.0,0.2691112793696945,7,58.0,0.27176587510445543,10,242.0,0.18918840165183076,21,322.0
1490.0,25,100.0,0.9900990099009901,4.851179526989543,4,29.0,0.33855019124317043,8,66.0,0.29485318377569414,13,277.0,0.2373591206708258,25,372.0
1495.0,13,50.0,0.47619047619047616,4.187845135042174,3,35.0,0.3570248481232741,2,72.0,0.19271849569028915,8,288.0,0.16557992007977632,13,395.0
1500.0,18,54.0,0.5094339622641509,4.9775781982155705,4,35.0,0.3730438364483222,6,76.0,0.24657394727764037,8,257.0,0.1911268214724853,18,368.0
1505.0,19,107.0,1.0490196078431373,5.040279528513532,4,37.0,0.20503536830290317,9,106.0,0.31443575746278196,6,203.0,0.21479309604708224,19,346.0
1510.0,23,126.0,1.2857142857142858,4.752783740237237,9,46.0,0.15967395629302786,8,123.0,0.3056052095804668,6,189.0,0.27733184924793064,23,358.0
1515.0,14,50.0,0.5,4.854994851719763,4,63.0,0.3092656335887287,7,108.0,0.22663729837904378,3,155.0,0.32072237138073845,14,326.0
1520.0,22,95.0,0.9047619047619048,5.840313287170326,8,71.0,0.3304963748970509,7,95.0,0.24786636010577076,7,124.0,0.3473307461607254,22,290.0
1525.0,20,105.0,1.0194174757281553,5.826471514584415,6,74.0,0.4055840480388526,5,110.0,0.34495748847684915,9,126.0,0.3034893421962594,20,310.0
1530.0,13,32.0,0.3137254901960784,5.004186825793437,8,76.0,0.2863055311245198,0,88.0,0.4146685920776082,5,102.0,0.28075662661042455,13,266.0
1535.0,16,33.0,0.30275229357798167,4.929731099562967,7,94.0,0.19361916018324674,5,72.0,0.4008811321241124,4,110.0,0.2580137314812708,16,276.0
1540.0,22,71.0,0.6454545454545455,4.617522209522729,8,107.0,0.15602079173742722,6,83.0,0.20438217455147453,8,125.0,0.19522019462388424,22,315.0
1545.0,28,130.0,1.2621359223300972,3.6203379695537334,12,161.0,0.17250344078522123,4,71.0,0.1675466755647655,12,144.0,0.1753683868773207,28,376.0
1550.0,24,133.0,1.316831683168317,4.1747886119530895,10,179.0,0.20464505410030262,5,56.0,0.37121966786796634,9,131.0,0.24836101979460792,24,366.0
1555.0,12,42.0,0.4158415841584158,4.558496022213133,4,141.0,0.271958877739245,1,47.0,0.4818682427343004,7,144.0,0.19202216114343976,12,332.0
1560.0,21,71.0,0.6513761467889908,5.064653804255871,6,88.0,0.2693026419670597,4,40.0,0.452583716887741,11,165.0,0.13213352781597903,21,293.0
1565.0,24,71.0,0.6513761467889908,4.65858104568541,5,85.0,0.2986441456307303,7,46.0,0.3029523415974246,12,177.0,0.14854540852738207,24,308.0
1570.0,16,63.0,0.5943396226415094,4.649859045711459,5,101.0,0.3056596641792405,2,38.0,0.4129755905334811,9,163.0,0.18935521180218468,16,302.0
1575.0,16,65.0,0.5855855855855856,5.135534368778083,6,124.0,0.3548128903861711,4,43.0,0.410156466144594,6,152.0,0.2135519924841909,16,319.0
1580.0,21,91.0,0.8272727272727273,4.596889328168786,10,164.0,0.2467412142190067,2,28.0,0.36021988971618424,9,156.0,0.16574383027099998,21,348.0
1585.0,29,145.0,1.3679245283018868,3.9976656173415366,10,178.0,0.1265302213041204,5,23.0,0.2200281786326764,14,211.0,0.13217722950142724,29,412.0
1590.0,33,183.0,1.8865979381443299,3.5193135152542165,7,153.0,0.20428361651327,11,64.0,0.1704660694316758,15,241.0,0.07861641950442798,33,458.0
1595.0,27,131.0,1.3936170212765957,4.4891989699576325,7,135.0,0.24064586491135634,5,81.0,0.4631978848183076,15,241.0,0.13622205354980157,27,457.0
1600.0,20,97.0,1.0319148936170213,5.237712762184378,6,121.0,0.25711002576748376,1,53.0,0.5272475655924105,13,207.0,0.20659045970859735,20,381.0
1605.0,13,64.0,0.6274509803921569,5.898819620834909,4,112.0,0.38085933719778037,1,20.0,0.5114121508060058,8,185.0,0.28795510684339826,13,317.0
1610.0,12,39.0,0.37142857142857144,5.946761272074479,4,122.0,0.38620971211119004,3,14.0,0.5243667168643936,5,179.0,0.28534770704626417,12,315.0
1615.0,15,61.0,0.5865384615384616,5.559226604557883,7,148.0,0.31713836245384397,1,5.0,0.4661150167881024,7,204.0,0.24555795950903478,15,357.0
1620.0,23,78.0,0.7722772277227723,4.455561513736794,9,157.0,0.20539186139429313,5,17.0,0.24165878451151493,9,214.0,0.2184612897928554,23,388.0
1625.0,25,113.0,1.13,4.822590615014529,6,138.0,0.2952879727369359,12,66.0,0.3054419278365292,7,186.0,0.21751124695452048,25,390.0
1630.0,23,92.0,0.9108910891089109,4.481258047001198,8,110.0,0.20573496345306752,9,100.0,0.3564186587987,6,203.0,0.15893827478150027,23,413.0
1635.0,17,60.0,0.5769230769230769,4.364323891908773,5,126.0,0.25607387393407843,3,77.0,0.35197346508387756,9,226.0,0.16888797631305866,17,429.0
1640.0,18,61.0,0.580952380952381,4.510095042708909,5,141.0,0.3058050236720457,3,69.0,0.2966494181806941,10,231.0,0.15160066636444391,18,441.0
1645.0,24,70.0,0.6796116504854369,4.588166506522902,6,139.0,0.2248808617343343,9,99.0,0.2616846822026471,9,188.0,0.18614011872287972,24,426.0
1650.0,20,72.0,0.72,4.734150917615382,6,131.0,0.16029683176346565,7,111.0,0.35891050897698235,7,131.0,0.21224770984832803,20,373.0
1655.0,13,59.0,0.5619047619047619,5.113921263184182,6,118.0,0.28963889211450605,3,59.0,0.3836260674489544,4,145.0,0.23844232913629293,13,322.0
1660.0,14,60.0,0.5454545454545454,5.053594395546573,2,113.0,0.354253507447923,4,40.0,0.33191547016372663,8,172.0,0.2424862691104633,14,325.0
1665.0,16,54.0,0.4778761061946903,5.204026033028594,6,108.0,0.3765287638648915,2,30.0,0.39922155457366165,8,178.0,0.20608450611633566,16,316.0
1670.0,23,90.0,0.7964601769911505,4.703107025605991,9,129.0,0.3173034061517644,7,39.0,0.28675561795600607,7,147.0,0.18058273255741467,23,315.0
1675.0,24,127.0,1.1043478260869566,3.765861749618858,9,145.0,0.1378174211589278,11,82.0,0.2501397156094078,4,144.0,0.19109832034825958,24,371.0
1680.0,33,216.0,1.8461538461538463,4.169721136942194,11,120.0,0.19602544181578807,15,154.0,0.2448533689146665,7,164.0,0.16430248105462628,33,438.0
1685.0,38,211.0,1.7881355932203389,3.7949208564380457,13,136.0,0.15757907085487466,14,185.0,0.21659735512609574,11,172.0,0.14423573823218716,38,493.0
1690.0,30,180.0,1.5254237288135593,3.9227190640452836,14,162.0,0.17370372641269652,6,165.0,0.2930844177999996,10,155.0,0.1726091708894079,30,482.0
1695.0,22,79.0,0.632,4.145635091533541,9,181.0,0.24643764751722624,7,181.0,0.28860967154977885,6,154.0,0.194362318249735,22,516.0
1700.0,20,72.0,0.5581395348837209,4.461660349056431,3,144.0,0.298825385504258,9,210.0,0.18377412494848486,8,166.0,0.16615204293626284,20,520.0
1705.0,37,215.0,1.7479674796747968,4.231056607812271,8,135.0,0.26792162352213317,16,273.0,0.13823022387263345,13,199.0,0.14088896388096586,37,607.0
1710.0,39,223.0,1.956140350877193,2.9641018791789526,7,146.0,0.20054099262569644,15,298.0,0.1113550222416606,17,223.0,0.09163416893675178,39,667.0
1715.0,35,164.0,1.5045871559633028,3.435654925559839,8,147.0,0.19633322094760325,12,260.0,0.23485405102188786,15,216.0,0.17626696134102404,35,623.0
1720.0,32,104.0,0.8888888888888888,3.3883887737571383,13,187.0,0.1877261995656331,9,270.0,0.21800025306340612,10,261.0,0.16183511720853339,32,718.0
1725.0,30,131.0,1.0564516129032258,3.828662072163085,8,214.0,0.20637123550052797,12,304.0,0.20204254907282135,10,297.0,0.10070071888191037,30,815.0
1730.0,34,111.0,0.940677966101695,3.2288521758550845,10,227.0,0.16509834207029386,9,282.0,0.16798970175120792,15,318.0,0.10093796738806017,34,827.0
1735.0,28,93.0,0.8303571428571429,3.691867065427455,12,229.0,0.17941957325522626,5,220.0,0.2882788976049468,11,293.0,0.19899152595699124,28,742.0
1740.0,18,63.0,0.5294117647058824,4.216501973918696,7,233.0,0.23015230221666247,4,209.0,0.31168228602939635,7,236.0,0.20652906523943337,18,678.0
1745.0,15,51.0,0.408,4.855418239402147,6,241.0,0.23988964674677446,7,216.0,0.2492625258652382,2,219.0,0.24112671483419557,15,676.0
1750.0,23,72.0,0.5901639344262295,4.242437767811006,7,246.0,0.16821198914046537,9,207.0,0.16861519267826294,7,216.0,0.21884779031161541,23,669.0
1755.0,27,81.0,0.7105263157894737,3.7704466633397367,7,212.0,0.18865885540692953,9,159.0,0.22940190919379183,11,216.0,0.2061403774881137,27,587.0
1760.0,22,106.0,0.9217391304347826,4.690750444752675,4,221.0,0.28446905330408206,7,119.0,0.323213372709605,11,179.0,0.2647722821174048,22,519.0
1765.0,14,46.0,0.3709677419354839,4.837340373176291,5,210.0,0.26009361082418647,4,124.0,0.29698971894651777,5,188.0,0.23846487912506992,14,522.0
1770.0,22,78.0,0.6446280991735537,4.681433312541782,7,205.0,0.19916618732695746,9,129.0,0.25706568498540777,6,178.0,0.20171090669303557,22,512.0
1775.0,30,142.0,1.2347826086956522,4.089011548397461,8,187.0,0.16579680019110019,9,134.0,0.21644860142941102,13,215.0,0.12727830635618398,30,536.0
1780.0,37,216.0,2.0186915887850465,3.396015863160422,7,193.0,0.209909924885101,10,123.0,0.14150373920356205,20,304.0,0.12539963351301017,37,620.0
1785.0,38,330.0,2.972972972972973,3.2816614855350537,7,183.0,0.2199846053950933,7,147.0,0.16373354390472686,24,419.0,0.11673341063368473,38,749.0
1790.0,43,371.0,3.3125,3.2112117356472183,9,199.0,0.17106910771714248,11,175.0,0.185477704348597,23,471.0,0.11521327593724473,43,845.0
1795.0,39,269.0,2.4017857142857144,2.942424487119525,8,191.0,0.14632022540612155,12,188.0,0.22295524876909215,19,445.0,0.10773202565298759,39,824.0
1800.0,35,200.0,1.7699115044247788,4.149633924942853,8,166.0,0.1885362634686471,11,165.0,0.28327949216142434,16,409.0,0.21336566068547747,35,740.0
1805.0,33,169.0,1.4083333333333334,4.247833172705667,7,160.0,0.2119170556979716,11,203.0,0.2515546613012802,15,368.0,0.22349306267867444,33,731.0
1810.0,31,182.0,1.4796747967479675,4.904828941200231,8,194.0,0.22990293025116293,11,227.0,0.23585827042741736,12,331.0,0.3155775719903135,31,752.0
1815.0,29,156.0,1.3448275862068966,4.547720015615642,8,200.0,0.16504890042743703,15,272.0,0.2024459378523693,6,312.0,0.3222079128799209,29,784.0
1820.0,30,157.0,1.4272727272727272,4.171675646138215,6,167.0,0.17162766330684556,16,299.0,0.18345052545434354,8,299.0,0.27576054411068807,30,765.0
1825.0,31,156.0,1.4054054054054055,4.1467644699347925,3,177.0,0.2699124096617876,15,273.0,0.13049036424399432,13,348.0,0.2619347485288472,31,798.0
1830.0,33,144.0,1.2857142857142858,4.0501244366266125,4,176.0,0.32422187360821414,15,325.0,0.1365761741504959,14,358.0,0.22554394837368166,33,859.0
1835.0,28,134.0,1.1964285714285714,4.0839355769870815,7,195.0,0.2737303515741545,13,368.0,0.18435568026998786,8,300.0,0.2017280336084182,28,863.0
1840.0,28,150.0,1.3636363636363635,4.206571999085766,10,238.0,0.16271772834874793,10,367.0,0.2251451223699684,8,222.0,0.23602668405943375,28,827.0
1845.0,30,144.0,1.309090909090909,3.506500670069224,11,259.0,0.15577540624932953,11,311.0,0.18356834278991405,8,241.0,0.27239297819134417,30,811.0
1850.0,31,136.0,1.1929824561403508,4.362123102407429,12,251.0,0.22380366304087537,10,312.0,0.19760653281821047,9,267.0,0.30868465087874475,31,830.0
1855.0,26,132.0,1.1282051282051282,4.339218887922595,10,225.0,0.2764467301662553,7,320.0,0.22622945614887785,9,265.0,0.2001390635429948,26,810.0
1860.0,31,130.0,1.1206896551724137,3.977329831206572,12,232.0,0.2611297813565706,9,310.0,0.2287136692996102,10,224.0,0.1995184546894724,31,766.0
1865.0,21,71.0,0.5916666666666667,4.275906760706637,7,239.0,0.32731093504457703,9,265.0,0.19458392789652157,5,221.0,0.2588795812404845,21,725.0
1870.0,21,65.0,0.5241935483870968,4.610426450378591,5,238.0,0.3599415321522826,8,236.0,0.19299586380007058,8,227.0,0.2413063616984731,21,701.0
1875.0,24,89.0,0.7355371900826446,4.269345718339316,6,251.0,0.3605429726593804,8,230.0,0.19713159177498552,10,219.0,0.14394604048271623,24,700.0
1880.0,30,141.0,1.194915254237288,4.055096169133698,8,248.0,0.2609076733589748,14,252.0,0.1979790628460451,8,175.0,0.16713631946109606,30,675.0
1885.0,32,203.0,1.7203389830508475,4.017191741962638,9,205.0,0.19845528804526144,19,332.0,0.14763665736341391,4,150.0,0.21313953081907708,32,687.0
1890.0,34,213.0,1.775,3.483862592296189,8,239.0,0.18812496205663984,20,364.0,0.08344758829622004,6,143.0,0.17529127830436808,34,746.0
1895.0,34,159.0,1.3032786885245902,3.8617195928662142,7,261.0,0.24886109102719145,17,310.0,0.14003691287512302,10,139.0,0.17712739113859066,34,710.0
1900.0,29,147.0,1.225,4.189218843200076,6,260.0,0.2590013239359488,14,387.0,0.19844058432534722,9,121.0,0.2524930180455207,29,768.0
1905.0,33,129.0,1.0661157024793388,3.246902139630588,10,231.0,0.2228390777916364,13,452.0,0.14084737075055725,10,145.0,0.20600627894628185,33,828.0
1910.0,29,107.0,0.856,2.912917025926373,9,256.0,0.14166518978585005,11,450.0,0.11970508226960501,9,148.0,0.1500463465149078,29,854.0
1915.0,25,84.0,0.6461538461538462,3.768133235823989,11,256.0,0.16915999397324774,5,366.0,0.18906747949034217,9,150.0,0.19052106856856804,25,772.0
1920.0,24,115.0,0.905511811023622,4.342475828401066,10,295.0,0.25295002204535333,3,259.0,0.2555486054768881,11,138.0,0.2235556710891511,24,692.0
1925.0,23,96.0,0.768,3.9594392957764044,10,297.0,0.25710959222183283,1,263.0,0.2851411480100607,12,173.0,0.19290130849991521,23,733.0
1930.0,31,126.0,0.9921259842519685,3.9722937624891714,11,256.0,0.19483872865724766,8,287.0,0.2727958366998362,12,182.0,0.16583004815489089,31,725.0
1935.0,40,218.0,1.7580645161290323,3.8644567390613913,15,233.0,0.15853021412422066,9,281.0,0.2043282098762453,16,227.0,0.11558846889098148,40,741.0
1940.0,43,297.0,2.475,3.151913979578467,14,275.0,0.18833097955624714,7,209.0,0.1482917518565271,22,330.0,0.12855893561157752,43,814.0
1945.0,37,268.0,2.2711864406779663,3.4791955438246895,13,306.0,0.2481876435109719,3,224.0,0.19896408041523175,21,378.0,0.12856628499011694,37,908.0
1950.0,36,246.0,2.1025641025641026,3.9587872229896925,12,319.0,0.23967947860369157,7,246.0,0.20090071343429783,17,337.0,0.12708151250366223,36,902.0
1955.0,37,266.0,2.216666666666667,4.373429777752224,15,367.0,0.18912082920805384,7,231.0,0.24518406138341628,15,309.0,0.19807364682963463,37,907.0
1960.0,34,297.0,2.475,4.2400241269389705,19,455.0,0.20879015651651872,5,150.0,0.21100180496624174,10,334.0,0.2789390416155626,34,939.0
1965.0,33,253.0,2.090909090909091,3.8834162254188667,17,476.0,0.195023574325564,3,137.0,0.2347032104553248,13,390.0,0.22404450054904174,33,1003.0
1970.0,29,171.0,1.3902439024390243,4.092815723880575,15,369.0,0.1660995888771062,5,156.0,0.27356331991629385,9,395.0,0.20869506604791704,29,920.0
1975.0,32,174.0,1.4621848739495797,3.8990296219461444,18,343.0,0.17571584759137887,8,160.0,0.21234310946279863,6,337.0,0.250302156852261,32,840.0
1980.0,29,111.0,0.888,3.842965636539431,15,401.0,0.18814238387958304,8,106.0,0.15345948520768388,6,307.0,0.26957932366590553,29,814.0
1985.0,30,168.0,1.3333333333333333,4.73491858375911,14,438.0,0.2640683427212848,8,109.0,0.16681441581340908,8,320.0,0.2911447668743668,30,867.0
1990.0,25,130.0,1.0743801652892562,4.474923709246242,10,443.0,0.25492800063552834,3,106.0,0.2325523950679115,12,371.0,0.18899408466949724,25,920.0
1995.0,30,141.0,1.184873949579832,3.6512070329211586,10,369.0,0.1985074349859881,7,104.0,0.24992518209140152,13,376.0,0.12697285654547122,30,849.0
2000.0,29,98.0,0.8099173553719008,3.593876833620351,8,383.0,0.1886054596130278,9,125.0,0.22352242547234416,12,325.0,0.20706052079471488,29,833.0
2005.0,26,82.0,0.6612903225806451,3.989521918148657,10,402.0,0.2112008312949391,8,125.0,0.1954701138209475,8,344.0,0.21117915081117017,26,871.0
2010.0,29,147.0,1.185483870967742,4.146046795334737,12,433.0,0.224781360288419,4,121.0,0.17153324749249627,13,390.0,0.19227687651471936,29,944.0
2015.0,33,158.0,1.3057851239669422,3.3410485491389625,13,439.0,0.14496150744483935,7,116.0,0.19373695170552052,13,403.0,0.1400818610410043,33,958.0
2020.0,39,167.0,1.4396551724137931,3.4778870197483185,14,398.0,0.13106926162053137,14,162.0,0.2586610908262649,11,326.0,0.1790676445783028,39,886.0
2025.0,29,127.0,1.1043478260869566,3.382479503863237,11,438.0,0.1397564221734228,12,191.0,0.20076317774621202,6,349.0,0.18621922505231464,29,978.0
2030.0,28,117.0,1.0086206896551724,3.7416712030327703,12,473.0,0.18035532663771436,8,167.0,0.19072928581843335,8,365.0,0.17131001456819023,28,1005.0
2035.0,25,93.0,0.8378378378378378,2.989340613577489,11,463.0,0.17591654768690687,6,175.0,0.14766298740516778,8,355.0,0.14697399212934792,25,993.0
2040.0,25,85.0,0.7727272727272727,3.346275094320008,10,400.0,0.12646646529622158,10,218.0,0.2190585767352423,5,288.0,0.21362440959679183,25,906.0
2045.0,20,75.0,0.6637168141592921,3.816906205647823,7,388.0,0.178169846895539,10,220.0,0.2394960292578041,3,217.0,0.23555757373169647,20,825.0
2050.0,14,52.0,0.4444444444444444,4.305807935782799,8,400.0,0.18596839416969685,5,171.0,0.29047980824402075,1,192.0,0.2852614104101477,14,763.0
2055.0,23,85.0,0.6967213114754098,4.259480484720744,8,365.0,0.20790089268795045,6,124.0,0.27393334250733326,9,212.0,0.2376444800351226,23,701.0
2060.0,27,100.0,0.8333333333333334,4.249181681293917,10,289.0,0.22056848245580823,7,125.0,0.36395398540198154,10,208.0,0.27449261298482436,27,622.0
2065.0,18,69.0,0.5798319327731093,4.021159728573743,9,210.0,0.1795219725082165,3,109.0,0.30151350570663005,6,160.0,0.25772316778043614,18,479.0
2070.0,22,82.0,0.6612903225806451,4.43176260260931,8,230.0,0.16646415545645546,7,100.0,0.37775148454501567,7,123.0,0.18175809952471367,22,453.0
2075.0,19,86.0,0.7166666666666667,5.012672047975735,9,238.0,0.192124130643639,4,93.0,0.36459777403278343,6,116.0,0.27007913718361326,19,447.0
2080.0,18,108.0,0.9391304347826087,5.016889185099033,12,262.0,0.2102874339650119,3,69.0,0.3370370691550842,3,97.0,0.34895348733907766,18,428.0
2085.0,31,215.0,1.8859649122807018,4.697102514532585,20,323.0,0.15121218811271867,4,53.0,0.3592883515867633,7,96.0,0.3109545063667863,31,472.0
2090.0,36,248.0,2.175438596491228,3.5358921673974337,22,364.0,0.12679352178958866,6,65.0,0.32632156972085935,8,107.0,0.2678414874840538,36,536.0
2095.0,33,164.0,1.3666666666666667,3.7461970163416303,20,341.0,0.10786187721366373,4,53.0,0.4413302126953602,9,88.0,0.22889726702937904,33,482.0
2100.0,36,178.0,1.4126984126984128,4.026460269073476,20,341.0,0.148300222617695,6,42.0,0.43763504819049537,10,116.0,0.14769051119564358,36,499.0
2105.0,31,131.0,1.0155038759689923,4.001153900719832,16,393.0,0.1845174612681344,4,46.0,0.31037641640614927,11,136.0,0.14175712884892133,31,575.0
2110.0,35,136.0,1.0708661417322836,3.6313490878026693,16,458.0,0.18906597067336947,9,65.0,0.13794029183172582,10,159.0,0.18608875792460813,35,682.0
2115.0,29,143.0,1.144,3.4784754658526147,14,527.0,0.17599760826545852,6,86.0,0.28208527123458943,9,146.0,0.14463880123835993,29,759.0
2120.0,39,257.0,2.0078125,3.28017602250042,21,616.0,0.14823943144081864,9,101.0,0.3194757437845234,9,169.0,0.12451785514406945,39,886.0
2125.0,52,446.0,3.3533834586466167,3.414866079980861,29,735.0,0.10744479074902512,13,154.0,0.22603539650569052,10,191.0,0.1305944991228493,52,1080.0
2130.0,57,481.0,3.6717557251908395,2.7255812717229295,28,797.0,0.10544025049215333,14,178.0,0.07859785008050468,15,227.0,0.15112628501970654,57,1202.0
2135.0,58,458.0,3.443609022556391,3.2247514764555216,29,789.0,0.13691659339103188,6,150.0,0.30280699037973946,23,303.0,0.17053521250013176,58,1242.0
2140.0,52,513.0,3.857142857142857,3.3053804169908583,23,865.0,0.12068362842427936,2,130.0,0.37228218605901303,27,414.0,0.11759110904328014,52,1409.0
2145.0,58,511.0,3.785185185185185,3.3411198018681354,26,971.0,0.1253110939639866,7,141.0,0.22750737634631266,25,481.0,0.08058708205369507,58,1593.0
2150.0,47,366.0,2.859375,3.168605571592051,18,986.0,0.122625499539813,7,136.0,0.23519873532171998,22,479.0,0.10775575391556645,47,1601.0
2155.0,36,241.0,1.9917355371900827,3.957085500631996,12,858.0,0.12999202531773194,3,89.0,0.4855814309158661,21,435.0,0.201506016842219,36,1382.0
2160.0,25,138.0,1.0952380952380953,4.0970982542418435,8,888.0,0.16887273294295962,4,49.0,0.5775492510898959,13,489.0,0.19941348370622367,25,1426.0
2165.0,25,116.0,0.8787878787878788,4.254722728831792,11,902.0,0.1589846758491824,1,31.0,0.42418820884765474,13,517.0,0.17853396110023986,25,1450.0
2170.0,29,105.0,0.8076923076923077,3.701170999364416,13,873.0,0.13231697425252748,7,45.0,0.22003986290843564,9,508.0,0.17829721988457475,29,1426.0
2175.0,30,98.0,0.8235294117647058,3.440682021170824,14,734.0,0.1264366101070302,8,62.0,0.3216503847278627,8,440.0,0.18820715610398964,30,1236.0
2180.0,20,75.0,0.6147540983606558,4.301407153269062,10,739.0,0.1481045992188661,3,47.0,0.5765456526044789,7,325.0,0.24492014758574626,20,1111.0
2185.0,17,100.0,0.7751937984496124,4.871753385121291,10,740.0,0.1443899671950184,3,38.0,0.5115516409850479,4,266.0,0.30527006908325394,17,1044.0
2190.0,21,104.0,0.8125,4.373463139263782,11,704.0,0.12973704949481407,5,34.0,0.41328544576118426,5,208.0,0.3301472290504532,21,946.0
2195.0,22,81.0,0.6328125,4.340458451290137,11,595.0,0.13350789206968444,8,49.0,0.32534390749195635,3,181.0,0.37149371275872645,22,825.0
2200.0,32,150.0,1.171875,4.618716164809565,13,549.0,0.14530636161376467,12,95.0,0.34333190294376065,7,164.0,0.3310290585226492,32,808.0
2205.0,36,192.0,1.5,3.883383115269554,10,535.0,0.1587722300849417,13,127.0,0.14133558985519065,13,215.0,0.18775344048471934,36,877.0
2210.0,49,314.0,2.5737704918032787,3.2741593163770584,15,552.0,0.16284927760045506,13,111.0,0.09075129210929403,21,303.0,0.17200946893892666,49,966.0
2215.0,39,279.0,2.3846153846153846,3.1598383757639406,16,529.0,0.13898352885186005,4,127.0,0.2584108789747196,19,351.0,0.22626820089667574,39,1007.0
2220.0,39,192.0,1.5609756097560976,3.6287286992759307,18,418.0,0.12778512848831627,7,123.0,0.32944380129892153,14,292.0,0.20074727508547352,39,833.0
2225.0,36,142.0,1.1181102362204725,3.8576094089891333,15,476.0,0.13012779890462636,7,129.0,0.3313978045175289,14,253.0,0.25571927085226664,36,858.0
2230.0,29,112.0,0.8296296296296296,3.8566385465673276,16,503.0,0.15435639157643588,7,119.0,0.24940521116769349,6,271.0,0.263177924067696,29,893.0
2235.0,34,122.0,0.9172932330827067,3.577521936539319,18,499.0,0.12623674424543774,7,136.0,0.17491680822954117,9,289.0,0.23987843173195356,34,924.0
2240.0,35,129.0,1.0078125,3.2274761290030733,16,424.0,0.12911719641229033,9,151.0,0.24239152885803858,10,279.0,0.17614093113497853,35,854.0
2245.0,37,181.0,1.4031007751937985,3.537345516527682,11,464.0,0.13807222047870465,13,195.0,0.2693241609000317,13,199.0,0.169376212873561,37,858.0
2250.0,28,143.0,1.0751879699248121,3.673723997488743,10,470.0,0.1307331168721573,12,212.0,0.23813340777086453,6,223.0,0.19807071246921132,28,905.0
2255.0,31,171.0,1.3464566929133859,3.7742195874988216,16,529.0,0.1475544830190435,8,163.0,0.1613150718663612,7,210.0,0.21842083012011293,31,902.0
2260.0,38,211.0,1.773109243697479,3.129196423563316,16,532.0,0.08366497589058236,7,147.0,0.23335323188582144,15,250.0,0.2071847588878825,38,929.0
2265.0,33,182.0,1.5166666666666666,3.1997603434149036,15,440.0,0.12085816646624413,4,157.0,0.3421202356829511,14,263.0,0.1948851201595952,33,860.0
2270.0,29,183.0,1.464,3.98792187460603,15,364.0,0.15713784831534738,4,156.0,0.4258336957054543,10,226.0,0.20381073842273004,29,746.0
2275.0,29,151.0,1.143939393939394,3.539019637323033,10,379.0,0.16957117412839426,8,186.0,0.3413031033112136,11,260.0,0.13310224068978752,29,825.0
2280.0,34,124.0,0.9323308270676691,3.975226437900625,13,402.0,0.19932635616228642,9,177.0,0.20784512906552402,12,297.0,0.1648990415437832,34,876.0
2285.0,37,165.0,1.3095238095238095,3.453435508710447,10,395.0,0.16648192175408796,12,188.0,0.1414857263278343,15,310.0,0.1376499089669353,37,893.0
2290.0,41,246.0,2.0672268907563027,3.745521454314711,9,343.0,0.1974746552314469,18,265.0,0.2379191712691708,14,264.0,0.10486655473421089,41,872.0
2295.0,25,170.0,1.452991452991453,3.619274270961966,5,333.0,0.19831669891171652,15,302.0,0.2079404051506868,5,282.0,0.1733070076685488,25,917.0
2300.0,31,168.0,1.423728813559322,3.899102059961762,9,343.0,0.1773696727292667,12,278.0,0.20724503960398596,10,290.0,0.161615343243343,31,911.0
2305.0,33,156.0,1.3565217391304347,3.4844339686739914,10,335.0,0.13877040926495954,11,223.0,0.23648331750262316,12,284.0,0.19460616727048402,33,842.0
2310.0,16,58.0,0.5132743362831859,3.733105773256139,8,274.0,0.15215654825765207,3,232.0,0.34266597812864236,5,233.0,0.24138021814135557,16,739.0
2315.0,15,51.0,0.4358974358974359,4.527557856594343,3,176.0,0.220880422272299,7,232.0,0.34169301135130226,5,228.0,0.1869352289008646,15,636.0
2320.0,21,69.0,0.5702479338842975,4.562613620659238,4,122.0,0.22216290083494258,6,219.0,0.28231014274741817,11,253.0,0.14779266864133547,21,594.0
2325.0,21,91.0,0.7647058823529411,4.853230346636107,5,81.0,0.32045109136252475,6,176.0,0.36185732537786697,10,255.0,0.15833198745771293,21,512.0
2330.0,8,28.0,0.24561403508771928,5.035254226107223,0,67.0,0.41757329607680777,4,182.0,0.3025854904451431,4,208.0,0.25129065855002103,8,457.0
2335.0,22,78.0,0.6842105263157895,5.175542580527936,7,70.0,0.3332523609288164,9,197.0,0.22319747238708662,6,154.0,0.2294363935516297,22,421.0
2340.0,22,66.0,0.5945945945945946,3.8014888583781907,9,88.0,0.21083552396667646,10,196.0,0.078241523651084,3,158.0,0.19972479042756347,22,442.0
2345.0,24,82.0,0.7884615384615384,4.264175522358577,6,83.0,0.247566769958584,9,174.0,0.20451718546331912,9,178.0,0.23276782474027274,24,435.0
2350.0,17,94.0,0.9215686274509803,5.2731640922103535,3,55.0,0.3588494522972881,5,118.0,0.31144315632334607,9,188.0,0.25379591191355144,17,361.0
2355.0,14,110.0,1.0576923076923077,5.82513012658169,3,47.0,0.42817949612222056,4,102.0,0.3750284697659843,7,154.0,0.2608002159724858,14,303.0
2360.0,11,113.0,1.0660377358490567,6.225838063353757,3,48.0,0.3906496365254081,4,106.0,0.3814198453760293,4,97.0,0.34322476049338563,11,251.0
2365.0,16,142.0,1.3271028037383177,5.865895251414611,8,56.0,0.29754752431773884,4,115.0,0.4435222932024304,4,100.0,0.3505399492692984,16,271.0
2370.0,22,64.0,0.5981308411214953,4.718668218610348,12,84.0,0.22830606523077615,1,63.0,0.4419609324167886,9,113.0,0.2345894109479383,22,260.0
2375.0,26,85.0,0.8018867924528302,4.185841076211408,9,90.0,0.18194711787125503,7,29.0,0.3793558125175425,10,130.0,0.17191451968312765,26,249.0
2380.0,20,93.0,0.8942307692307693,4.484861908555358,8,98.0,0.1835597470338519,5,48.0,0.4115205298756219,7,117.0,0.17703940509644006,20,263.0
2385.0,10,35.0,0.3181818181818182,4.8507093833195185,4,111.0,0.2793347384292686,1,30.0,0.3991979915015274,5,125.0,0.21557305013511424,10,266.0
2390.0,17,49.0,0.4260869565217391,5.071455210748029,6,107.0,0.3095057126499373,2,14.0,0.3072096371536801,9,129.0,0.24661764538187456,17,250.0
2395.0,21,51.0,0.45535714285714285,4.009566530205251,8,110.0,0.19590067572328737,5,18.0,0.23964129266985137,8,133.0,0.2178862900318776,21,261.0
2400.0,23,69.0,0.6330275229357798,3.675265545827667,9,107.0,0.1569320057019234,8,40.0,0.2937920468158552,6,117.0,0.15138751596190292,23,264.0
2405.0,17,82.0,0.7454545454545455,4.345589386182201,5,90.0,0.17740837457311748,6,61.0,0.36154916628198225,6,134.0,0.15705373876964843,17,285.0
2410.0,15,54.0,0.4909090909090909,4.751170086268947,1,84.0,0.28599165567012097,5,55.0,0.30253545766091905,9,151.0,0.17009465869131185,15,290.0
2415.0,24,90.0,0.8333333333333334,4.67914773536924,8,67.0,0.254603294508597,5,44.0,0.3917792867829544,11,162.0,0.14668298275627673,24,273.0
2420.0,23,97.0,0.9326923076923077,3.9609680119744275,12,111.0,0.1858328378664234,2,39.0,0.3805435245785785,9,143.0,0.15659782319831547,23,293.0
2425.0,24,118.0,1.1568627450980393,4.271936046958384,11,140.0,0.12641489627951544,8,46.0,0.39292296209260735,5,102.0,0.2055886365213845,24,288.0
2430.0,30,123.0,1.1714285714285715,4.110007880854607,13,135.0,0.11922665429116673,11,96.0,0.34782520968719005,6,111.0,0.20897781321772818,30,342.0
2435.0,24,120.0,1.1320754716981132,4.662656805677551,8,130.0,0.23577276564845584,7,112.0,0.29882573880373814,9,126.0,0.18081928645881754,24,368.0
2440.0,20,99.0,0.9705882352941176,5.2334679369360915,8,125.0,0.2821165120650913,4,84.0,0.4251140219702291,8,141.0,0.2592746219194646,20,350.0
2445.0,14,35.0,0.3465346534653465,5.078306109588559,6,140.0,0.2771262241239821,1,45.0,0.4691530594048938,7,111.0,0.18541958585124163,14,296.0
2450.0,16,58.0,0.5471698113207547,6.113375191550633,8,143.0,0.33491430025496877,3,37.0,0.5962235888262344,5,89.0,0.2691225444283566,16,269.0
2455.0,17,92.0,0.8679245283018868,5.790949260391451,9,164.0,0.28679141945841413,3,33.0,0.5084782681896396,5,69.0,0.2844277801817721,17,266.0
2460.0,15,88.0,0.8301886792452831,5.233157077198563,7,148.0,0.18981417794120756,3,37.0,0.45461695475211433,5,77.0,0.3483846772352156,15,262.0
2465.0,10,25.0,0.23148148148148148,5.416952258253815,4,145.0,0.18486878839410614,5,25.0,0.4118004150613072,1,51.0,0.4051380940992613,10,221.0
2470.0,20,61.0,0.5596330275229358,5.4518460081842735,9,159.0,0.19121744670534427,5,35.0,0.27828988477732647,6,32.0,0.34253447688412136,20,226.0
2475.0,23,68.0,0.7010309278350515,3.5941968388089873,10,177.0,0.1590156560663165,6,46.0,0.23596038340683023,7,51.0,0.21301313064258295,23,274.0
2480.0,22,61.0,0.6161616161616161,3.88883767701408,12,171.0,0.18050597788417952,2,51.0,0.39105163163048373,8,56.0,0.183993035371444,22,278.0
2485.0,13,44.0,0.41509433962264153,4.267389207404073,5,197.0,0.14801314431994636,6,61.0,0.30689319485806227,2,56.0,0.29993817109563375,13,314.0
2490.0,25,124.0,1.169811320754717,4.437831807134035,9,212.0,0.14251742258551175,10,102.0,0.23256580413128977,6,63.0,0.22174627875210573,25,377.0
2495.0,31,162.0,1.653061224489796,2.869102276716358,9,217.0,0.08287417905133997,8,115.0,0.08949900438842642,14,117.0,0.1163756475039008,31,449.0
2500.0,35,223.0,2.534090909090909,3.2161802171401166,10,191.0,0.19897607775612952,8,100.0,0.27288536107216294,17,200.0,0.12167188624940337,35,491.0
2505.0,30,321.0,3.489130434782609,4.332973673871241,6,149.0,0.27888796246938885,4,102.0,0.4172731651246592,20,296.0,0.1720298762757606,30,547.0
2510.0,28,314.0,3.2708333333333335,4.890847815710667,5,117.0,0.30110949741091286,3,88.0,0.5357153909880958,20,346.0,0.16488297703418317,28,551.0
2515.0,23,243.0,2.405940594059406,5.86000973006751,7,112.0,0.3266025738437475,3,81.0,0.5991548006657413,13,323.0,0.16705409559543466,23,516.0
2520.0,18,98.0,1.0,5.5185046324108455,6,97.0,0.30903022644764755,2,49.0,0.5103074377877558,10,247.0,0.224232399068802,18,393.0
2525.0,21,110.0,1.134020618556701,5.671377332119677,7,71.0,0.29157361908824014,6,60.0,0.3337548294581642,8,210.0,0.3176988969428401,21,341.0
2530.0,28,150.0,1.6129032258064515,5.064940571447015,14,104.0,0.19407360904876633,7,74.0,0.24797844974552652,7,194.0,0.31155459348331155,28,372.0
2535.0,25,187.0,2.1744186046511627,4.9870870352782015,18,182.0,0.18393661908712705,2,51.0,0.3747296506335743,5,199.0,0.3451258410714132,25,432.0
2540.0,23,170.0,2.0,5.422053682372648,14,220.0,0.2416913996655509,0,19.0,0.3919544074353374,9,226.0,0.34024472321169896,23,465.0
2545.0,16,71.0,0.8658536585365854,5.746108939244422,10,198.0,0.25325635760063087,1,10.0,0.6412624547057826,5,222.0,0.3872565789398942,16,430.0
2550.0,14,65.0,0.7647058823529411,5.88066811764943,8,162.0,0.24616697053665001,1,11.0,0.7261373342038996,5,184.0,0.3449409873258306,14,357.0
2555.0,11,65.0,0.7303370786516854,6.595489355974466,6,128.0,0.32197835531453267,1,16.0,0.7277871726710923,4,157.0,0.35051516080409856,11,301.0
2560.0,15,79.0,0.8977272727272727,7.2538554383704845,7,127.0,0.32934757167698064,3,23.0,0.7084832210154989,5,119.0,0.3517831455329883,15,269.0
2565.0,7,55.0,0.632183908045977,6.886159170788776,4,121.0,0.4171106874877284,1,7.0,0.5569341263395289,2,122.0,0.31915345011771207,7,250.0
2570.0,16,118.0,1.372093023255814,7.6154643550440655,5,115.0,0.5084441618308427,4,19.0,0.5803414151520911,7,139.0,0.30727169100721313,16,273.0
2575.0,10,43.0,0.5443037974683544,5.370895619112402,2,101.0,0.4071696193413544,1,20.0,0.36447326296090937,7,148.0,0.18211513342294292,10,269.0
2580.0,13,44.0,0.5789473684210527,5.614205409315038,7,88.0,0.3536544270400361,2,11.0,0.37536926559885697,4,96.0,0.2448465683252226,13,195.0
2585.0,11,39.0,0.48148148148148145,6.114973779569252,6,80.0,0.30450873160193814,2,9.0,0.4335610368672446,3,73.0,0.323402476673266,11,162.0
2590.0,13,73.0,0.9240506329113924,7.1562522253718495,3,57.0,0.48745876555570744,7,29.0,0.4161493022471586,3,51.0,0.3279707789925987,13,137.0
2595.0,14,96.0,1.2467532467532467,6.84132021627108,4,35.0,0.4541376600137135,7,52.0,0.38189062345770586,3,58.0,0.36553616916763704,14,145.0
2600.0,12,123.0,1.618421052631579,6.885933098850136,3,40.0,0.5859732270366517,4,53.0,0.32420016906513144,5,74.0,0.44049748926720805,12,167.0
2605.0,9,72.0,0.935064935064935,7.375630261465318,3,53.0,0.5881898382840984,4,49.0,0.34440970036993324,2,40.0,0.5439729060357097,9,142.0
2610.0,10,41.0,0.5616438356164384,6.869280540066112,2,42.0,0.5908891796075812,4,55.0,0.311451017806859,4,22.0,0.488054771671195,10,119.0
2615.0,10,57.0,0.7916666666666666,7.132961639852046,3,15.0,0.5833297129671479,2,52.0,0.45855799761827337,5,36.0,0.4230124488632761,10,103.0
2620.0,7,20.0,0.273972602739726,6.705990330029437,1,14.0,0.3838933320428933,2,31.0,0.5370182982041463,4,42.0,0.42969104849789863,7,87.0
2625.0,10,51.0,0.6538461538461539,6.987191068573482,2,9.0,0.39114470547283475,6,55.0,0.4065566820683362,2,36.0,0.4432949069370126,10,100.0
2630.0,15,72.0,0.9113924050632911,6.957508775781388,2,10.0,0.5432666933405548,7,74.0,0.3487155677345433,6,47.0,0.3904312091282949,15,131.0
2635.0,8,28.0,0.35,7.01903518090671,2,19.0,0.6460874884447244,5,71.0,0.29825705807272956,1,31.0,0.48359050252071195,8,121.0
2640.0,11,61.0,0.782051282051282,7.202666685236789,3,29.0,0.6051162820084964,5,57.0,0.24442854661193852,3,15.0,0.5137182817196257,11,101.0
2645.0,7,46.0,0.6301369863013698,7.197639759216296,0,3.0,0.7055655606387875,4,53.0,0.2807669676536571,3,25.0,0.4428933123918726,7,81.0
2650.0,9,69.0,0.9583333333333334,7.917873602544621,3,11.0,0.5655373042140149,4,67.0,0.49003724611061095,2,23.0,0.4855844551217791,9,101.0
2655.0,6,13.0,0.18571428571428572,7.750178168359269,2,15.0,0.42965025071707513,2,41.0,0.49193073467647963,2,15.0,0.6723252663706344,6,71.0
2660.0,10,45.0,0.6164383561643836,7.256536397424832,1,9.0,0.4389598671972975,8,41.0,0.3679666037138497,1,12.0,0.6209897362546348,10,62.0
2665.0,13,63.0,0.863013698630137,6.775309814276218,2,17.0,0.4823655232321942,9,66.0,0.32310658787572255,2,21.0,0.5898020377490416,13,104.0
2670.0,12,53.0,0.7162162162162162,6.643722163175686,3,16.0,0.5267270420293632,6,64.0,0.18733305520749613,3,34.0,0.6343541259626572,12,114.0
2675.0,13,48.0,0.64,6.452499044156328,5,24.0,0.4671257178461874,6,63.0,0.2314075661647606,2,8.0,0.5328434648473804,13,95.0
2680.0,10,65.0,0.8783783783783784,8.1952407100666,2,28.0,0.5281186305697725,5,67.0,0.39906552715826754,3,14.0,0.6793354693090485,10,109.0
2685.0,3,4.0,0.0547945205479452,7.0312202000354525,0,4.0,0.4299743943323918,1,49.0,0.4685061437685451,2,15.0,0.491516222615241,3,68.0
2690.0,8,30.0,0.4,7.430956023813204,1,5.0,0.49418681477206705,5,35.0,0.4151381215914863,2,13.0,0.4776996432013994,8,53.0
2695.0,9,26.0,0.33766233766233766,6.920307657156812,1,10.0,0.5307161171800004,7,47.0,0.3735130417443795,1,7.0,0.3924010851567632,9,64.0
2700.0,13,47.0,0.6025641025641025,5.919636996802526,2,6.0,0.4418991409400885,4,52.0,0.232870935674355,7,30.0,0.3448049833922628,13,88.0
2705.0,19,55.0,0.7236842105263158,5.386603609989607,6,23.0,0.48644486130455067,5,57.0,0.19032532927073376,8,53.0,0.30281897193189977,19,133.0
2710.0,13,53.0,0.7361111111111112,5.637815685319675,2,33.0,0.3927243548647653,9,79.0,0.22222239866583618,2,40.0,0.31615797761914055,13,152.0
2715.0,16,61.0,0.9104477611940298,6.104789324986106,3,20.0,0.38162478491340485,12,107.0,0.25543672984023835,1,16.0,0.4971757969894437,16,143.0
2720.0,12,68.0,1.0,7.834689326004192,2,23.0,0.5618213906055749,8,98.0,0.36065521508681503,2,15.0,0.6541368435909982,12,136.0
2725.0,8,102.0,1.5,8.753877288519378,2,33.0,0.6914176526964174,5,87.0,0.3827312855690795,1,19.0,0.7633096654168453,8,139.0
2730.0,2,23.0,0.35384615384615387,8.239525518871103,0,2.0,0.7586578073473951,1,66.0,0.4020671095199431,1,24.0,0.726050352714043,2,92.0
2735.0,12,61.0,0.953125,6.398614850631482,4,8.0,0.39472467395847916,6,50.0,0.26848615646682306,2,31.0,0.5770734908886385,12,89.0
2740.0,10,23.0,0.36507936507936506,4.515971916893704,3,16.0,0.2648030336437958,6,63.0,0.16423069488943604,1,2.0,0.5202424869731718,10,81.0
2745.0,10,28.0,0.4307692307692308,6.155335706896649,0,6.0,0.597303116201005,4,48.0,0.24756233140476805,6,24.0,0.4436497634305365,10,78.0
2750.0,5,18.0,0.26865671641791045,7.582413267354977,1,2.0,0.718291638982307,1,33.0,0.3970558929473338,3,35.0,0.5247502822749932,5,70.0
2755.0,5,10.0,0.1388888888888889,8.420989759983454,1,4.0,0.7494678817545991,2,29.0,0.5004844409385723,2,22.0,0.5570984527053958,5,55.0
2760.0,6,36.0,0.4864864864864865,8.457662524478991,2,8.0,0.6493204565616777,3,30.0,0.538617881128948,1,7.0,0.5404420174922547,6,45.0
2765.0,10,73.0,0.9358974358974359,8.454134551274775,3,18.0,0.5862208568280627,5,42.0,0.5411963848261024,2,15.0,0.5488250917109749,10,75.0
2770.0,12,96.0,1.28,8.10819840379775,5,32.0,0.5346896003619476,4,62.0,0.5371016586884311,3,6.0,0.48122021883680216,12,100.0
2775.0,12,84.0,1.105263157894737,7.261565970784125,4,52.0,0.5361685813800936,0,42.0,0.32882700863324277,8,32.0,0.36978766580453126,12,126.0
2780.0,18,53.0,0.6883116883116883,5.701234167879234,3,25.0,0.4037616377893854,7,24.0,0.37188841726947713,8,58.0,0.15534659092210557,18,107.0
2785.0,17,92.0,1.2432432432432432,5.91364620226596,6,22.0,0.3991967069663495,8,61.0,0.3056918857571069,3,54.0,0.22530128268312305,17,137.0
2790.0,16,87.0,1.1917808219178083,6.875733974247575,8,55.0,0.3797615357786633,5,65.0,0.3738807185942904,3,38.0,0.3861672431351052,16,158.0
2795.0,10,59.0,0.8805970149253731,7.5708952898289485,5,65.0,0.38666601572155307,2,35.0,0.5097243726012902,3,40.0,0.5682115258591182,10,140.0
2800.0,9,69.0,1.0454545454545454,8.732147899755788,2,43.0,0.5671349341699731,5,39.0,0.4730855789478402,2,39.0,0.701977225566081,9,121.0
2805.0,11,118.0,1.7352941176470589,9.119070171537071,2,22.0,0.5787755002498847,7,57.0,0.5421122613880593,2,45.0,0.6831579513004136,11,124.0
2810.0,6,68.0,1.0303030303030303,8.441307026880578,1,15.0,0.5731301629609176,3,50.0,0.4958411431835752,2,53.0,0.6252526202710258,6,118.0
2815.0,10,93.0,1.3285714285714285,7.662996980459257,4,18.0,0.41403681042021523,4,31.0,0.40316747035659495,2,63.0,0.5232045240011982,10,112.0
2820.0,8,16.0,0.26666666666666666,6.533536868083216,5,29.0,0.24345130479217422,3,29.0,0.38337308405453135,0,0.0,0.665951117240833,8,58.0
2825.0,10,30.0,0.5172413793103449,6.018700475739954,3,24.0,0.33577731158078566,2,23.0,0.35780183434415785,5,13.0,0.4006175114262245,10,60.0
2830.0,7,27.0,0.4426229508196721,7.6745895237046735,3,25.0,0.4887200559460716,3,18.0,0.46768541581212425,1,18.0,0.5542109843830867,7,61.0
2835.0,11,60.0,0.9523809523809523,8.726005612276554,3,36.0,0.48260544693595253,6,32.0,0.5570488356105169,2,3.0,0.6045426971750116,11,71.0
2840.0,10,64.0,1.0491803278688525,7.8553444337029115,2,30.0,0.48196629455466905,8,66.0,0.391575049943621,0,3.0,0.4815796914519369,10,99.0
2845.0,11,40.0,0.7017543859649122,6.83424599011369,3,14.0,0.4607534442645352,4,71.0,0.1873133178061609,4,13.0,0.4394305461518378,11,98.0
2850.0,2,7.0,0.14285714285714285,6.395184998315475,0,16.0,0.36757661506973366,1,35.0,0.21841266884623717,1,20.0,0.5573414596207634,2,71.0
2855.0,4,8.0,0.1568627450980392,8.888284468400762,3,5.0,0.4907630809007471,0,11.0,0.690986040506081,1,13.0,0.6509092947825383,4,29.0
2860.0,4,21.0,0.39622641509433965,9.94272522117289,1,8.0,0.7140604913869538,2,14.0,0.6505031658688364,1,12.0,0.7024409157988311,4,34.0
2865.0,9,55.0,0.9821428571428571,8.65680290731679,2,13.0,0.5890975813391671,5,34.0,0.5563260412187089,2,19.0,0.5962382036035551,9,66.0
2870.0,11,79.0,1.4363636363636363,6.845083910831851,3,27.0,0.5282123043544014,3,41.0,0.31559441209761274,5,38.0,0.4903651181639974,11,106.0
2875.0,8,53.0,0.9298245614035088,6.892218970912435,5,51.0,0.47003410393322087,1,27.0,0.37127860404873564,2,26.0,0.4532446622289657,8,104.0
2880.0,10,94.0,1.540983606557377,8.393544690297613,5,76.0,0.5404927197456961,0,9.0,0.559647125141372,5,22.0,0.49158182109447296,10,107.0
2885.0,3,7.0,0.11864406779661017,8.6620341785316,1,50.0,0.6246032647175024,1,4.0,0.7004637145759404,1,23.0,0.5357633372145237,3,77.0
2890.0,7,31.0,0.5636363636363636,8.197714076703853,4,19.0,0.45537762828519,1,8.0,0.6430454432037119,2,12.0,0.5697473301064103,7,39.0
2895.0,7,12.0,0.20689655172413793,6.611161248872039,2,25.0,0.2807727047367044,2,4.0,0.6076918168105067,3,14.0,0.4389026621721743,7,43.0
2900.0,7,34.0,0.576271186440678,7.609495646669961,0,7.0,0.4267624344648585,1,11.0,0.7229643857558423,6,31.0,0.2273175711010489,7,49.0
2905.0,9,35.0,0.6363636363636364,7.37040920764995,2,0.0,0.5790136085078988,2,19.0,0.49949202210183613,5,47.0,0.22958271034203634,9,66.0
2910.0,2,0.0,0.0,8.298452697738783,1,0.0,0.5657355378931773,1,11.0,0.5883270505361506,0,23.0,0.3046663292137348,2,34.0
2915.0,2,1.0,0.018518518518518517,9.732983520517589,1,3.0,0.6884696711138711,0,2.0,0.6739193024818817,1,6.0,0.5601457925460698,2,11.0
2920.0,4,10.0,0.18181818181818182,9.773391129497949,3,12.0,0.5089826077334969,1,2.0,0.6390924040234311,0,2.0,0.7380597004283036,4,16.0
2925.0,6,16.0,0.3076923076923077,8.635516444833751,1,14.0,0.4742973359221726,5,17.0,0.37836446655812717,0,0.0,0.8031740561408689,6,31.0
2930.0,11,57.0,1.2127659574468086,7.663312892218003,0,1.0,0.606890565049327,10,60.0,0.29315481791661674,1,1.0,0.6124492033277754,11,62.0
2935.0,10,49.0,1.065217391304348,6.211249873326901,1,1.0,0.5171318419869154,6,79.0,0.28479396647431116,3,11.0,0.2976591611163202,10,91.0
2940.0,5,15.0,0.3191489361702128,7.309975900796867,2,8.0,0.6281728975121937,2,58.0,0.42488631824683687,1,18.0,0.43235411279483,5,84.0
2945.0,4,25.0,0.49019607843137253,8.860484339829561,2,17.0,0.674431028279107,1,29.0,0.5425997029991372,1,3.0,0.5712236927986569,4,49.0
2950.0,7,34.0,0.6415094339622641,8.9549038183011,5,29.0,0.6226828497730355,1,15.0,0.5005245528883657,1,4.0,0.7121852683023763,7,48.0
2955.0,10,35.0,0.625,7.589221330781181,2,19.0,0.4854831950746207,6,37.0,0.3477141536580067,2,10.0,0.6392500988375637,10,66.0
2960.0,12,37.0,0.6491228070175439,6.107667013490027,6,20.0,0.3045575166950617,5,52.0,0.24952711636988484,1,4.0,0.5326856796978817,12,76.0
2965.0,8,21.0,0.39622641509433965,6.657173894149666,4,36.0,0.38827181347959133,0,26.0,0.31076011345048243,4,11.0,0.48410367403342386,8,73.0
2970.0,2,5.0,0.10204081632653061,9.136217920840727,2,21.0,0.5659983609959047,0,5.0,0.6665977127715479,0,15.0,0.5932549135659525,2,41.0
2975.0,1,10.0,0.20408163265306123,10.630137768288229,1,10.0,0.700593291587987,0,4.0,0.8599785056076771,0,2.0,0.653445795338638,1,16.0
2980.0,2,15.0,0.2830188679245283,11.163424541779536,1,15.0,0.7592026529206353,0,4.0,0.8729774347242215,1,0.0,0.6331146351688692,2,19.0
2985.0,5,27.0,0.5,9.58173656971253,2,23.0,0.6563312224894072,1,6.0,0.6824824101321516,2,2.0,0.48512080030623184,5,31.0
2990.0,9,54.0,1.0188679245283019,7.889489206629141,2,33.0,0.6378018709375339,1,6.0,0.43836319779570265,6,19.0,0.3370552518941165,9,58.0
2995.0,5,54.0,1.08,8.31195069574604,3,45.0,0.5959814435741916,0,3.0,0.4753631279724218,2,24.0,0.5215450828208398,5,72.0
3000.0,1,0.0,0.0,9.180026174378566,0,16.0,0.6468072527471407,0,2.0,0.5772420692313938,1,12.0,0.6138909844713094,1,30.0
3005.0,5,16.0,0.3333333333333333,9.21991128120739,2,7.0,0.5567739250176389,1,4.0,0.519948859616557,2,9.0,0.6609177647528827,5,20.0
3010.0,9,41.0,0.9318181818181818,7.086570235844494,0,6.0,0.5041201734594998,4,19.0,0.32971653463417755,5,24.0,0.4661252150727058,9,49.0
3015.0,8,58.0,1.2083333333333333,7.359697852826223,0,0.0,0.43874423484750835,4,33.0,0.34122023283004926,4,44.0,0.4867143532355705,8,77.0
3020.0,7,66.0,1.375,8.42118460630701,3,3.0,0.5673456390825781,0,26.0,0.6111212983494723,4,64.0,0.4194935083716637,7,93.0
3025.0,4,15.0,0.28846153846153844,9.164001916498787,3,15.0,0.6114889083793835,0,9.0,0.5517365306169588,1,40.0,0.5674052542099052,4,64.0
3030.0,7,43.0,0.8958333333333334,9.032799538298937,5,35.0,0.48157624568324225,1,5.0,0.6873297031535534,1,6.0,0.7170895789610287,7,46.0
3035.0,5,16.0,0.34782608695652173,7.470175538688993,4,40.0,0.3834711368978334,1,8.0,0.2447530836660807,0,3.0,0.6564855831122198,5,51.0
3040.0,4,5.0,0.1111111111111111,7.851725172500739,0,12.0,0.40322517901357025,1,6.0,0.5772550105012874,3,5.0,0.6265803419762555,4,23.0
3045.0,2,15.0,0.3191489361702128,10.165937770405215,0,0.0,0.5759585658807426,0,4.0,0.821913887935952,2,15.0,0.657614132713409,2,19.0
3050.0,2,0.0,0.0,9.810189126507305,1,0.0,0.6663458119759093,0,2.0,0.7364789099775756,1,9.0,0.5819036316493507,2,11.0
3055.0,6,17.0,0.3469387755102041,9.598054693049454,0,0.0,0.9005130814138979,2,9.0,0.6576566656552727,4,8.0,0.3932752348355747,6,17.0
3060.0,2,19.0,0.3958333333333333,9.41205288844987,0,0.0,0.8521486215343141,2,19.0,0.6977114849635607,0,12.0,0.4578857354433536,2,31.0
3065.0,6,32.0,0.7272727272727273,8.617813033578114,2,1.0,0.5351445500344699,3,33.0,0.6279492991678948,1,0.0,0.628543763521881,6,34.0
3070.0,7,58.0,1.2608695652173914,8.84761018918265,4,12.0,0.5421642121130262,3,48.0,0.6357206752165546,0,0.0,0.6568645134366936,7,60.0
3075.0,2,2.0,0.04081632653061224,8.013179847439389,1,12.0,0.34597687569286745,1,14.0,0.6312052021583381,0,0.0,0.7472480786709879,2,26.0
3080.0,6,19.0,0.37254901960784315,8.799282474550646,2,6.0,0.4854967411232786,3,17.0,0.5645571418350013,1,0.0,0.656621414673567,6,23.0
3085.0,5,23.0,0.45098039215686275,8.437600959030942,3,18.0,0.48979103225652765,1,16.0,0.5045292877126074,1,4.0,0.6727805224778154,5,38.0
3090.0,3,16.0,0.2909090909090909,9.092366886500118,0,7.0,0.7240837089719885,2,8.0,0.5028179849995954,1,11.0,0.6225282167254045,3,26.0
3095.0,5,40.0,0.7407407407407407,9.932899847902293,1,7.0,0.7399305991959488,2,17.0,0.5785842085166236,2,20.0,0.7427528903794879,5,44.0
3100.0,5,31.0,0.6458333333333334,8.88650751584323,0,4.0,0.6921835891158479,2,3.0,0.4578299193393941,3,30.0,0.7268239665224512,5,37.0
3105.0,8,62.0,1.2653061224489797,8.96913679110752,1,0.0,0.5867042968703825,5,26.0,0.4309209996565112,2,38.0,0.5882479493619402,8,64.0
3110.0,7,13.0,0.2653061224489796,7.601254431827333,2,0.0,0.5108626670943927,2,31.0,0.48315878910771026,3,22.0,0.3038600257025084,7,53.0
3115.0,7,27.0,0.5625,8.950567824177408,0,2.0,0.8411899528639318,1,15.0,0.4878399278169174,6,28.0,0.36605103468931605,7,45.0
3120.0,0,0.0,0.0,9.68912780337101,0,2.0,0.7264283644301974,0,6.0,0.5628448164950188,0,24.0,0.6349673839534812,0,32.0
3125.0,2,5.0,0.125,10.363926343971439,2,7.0,0.638146778341386,0,3.0,0.7601815186250034,0,2.0,0.788244589842659,2,12.0
3130.0,4,2.0,0.047619047619047616,8.665468115369409,2,8.0,0.5094434368095176,0,2.0,0.8497094963061569,2,1.0,0.5599171702661108,4,11.0
3135.0,5,20.0,0.45454545454545453,8.774828566009228,0,1.0,0.6735930978107533,0,4.0,0.7071204781277187,5,20.0,0.3722407963829762,5,25.0
3140.0,6,14.0,0.32558139534883723,8.071852914154405,0,0.0,0.6732297420664317,2,8.0,0.6105450118682361,4,31.0,0.3463111857462126,6,39.0
3145.0,3,5.0,0.10869565217391304,8.959847895438788,2,2.0,0.6962767612223107,0,9.0,0.7402643921279848,1,12.0,0.4306734840228756,3,23.0
3150.0,5,18.0,0.391304347826087,9.507265967684164,1,7.0,0.7428922587431592,2,7.0,0.6881104643606814,2,8.0,0.5293041046871195,5,22.0
3155.0,5,29.0,0.6041666666666666,9.333600466449623,2,12.0,0.5768633566403314,0,5.0,0.7293879094276488,3,17.0,0.5221100310398027,5,34.0
3160.0,2,20.0,0.4166666666666667,9.619320616583883,2,20.0,0.6247368147779035,0,0.0,0.7678007670158928,0,13.0,0.6273755702166453,2,33.0
3165.0,4,11.0,0.2391304347826087,9.819598857090085,1,2.0,0.7530246132179873,1,4.0,0.7897006941524071,2,7.0,0.5890299568549046,4,13.0
3170.0,5,20.0,0.47619047619047616,9.421053489973966,2,10.0,0.6575593340065843,1,9.0,0.6356380415624289,2,7.0,0.5928555400114341,5,26.0
3175.0,2,15.0,0.39473684210526316,9.000546445229821,1,10.0,0.4956250361514521,1,16.0,0.5855171232969203,0,1.0,0.6822200581424366,2,27.0
3180.0,1,5.0,0.12195121951219512,10.584620397343947,0,0.0,0.5907212852426683,0,4.0,0.910648723942312,1,5.0,0.7010389194873826,1,9.0
3185.0,2,10.0,0.22727272727272727,11.31406165462191,0,0.0,0.7284487932877497,0,4.0,0.8624445232055876,2,10.0,0.6788562084872624,2,14.0
3190.0,6,22.0,0.5116279069767442,9.471133894562893,3,5.0,0.4770403557042381,0,2.0,0.6932920495664969,3,17.0,0.5779504289467302,6,24.0
3195.0,4,42.0,0.9545454545454546,10.000603408603075,2,15.0,0.7015003522176068,0,0.0,0.7243821845058606,2,27.0,0.5507042619597023,4,42.0
3200.0,2,2.0,0.04878048780487805,8.133996406943409,0,1.0,0.6670003569203925,2,2.0,0.3372423614360445,0,0.0,0.7156364610814991,2,3.0
3205.0,7,27.0,0.627906976744186,8.654811775135238,0,0.0,0.6745223404061121,7,29.0,0.39914806878384745,0,0.0,0.6748168384797428,7,29.0
3210.0,6,10.0,0.23255813953488372,6.437381351185452,2,1.0,0.4633228494977507,2,38.0,0.3331735372303123,2,1.0,0.4889849221361458,6,40.0
3215.0,6,26.0,0.5652173913043478,8.48349858000198,4,20.0,0.5296276819528313,0,16.0,0.5638159968821322,2,10.0,0.5964696207535979,6,46.0
3220.0,1,1.0,0.02127659574468085,9.496830133975903,0,16.0,0.677035710875716,0,3.0,0.736562656718856,1,8.0,0.6581510856059839,1,27.0
3225.0,3,8.0,0.1568627450980392,9.522174083158115,1,2.0,0.6362650474766772,0,1.0,0.6441482147477345,2,10.0,0.6516202385218318,3,13.0
3230.0,3,7.0,0.14285714285714285,9.298584490441577,0,0.0,0.7220862705876333,1,5.0,0.7405763508591058,2,10.0,0.49362844027408137,3,15.0
3235.0,7,13.0,0.24528301886792453,8.602366885284798,1,1.0,0.7047640322595689,1,2.0,0.6731463177480214,5,13.0,0.367789167564973,7,16.0
3240.0,7,43.0,0.8113207547169812,10.087359334158533,1,6.0,0.6722384686442039,3,12.0,0.7146316389985914,3,27.0,0.5076483405769804,7,45.0
3245.0,4,13.0,0.24074074074074073,8.649477603569126,2,11.0,0.5821905043410445,1,9.0,0.5525178912075724,1,11.0,0.4521802374932271,4,31.0
3250.0,6,19.0,0.38,8.026649940738093,0,2.0,0.5623004409168277,1,2.0,0.5077291158708432,5,19.0,0.40726391621857294,6,23.0
3255.0,8,30.0,0.6,7.95616817519099,4,17.0,0.5482463116650429,1,7.0,0.4364000753817429,3,22.0,0.5203187178543993,8,46.0
3260.0,1,2.0,0.044444444444444446,8.182623001458342,0,15.0,0.6661817416881218,1,4.0,0.41067732250668526,0,13.0,0.5858212294176696,1,32.0
3265.0,6,21.0,0.42857142857142855,8.540462486412357,0,0.0,0.540128210725715,5,25.0,0.46816126207226705,1,2.0,0.7014138768966777,6,27.0
3270.0,4,13.0,0.25,9.359181220947661,2,5.0,0.5602366449451369,2,31.0,0.6101711453886856,0,2.0,0.7897810505512001,4,38.0
3275.0,3,13.0,0.23636363636363636,9.377840940862601,1,12.0,0.6850737122244159,1,13.0,0.6199094239029213,1,5.0,0.68662095983757,3,30.0
3280.0,4,25.0,0.43103448275862066,8.854408083337077,1,17.0,0.7055184861129379,3,10.0,0.4845643306165801,0,2.0,0.6840391668311521,4,29.0
3285.0,6,29.0,0.5178571428571429,8.446872015292982,3,23.0,0.668725670551527,1,5.0,0.42380803724169397,2,9.0,0.5702196465702938,6,37.0
3290.0,12,61.0,1.196078431372549,7.285987676526566,3,31.0,0.5508092522097482,7,26.0,0.33588054959723596,2,14.0,0.46421196282649335,12,71.0
3295.0,12,112.0,2.3333333333333335,7.4061572025593305,2,41.0,0.4612362907170129,10,73.0,0.3496694080924787,0,4.0,0.5616414908249808,12,118.0
3300.0,9,97.0,1.94,7.299431553604985,3,55.0,0.24834515171755395,5,90.0,0.4233659797708844,1,1.0,0.5794563559535526,9,146.0
3305.0,9,87.0,1.6730769230769231,7.286749448166578,5,82.0,0.47267350469142677,2,57.0,0.3720475323829006,2,4.0,0.598053147570757,9,143.0
3310.0,4,13.0,0.2549019607843137,8.544171335039277,1,31.0,0.6870143564916453,1,33.0,0.44511254158114844,2,14.0,0.5382279965202844,4,78.0
3315.0,1,2.0,0.044444444444444446,8.762832579355482,0,2.0,0.6625521879205655,0,18.0,0.45353959128061044,1,13.0,0.5496785937809029,1,33.0
3320.0,4,7.0,0.15555555555555556,8.061870411805806,1,2.0,0.5737759148953979,1,13.0,0.6245682390599195,2,4.0,0.444368744916787,4,19.0
3325.0,6,23.0,0.48936170212765956,8.926190266223923,3,7.0,0.5082120173842112,1,14.0,0.7590701141115394,2,7.0,0.6069911643075053,6,28.0
3330.0,4,31.0,0.6458333333333334,9.27477559239304,2,9.0,0.4281110781577828,1,16.0,0.8188345900536818,1,12.0,0.7038543294348314,4,37.0
3335.0,10,54.0,1.1020408163265305,7.9755992369291056,6,33.0,0.3615289650622052,1,21.0,0.8051275588118998,3,3.0,0.530040202654373,10,57.0
3340.0,12,73.0,1.5208333333333333,6.302045813082316,5,51.0,0.40620910646485825,1,24.0,0.7156608094535856,6,22.0,0.33629135538262594,12,97.0
3345.0,8,49.0,0.9607843137254902,7.018945523906881,1,34.0,0.4972196632925963,1,31.0,0.6996592092590155,6,40.0,0.42508263737317664,8,105.0
3350.0,3,36.0,0.6666666666666666,8.595502032639425,0,7.0,0.5709577973965935,1,38.0,0.779396386308387,2,32.0,0.4505868220137621,3,77.0
3355.0,1,6.0,0.1016949152542373,9.65689110878625,0,0.0,0.618689699077021,0,4.0,0.8145494327431907,1,17.0,0.5114178831175727,1,21.0
3360.0,3,4.0,0.06896551724137931,9.532668276319255,0,0.0,0.7837024855345404,0,4.0,0.7734425066280574,3,15.0,0.387238318194735,3,19.0
3365.0,8,29.0,0.5272727272727272,7.922793222260873,1,1.0,0.6453308046382458,1,2.0,0.5693327946859723,6,38.0,0.27887739010233675,8,41.0
3370.0,7,27.0,0.5510204081632653,7.9070391774928765,1,6.0,0.6082605867709364,1,6.0,0.5968138690314587,5,48.0,0.3794678128565959,7,60.0
3375.0,1,11.0,0.22916666666666666,9.472224264958259,0,0.0,0.6642765942313832,1,13.0,0.7144989223601247,0,20.0,0.5628312897103209,1,33.0
3380.0,3,6.0,0.125,10.018230533190549,1,5.0,0.7260958223951929,1,3.0,0.6018350712542682,1,4.0,0.6773040519454777,3,12.0
3385.0,3,10.0,0.21739130434782608,9.414578421408516,0,2.0,0.47878436500305294,3,12.0,0.5504256684483992,0,0.0,0.7866730264963541,3,14.0
3390.0,2,7.0,0.16666666666666666,8.986438368265151,1,2.0,0.43873335823154835,1,18.0,0.5959230344995036,0,0.0,0.8588402864266725,2,20.0
3395.0,3,7.0,0.15555555555555556,10.360963199575695,2,7.0,0.6218179365524815,0,7.0,0.7178518487394558,1,2.0,0.7024242196824234,3,16.0
3400.0,2,14.0,0.2916666666666667,10.57192778386201,1,12.0,0.7426135271277885,1,4.0,0.7257645855445175,0,2.0,0.7200772686863143,2,18.0
3405.0,2,24.0,0.5217391304347826,11.047148321241917,1,17.0,0.7855211500342719,1,7.0,0.7182509088408999,0,2.0,0.8227208990576725,2,26.0
3410.0,5,36.0,0.782608695652174,9.581850699064715,2,22.0,0.6654477297923633,1,12.0,0.677949856381363,2,2.0,0.6098029993598015,5,36.0
3415.0,7,57.0,1.2391304347826086,9.602949139520947,3,28.0,0.6235961914682429,1,17.0,0.8205644561123234,3,12.0,0.4968590278920865,7,57.0
3420.0,7,89.0,1.8541666666666667,9.642545542254133,3,40.0,0.5641717501133502,1,22.0,0.8364061458752975,3,27.0,0.5804222658365432,7,89.0
3425.0,6,86.0,1.9111111111111112,9.593410376275754,5,59.0,0.5579930835976885,1,27.0,0.7792407332204626,0,12.0,0.6439020673743963,6,98.0
3430.0,2,36.0,0.8181818181818182,9.01241833628925,0,18.0,0.5232110649782911,1,32.0,0.739371227351669,1,4.0,0.5642453017718677,2,54.0
3435.0,5,48.0,1.1428571428571428,8.358711065341701,4,11.0,0.48932950616553655,1,37.0,0.39171939939984046,0,3.0,0.5887402007561114,5,51.0
3440.0,5,31.0,0.8157894736842105,9.22355111291276,5,31.0,0.49451028793659624,0,2.0,0.6119608210772267,0,0.0,0.7971196518644874,5,33.0
3445.0,3,4.0,0.1111111111111111,7.920192657813091,2,25.0,0.2822730103456444,1,5.0,0.6709008946348911,0,0.0,0.7834638653911857,3,30.0
3450.0,1,3.0,0.08108108108108109,9.692399967696593,1,4.0,0.42404277390573525,0,4.0,0.8832762026549094,0,0.0,0.8150577464791617,1,8.0
3455.0,3,7.0,0.17073170731707318,9.316977690376437,3,8.0,0.39707165597112015,0,2.0,0.8992268074130474,0,2.0,0.6803179198120322,3,12.0
3460.0,8,37.0,0.8809523809523809,9.172994874294043,8,38.0,0.3837745427387548,0,0.0,0.8327598223220715,0,2.0,0.6905904637092963,8,40.0
3465.0,4,17.0,0.425,7.2817484414654725,3,47.0,0.4170278941027063,1,2.0,0.30692192313048894,0,0.0,0.6934322013722,4,49.0
3470.0,9,27.0,0.675,7.20090455447109,1,17.0,0.42876027984396786,6,22.0,0.5071689526329743,2,7.0,0.5188719123053313,9,46.0
3475.0,3,7.0,0.16279069767441862,8.500713459822181,0,0.0,0.6620759080467994,2,28.0,0.5852866578759622,1,5.0,0.5040548694947449,3,33.0
3480.0,4,11.0,0.2391304347826087,9.755899993416833,1,2.0,0.7106273083191885,1,12.0,0.6515070410365592,2,7.0,0.5782958272990345,4,21.0
3485.0,2,11.0,0.24444444444444444,10.420798949162354,1,2.0,0.7546199900730727,1,11.0,0.6951656597305199,0,2.0,0.7800869573807414,2,15.0
3490.0,2,16.0,0.3404255319148936,10.660383304527878,0,2.0,0.7940762073763439,1,18.0,0.7768987509270852,1,2.0,0.7009270830198332,2,22.0
3495.0,3,22.0,0.4583333333333333,9.810176762669025,1,1.0,0.5387335080514466,1,23.0,0.8081761712830265,1,0.0,0.7951062779454149,3,24.0
3500.0,6,21.0,0.42,8.068136986222186,5,20.0,0.4009176997213948,1,3.0,0.5677484761542376,0,0.0,0.7122465511755336,6,23.0
3505.0,11,33.0,0.6226415094339622,6.802677851739719,5,33.0,0.2649413587036399,4,17.0,0.45907246908016025,2,7.0,0.6168992472239038,11,57.0
3510.0,4,26.0,0.49056603773584906,8.216833449358523,1,18.0,0.465466738931485,1,22.0,0.5130215394258164,2,17.0,0.6614520563914468,4,57.0
3515.0,5,19.0,0.34545454545454546,8.865992597381197,1,16.0,0.6824280172408059,2,12.0,0.5081594204449474,2,5.0,0.560759816494469,5,33.0
3520.0,9,38.0,0.6909090909090909,8.86243234454244,3,11.0,0.6005113493030415,2,18.0,0.6728405136921387,4,19.0,0.4819870912929361,9,48.0
3525.0,11,60.0,1.1538461538461537,7.227489493500493,6,33.0,0.4965733848268507,2,26.0,0.42367069182018524,3,20.0,0.49631236915594246,11,79.0
3530.0,6,18.0,0.36,6.604423623587632,4,38.0,0.37944204632458073,1,21.0,0.37539357473026147,1,12.0,0.5788643426260482,6,71.0
3535.0,7,31.0,0.5961538461538461,8.016855977949769,0,20.0,0.3710874097071609,4,22.0,0.5518196513810334,3,13.0,0.5607631493193559,7,55.0
3540.0,3,30.0,0.5660377358490566,9.413046042875632,0,4.0,0.4879450568225953,1,27.0,0.7258472784525629,2,23.0,0.6030184731735324,3,54.0
3545.0,2,33.0,0.6470588235294118,10.444573694360754,0,0.0,0.7578961528194914,0,9.0,0.7548678189024126,2,35.0,0.6912881153054284,2,44.0
3550.0,3,48.0,0.9795918367346939,10.539343460247958,0,0.0,0.7116917425478048,1,5.0,0.7585772090794056,2,45.0,0.7136594212037353,3,50.0
3555.0,4,8.0,0.16666666666666666,8.94294997126681,1,5.0,0.7173058617757391,2,2.0,0.4926375673750098,1,25.0,0.6417145066557836,4,32.0
3560.0,11,48.0,1.0212765957446808,7.469873665702941,1,10.0,0.6947910730911387,6,25.0,0.3185458126370955,4,15.0,0.463796186928693,11,50.0
3565.0,7,36.0,0.8181818181818182,5.716453449482143,1,15.0,0.7182363569791632,5,42.0,0.2028404513762705,1,14.0,0.2973498710337396,7,71.0
3570.0,5,7.0,0.15555555555555556,7.185129599890532,1,1.0,0.35784861797010875,3,38.0,0.3683786305672569,1,3.0,0.5847490160406593,5,42.0
3575.0,3,14.0,0.2978723404255319,9.628313996894798,3,14.0,0.5557894634694841,0,21.0,0.5318970893745795,0,2.0,0.8558299088655232,3,37.0
3580.0,2,0.0,0.0,10.28262553706472,1,6.0,0.6398524789062744,0,9.0,0.6793298497601652,1,2.0,0.8312163199500217,2,17.0
3585.0,2,3.0,0.06,11.189989797934409,0,0.0,0.7826156474745914,2,6.0,0.7181368391083641,0,0.0,0.7957309672771352,2,6.0
3590.0,2,1.0,0.018867924528301886,10.736958974158384,1,0.0,0.7236229480891546,1,4.0,0.5991956449207833,0,0.0,0.8723877847294049,2,4.0
3595.0,8,20.0,0.37037037037037035,9.350657621911505,0,0.0,0.7986298261909587,6,23.0,0.4652438060726549,2,0.0,0.606445309635414,8,23.0
3600.0,5,13.0,0.26,8.518554212447393,1,1.0,0.7537918490103728,3,34.0,0.4520329182359079,1,2.0,0.5184055657268984,5,37.0
